CSI_DATA,STA,08:3A:F2:A8:E0:C1,-30,11,0,0,0,0,0,0,0,0,0,-96,0,1,1,16873,0,34,0,0,0.206143,128,[34 32 2 0 0 0 0 0 0 0 0 0 30 -24 30 -22 30 -21 31 -21 29 -18 28 -15 28 -15 26 -13 26 -13 24 -11 25 -13 24 -12 22 -12 21 -11 19 -10 20 -12 18 -9 16 -9 15 -10 15 -10 13 -10 13 -11 11 -10 11 -12 10 -14 9 -14 0 0 8 -15 7 -16 7 -17 6 -17 6 -17 6 -18 6 -19 6 -18 5 -20 6 -19 5 -21 5 -19 5 -20 6 -21 6 -20 6 -21 5 -21 6 -20 6 -20 6 -19 6 -19 6 -19 6 -18 5 -19 5 -18 5 -17 0 0 0 0 0 0 0 0 0 0 ],1687784590.756497
CSI_DATA,STA,08:3A:F2:A8:E0:C1,-30,11,0,0,0,0,0,0,0,0,0,-96,0,1,1,29014,0,131,0,0,0.217857,128,[-125 48 8 0 0 0 0 0 0 0 0 0 42 10 40 12 40 12 41 13 36 13 33 14 32 13 29 14 29 13 27 14 29 14 27 13 25 12 24 12 22 11 24 10 21 10 19 8 19 7 19 6 18 4 19 3 16 3 18 2 19 0 19 -1 0 0 19 -3 19 -4 20 -5 19 -5 19 -5 20 -8 20 -8 20 -8 21 -9 20 -7 22 -8 21 -7 22 -8 23 -8 22 -7 23 -8 22 -9 22 -8 21 -7 21 -8 21 -7 20 -7 20 -7 20 -7 19 -6 18 -6 0 0 0 0 0 0 0 0 0 0 ],1687784590.76756
CSI_DATA,STA,08:3A:F2:A8:E0:C1,-30,11,0,0,0,0,0,0,0,0,0,-96,0,1,1,4034031,0,30,0,0,4.223,128,[30 -32 1 0 0 0 0 0 0 0 0 0 -9 -44 -7 -45 -6 -44 -6 -45 -3 -41 0 -38 -1 -36 -1 -33 0 -34 0 -31 -1 -33 -1 -32 -1 -28 -1 -27 -2 -26 -3 -28 -3 -22 -3 -21 -4 -22 -6 -21 -7 -19 -9 -19 -7 -17 -10 -18 -13 -18 -13 -17 0 0 -15 -15 -16 -15 -18 -14 -18 -14 -18 -15 -19 -14 -21 -14 -19 -14 -20 -14 -20 -12 -23 -13 -20 -12 -21 -13 -22 -13 -22 -13 -23 -14 -23 -14 -22 -15 -21 -13 -20 -13 -20 -14 -18 -14 -18 -14 -18 -14 -16 -14 -15 -14 0 0 0 0 0 0 0 0 0 0 ],1687784594.7755258
CSI_DATA,STA,08:3A:F2:A8:E0:C1,-30,11,0,0,0,0,0,0,0,0,0,-96,0,1,1,6474063,0,131,0,0,6.66341,128,[-125 48 8 0 0 0 0 0 0 0 0 0 -8 -39 -6 -38 -5 -38 -5 -39 -3 -35 -1 -32 -1 -31 0 -30 0 -30 1 -28 -1 -29 0 -28 0 -26 0 -25 0 -23 -2 -24 -1 -21 -1 -19 -2 -19 -3 -18 -4 -17 -5 -17 -4 -15 -7 -15 -8 -16 -9 -15 0 0 -11 -14 -11 -14 -13 -14 -13 -14 -13 -13 -14 -13 -15 -14 -14 -14 -16 -13 -15 -14 -17 -14 -15 -13 -16 -13 -17 -15 -16 -14 -17 -15 -17 -15 -16 -14 -15 -14 -16 -14 -15 -14 -15 -14 -15 -13 -15 -13 -14 -12 -13 -12 0 0 0 0 0 0 0 0 0 0 ],1687784597.2161138
CSI_DATA,STA,08:3A:F2:A8:E0:C1,-38,11,1,5,1,1,1,0,0,0,0,-96,0,1,1,6475316,0,135,0,0,6.66907,384,[-121 112 8 0 0 0 0 0 0 0 0 0 -17 -15 -15 -16 -16 -16 -15 -16 -14 -16 -12 -15 -11 -15 -10 -15 -10 -15 -9 -14 -9 -14 -9 -13 -8 -13 -8 -12 -8 -12 -8 -11 -8 -9 -7 -9 -8 -9 -8 -9 -7 -8 -7 -8 -8 -7 -8 -6 -9 -6 -9 -5 0 0 -9 -4 -9 -4 -10 -4 -10 -3 -11 -3 -11 -3 -11 -3 -11 -3 -12 -2 -11 -2 -12 -2 -12 -2 -12 -2 -12 -2 -12 -2 -12 -2 -12 -2 -12 -2 -12 -2 -11 -2 -11 -3 -11 -2 -11 -2 -11 -2 -11 -2 -10 -2 0 0 0 0 0 0 0 0 0 0 ],1687784597.2201731
CSI_DATA,STA,08:3A:F2:A8:E0:C1,-38,11,1,5,1,1,1,0,0,0,0,-96,0,1,1,6498977,0,239,0,0,6.68797,384,[-17 -16 14 0 0 0 0 0 0 0 0 0 20 9 19 10 18 10 18 11 17 11 15 11 14 10 13 10 13 11 12 10 12 9 11 10 11 9 11 9 10 8 9 7 9 7 8 6 9 5 9 5 9 5 8 4 8 3 9 3 9 2 9 1 0 0 9 0 9 0 10 0 9 -1 10 -1 10 -1 11 -1 10 -2 11 -2 10 -2 11 -2 11 -2 11 -2 11 -3 11 -2 11 -3 11 -3 11 -3 11 -2 10 -3 11 -2 10 -2 10 -2 10 -3 10 -2 9 -3 0 0 0 0 0 0 0 0 0 0 ],1687784597.238883
CSI_DATA,STA,08:3A:F2:A8:E0:C1,-30,11,0,0,0,0,0,0,0,0,0,-96,0,1,1,8013576,0,37,0,0,8.2028,128,[37 80 2 0 0 0 0 0 0 0 0 0 35 -16 34 -13 35 -14 34 -13 33 -11 30 -8 29 -8 28 -6 28 -6 27 -5 27 -7 26 -6 24 -6 23 -6 20 -5 22 -7 19 -5 18 -5 16 -6 16 -7 15 -7 15 -8 13 -8 13 -10 13 -11 11 -12 0 0 11 -13 11 -14 10 -14 10 -15 9 -14 9 -16 9 -17 9 -17 9 -18 10 -18 9 -19 9 -17 9 -18 10 -18 10 -18 10 -18 10 -19 10 -18 10 -17 9 -18 10 -17 10 -17 9 -17 9 -17 9 -16 8 -15 0 0 0 0 0 0 0 0 0 0 ],1687784598.753251
CSI_DATA,STA,08:3A:F2:A8:E0:C1,-38,11,1,5,1,1,1,0,0,0,0,-96,0,1,1,8014765,0,82,0,0,8.20781,384,[82 -96 4 0 0 0 0 0 0 0 0 0 10 -20 10 -20 10 -19 11 -18 11 -16 10 -16 11 -14 11 -13 11 -14 10 -13 10 -13 10 -12 9 -11 8 -11 8 -10 7 -10 7 -10 6 -9 5 -9 5 -9 5 -9 4 -9 3 -9 2 -9 2 -9 2 -10 0 0 1 -10 0 -10 0 -10 -1 -11 -1 -11 -1 -11 -1 -11 -1 -11 -2 -11 -2 -11 -2 -12 -2 -12 -2 -12 -2 -12 -3 -12 -3 -12 -2 -12 -2 -11 -2 -11 -2 -11 -2 -12 -2 -11 -2 -11 -3 -11 -2 -11 -2 -10 0 0 0 0 0 0 0 0 0 0 ],1687784598.757171
CSI_DATA,STA,08:3A:F2:A8:E0:C1,-30,11,0,0,0,0,0,0,0,0,0,-96,0,1,1,8030531,0,37,0,0,8.21939,128,[37 80 2 0 0 0 0 0 0 0 0 0 -13 -37 -11 -36 -11 -37 -11 -37 -8 -35 -6 -31 -6 -31 -4 -30 -4 -29 -4 -28 -5 -29 -4 -28 -5 -25 -4 -24 -3 -22 -5 -24 -4 -20 -4 -19 -5 -18 -5 -17 -6 -16 -7 -16 -7 -14 -9 -15 -11 -14 -11 -13 0 0 -12 -12 -14 -12 -14 -12 -15 -11 -14 -11 -16 -10 -17 -11 -16 -11 -18 -11 -17 -11 -19 -11 -17 -11 -18 -11 -19 -11 -18 -12 -18 -11 -19 -12 -18 -11 -17 -11 -17 -11 -17 -11 -17 -11 -17 -11 -17 -10 -16 -10 -15 -9 0 0 0 0 0 0 0 0 0 0 ],1687784598.771638
CSI_DATA,STA,08:3A:F2:A8:E0:C1,-38,11,1,5,1,1,1,1,0,0,0,-96,1,1,1,8033130,0,110,0,0,8.22563,384,[110 96 6 0 0 0 0 0 0 0 0 0 10 -18 10 -17 10 -16 11 -16 10 -14 10 -13 11 -12 10 -12 11 -11 9 -11 9 -11 9 -10 8 -10 8 -9 8 -9 7 -9 7 -8 6 -8 5 -8 5 -8 5 -8 4 -8 3 -8 3 -8 3 -8 2 -8 0 0 2 -9 1 -9 1 -9 0 -9 0 -9 0 -10 0 -10 -1 -10 0 -10 -1 -10 -2 -10 -1 -11 -1 -11 -1 -11 -1 -11 -1 -10 -1 -11 -1 -11 -1 -10 -1 -10 -1 -10 -1 -10 -1 -10 -2 -10 -1 -10 -1 -9 0 0 0 0 0 0 0 0 0 0 ],1687784598.775352
CSI_DATA,STA,08:3A:F2:A8:E0:C1,-40,11,1,7,1,1,1,1,0,0,0,-96,2,1,1,8055059,0,110,0,0,8.24393,384,[110 96 6 0 0 0 0 0 0 0 0 0 -19 16 -19 16 -19 14 -19 13 -18 13 -18 12 -18 10 -17 10 -17 9 -17 9 -16 8 -15 8 -14 7 -14 7 -13 7 -13 7 -12 7 -11 6 -10 7 -9 7 -8 7 -8 7 -8 8 -7 8 -6 8 -6 8 0 0 -5 9 -4 10 -4 10 -4 10 -3 11 -3 11 -4 11 -3 12 -3 12 -3 12 -3 12 -2 13 -2 13 -2 13 -3 12 -2 12 -2 12 -2 12 -2 12 -2 12 -2 12 -3 12 -2 11 -2 11 -2 11 -2 11 0 0 0 0 0 0 0 0 0 0 ],1687784598.795376
CSI_DATA,STA,08:3A:F2:A8:E0:C1,-37,11,1,4,1,1,1,1,0,0,0,-96,3,1,1,8059500,0,110,0,0,8.24892,384,[110 96 6 0 0 0 0 0 0 0 0 0 -14 -22 -13 -22 -13 -21 -12 -22 -10 -20 -9 -20 -8 -19 -7 -19 -7 -19 -6 -17 -6 -17 -6 -17 -6 -16 -6 -15 -5 -15 -6 -14 -5 -13 -5 -12 -6 -12 -6 -11 -6 -11 -7 -10 -6 -9 -8 -9 -8 -9 -8 -8 0 0 -9 -8 -10 -7 -11 -6 -10 -6 -11 -6 -11 -6 -12 -7 -12 -6 -12 -6 -12 -5 -13 -5 -13 -6 -13 -6 -13 -5 -13 -6 -13 -5 -13 -6 -13 -5 -12 -5 -12 -5 -12 -6 -12 -6 -12 -5 -12 -4 -11 -5 -11 -5 0 0 0 0 0 0 0 0 0 0 ],1687784598.798709
CSI_DATA,STA,08:3A:F2:A8:E0:C1,-39,11,1,6,1,1,1,1,0,0,0,-96,1,1,1,8070580,0,110,0,0,8.25923,384,[110 96 6 0 0 0 0 0 0 0 0 0 6 21 5 21 5 20 4 20 3 19 2 19 1 18 1 17 0 17 1 16 1 15 0 15 1 14 1 13 1 13 0 12 1 11 1 11 2 10 2 10 2 9 2 9 3 8 4 8 4 8 4 8 0 0 5 7 6 7 6 7 6 7 7 7 7 7 7 7 7 7 8 7 8 7 8 7 8 7 8 7 8 7 8 7 8 7 9 7 8 6 8 7 8 6 8 7 7 7 8 7 8 6 7 6 7 6 0 0 0 0 0 0 0 0 0 0 ],1687784598.808658
CSI_DATA,STA,08:3A:F2:A8:E0:C1,-40,11,1,7,1,1,1,1,0,0,0,-96,1,1,1,8078156,0,110,0,0,8.2668,384,[110 96 6 0 0 0 0 0 0 0 0 0 -24 9 -23 7 -24 6 -23 4 -23 4 -21 4 -21 3 -20 2 -19 1 -19 2 -18 2 -17 2 -16 1 -16 2 -15 1 -14 2 -14 2 -13 2 -12 2 -12 2 -11 3 -11 3 -10 4 -9 4 -9 5 -9 6 0 0 -9 6 -9 7 -8 7 -8 8 -8 8 -8 8 -8 9 -9 9 -8 9 -8 10 -8 10 -8 10 -8 10 -8 10 -8 10 -8 10 -8 10 -8 10 -8 10 -8 9 -8 9 -8 9 -8 9 -7 9 -7 9 -7 9 0 0 0 0 0 0 0 0 0 0 ],1687784598.816577
CSI_DATA,STA,08:3A:F2:A8:E0:C1,-38,11,1,5,1,1,1,1,0,0,0,-96,1,1,1,8087465,0,110,0,0,8.27608,384,[110 96 6 0 0 0 0 0 0 0 0 0 26 5 26 5 25 5 25 7 23 6 21 8 20 8 19 8 18 8 18 8 17 8 16 7 16 7 16 6 14 6 14 5 13 5 12 4 12 4 12 3 12 2 11 2 11 1 11 0 12 0 11 -1 0 0 11 -2 11 -2 12 -3 11 -4 12 -4 13 -4 13 -4 12 -5 13 -6 12 -6 12 -6 13 -5 13 -6 12 -6 13 -6 13 -6 13 -6 13 -6 12 -6 12 -5 12 -5 12 -5 12 -5 11 -5 11 -5 10 -5 0 0 0 0 0 0 0 0 0 0 ],1687784598.825967
CSI_DATA,STA,08:3A:F2:A8:E0:C1,-39,11,1,6,1,1,1,1,0,0,0,-96,1,1,1,8101914,0,110,0,0,8.29093,384,[110 96 6 0 0 0 0 0 0 0 0 0 -24 3 -24 2 -24 2 -23 0 -22 0 -21 -1 -20 -1 -19 -1 -19 -2 -18 -2 -17 -3 -17 -3 -16 -2 -16 -2 -15 -2 -14 -1 -13 -1 -12 0 -12 0 -12 0 -11 0 -11 1 -10 2 -10 2 -10 2 -10 4 0 0 -10 5 -9 5 -9 6 -9 6 -10 6 -9 7 -10 7 -9 7 -10 8 -10 8 -9 8 -10 8 -10 8 -10 9 -10 8 -10 8 -9 8 -9 8 -9 8 -9 8 -9 8 -9 8 -9 8 -8 7 -8 7 -9 7 0 0 0 0 0 0 0 0 0 0 ],1687784598.841616
CSI_DATA,STA,08:3A:F2:A8:E0:C1,-38,11,1,5,1,1,1,1,0,0,0,-96,1,1,1,8116007,0,110,0,0,8.30468,384,[110 96 6 0 0 0 0 0 0 0 0 0 11 21 9 20 9 21 8 20 8 20 6 19 5 18 5 17 4 17 4 17 4 16 3 16 4 15 3 14 3 13 3 13 3 11 3 11 4 11 4 10 4 9 4 9 5 8 6 8 6 8 6 7 0 0 7 6 8 7 8 6 8 6 9 6 9 6 9 6 9 6 10 5 10 5 10 5 10 6 11 6 10 5 11 5 11 5 11 5 11 5 11 5 10 5 10 6 10 5 10 5 9 5 9 5 9 5 0 0 0 0 0 0 0 0 0 0 ],1687784598.854938
CSI_DATA,STA,08:3A:F2:A8:E0:C1,-39,11,1,6,1,1,1,1,0,0,0,-96,1,1,1,8117948,0,110,0,0,8.30887,384,[110 96 6 0 0 0 0 0 0 0 0 0 13 -21 14 -20 13 -18 15 -18 14 -16 14 -16 14 -14 13 -13 14 -13 12 -12 12 -12 12 -11 11 -11 11 -11 11 -10 9 -10 9 -9 8 -9 7 -9 7 -9 6 -9 6 -9 5 -9 4 -10 4 -10 3 -11 0 0 2 -11 2 -10 1 -11 1 -11 0 -12 1 -12 1 -12 0 -13 0 -13 0 -12 -1 -13 -1 -13 -1 -13 0 -14 -1 -13 -1 -13 -1 -13 -1 -14 0 -13 -1 -13 0 -13 0 -13 -1 -12 -1 -12 -1 -12 -1 -11 0 0 0 0 0 0 0 0 0 0 ],1687784598.8593988
CSI_DATA,STA,08:3A:F2:A8:E0:C1,-39,11,1,6,1,1,1,1,0,0,0,-96,1,1,1,8132910,0,110,0,0,8.32157,384,[110 96 6 0 0 0 0 0 0 0 0 0 -9 21 -9 20 -10 19 -10 18 -10 17 -10 16 -10 15 -10 14 -10 14 -10 13 -10 12 -10 11 -9 11 -9 11 -8 10 -8 10 -7 9 -7 10 -6 8 -5 9 -5 9 -4 9 -4 8 -3 8 -2 9 -2 8 0 0 -1 9 0 10 0 9 0 10 1 9 1 10 1 10 1 10 2 10 1 10 1 11 1 11 1 11 2 11 2 11 2 10 1 11 2 10 2 11 2 10 2 11 1 10 1 10 1 10 1 10 1 9 0 0 0 0 0 0 0 0 0 0 ],1687784598.872046
CSI_DATA,STA,08:3A:F2:A8:E0:C1,-39,11,1,6,1,1,1,1,0,0,0,-96,2,1,1,8146610,0,110,0,0,8.3354,384,[110 96 6 0 0 0 0 0 0 0 0 0 16 14 15 15 15 14 13 14 13 14 11 14 10 14 10 13 9 13 9 13 9 12 8 12 8 12 8 11 7 10 7 9 6 9 7 8 7 7 7 7 7 6 7 6 7 5 8 4 8 4 8 3 0 0 9 3 9 2 9 2 9 1 10 1 10 1 10 2 10 1 11 1 10 0 10 0 11 0 11 0 11 0 11 0 11 0 11 0 11 0 11 0 10 0 11 0 10 0 10 0 10 -1 10 0 9 0 0 0 0 0 0 0 0 0 0 0 ],1687784598.886206
CSI_DATA,STA,08:3A:F2:A8:E0:C1,-39,11,1,6,1,1,1,1,0,0,0,-96,1,1,1,8161206,0,110,0,0,8.34995,384,[110 96 6 0 0 0 0 0 0 0 0 0 -25 -5 -23 -6 -24 -6 -23 -7 -22 -7 -19 -8 -19 -8 -18 -9 -17 -8 -17 -8 -16 -8 -15 -8 -15 -7 -15 -7 -14 -7 -14 -6 -12 -5 -12 -5 -12 -5 -11 -4 -11 -4 -11 -3 -11 -2 -11 -2 -11 -1 -11 0 0 0 -11 1 -11 1 -11 2 -11 2 -11 2 -11 2 -12 3 -12 3 -12 4 -12 4 -12 4 -13 4 -13 4 -13 4 -13 4 -12 4 -12 4 -12 3 -12 4 -12 3 -12 3 -12 3 -12 4 -11 4 -11 3 -11 3 0 0 0 0 0 0 0 0 0 0 ],1687784598.899652
CSI_DATA,STA,08:3A:F2:A8:E0:C1,-37,11,1,4,1,1,1,1,0,0,0,-96,1,1,1,8175925,0,110,0,0,8.36472,384,[110 96 6 0 0 0 0 0 0 0 0 0 -13 -19 -12 -19 -12 -18 -11 -19 -10 -18 -8 -17 -7 -17 -6 -17 -6 -17 -6 -16 -6 -16 -6 -15 -6 -14 -6 -14 -5 -13 -5 -12 -5 -11 -5 -11 -6 -10 -5 -10 -5 -9 -6 -9 -5 -8 -7 -8 -8 -8 -7 -7 0 0 -8 -6 -8 -6 -9 -6 -9 -5 -10 -5 -10 -6 -10 -6 -10 -6 -11 -6 -11 -5 -11 -4 -11 -5 -11 -5 -11 -5 -11 -5 -11 -4 -12 -5 -11 -4 -11 -5 -10 -4 -11 -5 -11 -5 -10 -5 -11 -4 -10 -5 -10 -4 0 0 0 0 0 0 0 0 0 0 ],1687784598.914957
CSI_DATA,STA,08:3A:F2:A8:E0:C1,-39,11,1,6,1,1,1,1,0,0,0,-96,1,1,1,8178194,0,110,0,0,8.37007,384,[110 96 6 0 0 0 0 0 0 0 0 0 -18 17 -18 16 -18 15 -18 14 -17 13 -17 12 -17 11 -17 10 -16 10 -16 9 -15 9 -15 8 -14 8 -13 7 -12 7 -12 8 -11 8 -10 7 -9 7 -9 7 -8 7 -8 7 -7 8 -6 8 -6 8 -6 8 0 0 -5 9 -3 10 -3 10 -3 11 -3 11 -3 11 -3 11 -3 11 -2 11 -2 12 -2 12 -2 12 -2 12 -2 12 -1 13 -1 12 -2 12 -1 12 -2 12 -1 11 -2 11 -1 11 -2 11 -2 11 -2 11 -1 10 0 0 0 0 0 0 0 0 0 0 ],1687784598.9199018
CSI_DATA,STA,08:3A:F2:A8:E0:C1,-39,11,1,6,1,1,1,1,0,0,0,-96,1,1,1,8191047,0,110,0,0,8.37968,384,[110 96 6 0 0 0 0 0 0 0 0 0 13 -22 13 -21 13 -19 14 -18 14 -17 13 -16 13 -15 13 -15 13 -13 12 -13 12 -13 11 -12 11 -12 10 -11 10 -11 9 -11 9 -10 8 -10 7 -10 7 -9 6 -9 6 -10 5 -10 3 -10 3 -10 3 -11 0 0 2 -11 1 -11 1 -11 1 -11 0 -12 0 -12 0 -12 0 -13 0 -13 -1 -13 -1 -13 -1 -13 -1 -13 0 -14 0 -13 -1 -13 0 -13 -1 -13 0 -13 -1 -13 -1 -13 0 -13 -1 -12 -1 -12 -1 -12 -1 -12 0 0 0 0 0 0 0 0 0 0 ],1687784598.929929
CSI_DATA,STA,08:3A:F2:A8:E0:C1,-40,11,1,7,1,1,1,1,0,0,0,-96,1,1,1,8197733,0,110,0,0,8.38645,384,[110 96 6 0 0 0 0 0 0 0 0 0 -22 6 -22 5 -22 4 -21 3 -20 3 -19 2 -19 2 -18 1 -18 1 -17 1 -16 1 -15 1 -15 1 -14 0 -14 1 -13 1 -12 1 -12 1 -11 1 -10 2 -10 2 -10 2 -9 3 -9 4 -9 4 -9 5 0 0 -8 6 -8 6 -7 6 -8 7 -7 7 -7 8 -8 8 -7 8 -7 8 -7 9 -7 9 -7 9 -7 9 -7 9 -7 9 -7 9 -7 9 -7 9 -7 9 -7 9 -7 9 -7 9 -7 8 -6 8 -6 8 -6 8 0 0 0 0 0 0 0 0 0 0 ],1687784598.936801
CSI_DATA,STA,08:3A:F2:A8:E0:C1,-38,11,1,5,1,1,1,1,0,0,0,-96,1,1,1,8209913,0,110,0,0,8.39882,384,[110 96 6 0 0 0 0 0 0 0 0 0 24 -5 23 -4 23 -4 22 -2 22 -2 19 -1 19 0 18 0 18 0 18 1 17 1 16 1 15 1 14 1 14 1 14 -1 12 0 12 -1 11 -1 11 -2 10 -2 10 -2 10 -3 9 -4 9 -4 9 -5 0 0 9 -6 9 -7 8 -6 8 -8 8 -8 9 -8 9 -8 8 -9 8 -9 9 -9 8 -10 8 -9 9 -9 8 -9 9 -10 8 -9 9 -10 8 -9 8 -9 8 -9 8 -9 8 -9 8 -9 8 -9 7 -8 7 -8 0 0 0 0 0 0 0 0 0 0 ],1687784598.948779
CSI_DATA,STA,08:3A:F2:A8:E0:C1,-37,11,1,4,1,1,1,1,0,0,0,-96,1,1,1,8224141,0,110,0,0,8.41299,384,[110 96 6 0 0 0 0 0 0 0 0 0 -25 -4 -25 -5 -24 -5 -24 -6 -23 -6 -20 -7 -19 -7 -18 -7 -18 -8 -17 -8 -17 -7 -16 -7 -16 -8 -15 -7 -15 -7 -14 -5 -13 -5 -12 -4 -12 -4 -12 -4 -11 -3 -12 -3 -11 -2 -11 -1 -12 0 -11 1 0 0 -12 2 -12 2 -11 3 -11 4 -12 3 -12 4 -13 4 -12 4 -13 5 -12 4 -12 5 -13 5 -13 5 -12 5 -12 5 -12 5 -13 5 -12 5 -12 5 -11 4 -12 4 -12 4 -12 4 -11 5 -11 4 -11 4 0 0 0 0 0 0 0 0 0 0 ],1687784598.963202
CSI_DATA,STA,08:3A:F2:A8:E0:C1,-39,11,1,6,1,1,1,1,0,0,0,-96,1,1,1,8234891,0,110,0,0,8.42355,384,[110 96 6 0 0 0 0 0 0 0 0 0 -9 23 -9 22 -10 21 -10 20 -11 19 -10 18 -11 17 -11 16 -11 15 -10 15 -10 15 -10 14 -9 13 -8 12 -8 11 -8 12 -7 11 -7 11 -5 10 -5 10 -5 9 -4 9 -3 9 -2 10 -2 10 -2 10 0 0 -1 10 1 10 1 10 1 11 2 11 1 11 2 11 2 11 2 11 3 12 3 11 3 12 3 12 3 12 3 12 3 11 3 12 3 11 3 11 3 11 3 11 3 11 3 11 3 10 2 11 3 10 0 0 0 0 0 0 0 0 0 0 ],1687784598.973655
CSI_DATA,STA,08:3A:F2:A8:E0:C1,-39,11,1,6,1,1,1,1,0,0,0,-96,1,1,1,8242799,0,110,0,0,8.4314,384,[110 96 6 0 0 0 0 0 0 0 0 0 0 25 -1 24 -1 23 -2 22 -3 21 -3 20 -4 20 -4 19 -4 18 -4 17 -4 17 -4 16 -3 15 -3 15 -3 14 -3 14 -3 12 -2 12 -1 11 -1 11 0 11 0 10 1 10 2 10 2 10 3 10 0 0 3 9 4 9 5 9 5 9 5 9 6 9 6 10 7 10 6 10 6 10 7 10 7 10 7 10 7 10 7 9 8 10 8 10 8 9 7 9 7 9 7 9 6 9 7 9 7 8 7 9 6 8 0 0 0 0 0 0 0 0 0 0 ],1687784598.9808261
CSI_DATA,STA,08:3A:F2:A8:E0:C1,-39,11,1,6,1,1,1,1,0,0,0,-96,1,1,1,8250334,0,110,0,0,8.43895,384,[110 96 6 0 0 0 0 0 0 0 0 0 24 2 24 2 23 3 23 4 21 4 20 5 19 5 18 5 18 5 17 5 15 5 15 5 15 5 14 4 14 4 13 4 12 4 11 2 11 2 11 2 10 2 10 1 10 0 10 0 10 -1 10 -2 0 0 10 -3 10 -3 10 -4 10 -4 10 -4 10 -5 11 -5 11 -6 11 -6 11 -6 11 -6 11 -6 11 -6 12 -6 11 -6 12 -6 11 -6 11 -6 11 -6 10 -6 11 -5 11 -5 11 -5 10 -5 10 -5 10 -5 0 0 0 0 0 0 0 0 0 0 ],1687784598.9886248
CSI_DATA,STA,08:3A:F2:A8:E0:C1,-40,11,1,7,1,1,1,1,0,0,0,-96,1,1,1,8257855,0,110,0,0,8.44668,384,[110 96 6 0 0 0 0 0 0 0 0 0 -19 -14 -18 -15 -17 -14 -17 -15 -15 -14 -14 -14 -13 -14 -13 -14 -12 -13 -11 -13 -11 -12 -10 -12 -10 -12 -10 -11 -10 -11 -9 -10 -9 -9 -8 -8 -9 -8 -9 -8 -9 -7 -9 -7 -9 -5 -9 -5 -9 -5 -9 -4 0 0 -10 -3 -10 -3 -10 -3 -10 -2 -11 -2 -11 -2 -11 -1 -12 -1 -12 -1 -12 -1 -12 -1 -12 -1 -12 0 -12 0 -12 -1 -12 0 -12 0 -12 -1 -11 -1 -12 -1 -12 -1 -12 -1 -11 -1 -11 0 -11 -1 -11 0 0 0 0 0 0 0 0 0 0 0 ],1687784598.996949
CSI_DATA,STA,08:3A:F2:A8:E0:C1,-39,11,1,6,1,1,1,1,0,0,0,-96,1,1,1,8269171,0,110,0,0,8.45788,384,[110 96 6 0 0 0 0 0 0 0 0 0 2 25 0 24 0 23 -1 23 -2 21 -2 21 -3 19 -3 19 -4 19 -3 17 -3 17 -3 16 -3 15 -3 15 -2 14 -2 14 -2 13 -1 12 -1 12 0 11 0 10 1 10 1 10 2 10 2 9 3 10 0 0 4 9 4 9 5 9 5 9 6 9 6 9 6 10 7 9 7 9 7 9 7 9 8 9 8 9 8 10 8 9 8 9 8 9 8 9 8 9 8 9 7 9 7 9 7 8 7 8 7 8 7 8 0 0 0 0 0 0 0 0 0 0 ],1687784599.007696
CSI_DATA,STA,08:3A:F2:A8:E0:C1,-37,11,1,4,1,1,1,1,0,0,0,-96,1,1,1,8282142,0,110,0,0,8.4709,384,[110 96 6 0 0 0 0 0 0 0 0 0 -23 5 -21 4 -22 3 -22 2 -21 2 -19 1 -19 0 -18 0 -17 -1 -17 -1 -17 0 -16 -1 -15 -1 -14 -1 -13 -1 -14 1 -12 0 -12 0 -11 1 -10 1 -10 1 -10 2 -10 2 -9 3 -10 4 -9 4 0 0 -9 5 -8 6 -8 6 -8 7 -8 7 -8 7 -9 7 -8 8 -8 8 -7 8 -7 9 -8 9 -7 9 -7 9 -8 9 -7 9 -8 9 -7 9 -7 9 -7 8 -7 8 -7 8 -7 8 -6 9 -6 8 -6 8 0 0 0 0 0 0 0 0 0 0 ],1687784599.020973
CSI_DATA,STA,08:3A:F2:A8:E0:C1,-39,11,1,6,1,1,1,1,0,0,0,-96,1,1,1,8292994,0,110,0,0,8.4816,384,[110 96 6 0 0 0 0 0 0 0 0 0 -13 21 -14 20 -14 18 -15 18 -14 17 -14 16 -14 14 -14 14 -14 14 -13 12 -13 12 -13 11 -12 11 -11 10 -10 10 -10 10 -9 9 -8 9 -7 9 -7 8 -6 9 -6 9 -5 9 -4 9 -4 10 -4 10 0 0 -3 10 -1 10 -1 10 -1 11 -1 11 0 12 0 11 0 12 0 12 1 12 1 12 1 12 1 12 1 13 1 12 1 12 1 12 1 12 1 12 1 12 1 12 0 12 1 11 1 11 1 11 1 11 0 0 0 0 0 0 0 0 0 0 ],1687784599.0317912
CSI_DATA,STA,08:3A:F2:A8:E0:C1,-40,11,1,6,1,1,1,1,0,0,0,-95,1,1,1,8301979,0,110,0,0,8.49071,384,[110 96 6 0 0 0 0 0 0 0 0 0 -25 -3 -25 -4 -24 -4 -23 -6 -22 -5 -21 -6 -20 -6 -18 -6 -18 -7 -17 -6 -17 -6 -16 -6 -16 -6 -15 -5 -15 -6 -14 -4 -13 -4 -12 -3 -12 -3 -12 -3 -12 -2 -12 -2 -11 0 -11 0 -11 1 -11 2 0 0 -11 3 -11 3 -11 3 -10 4 -11 4 -11 5 -11 5 -12 5 -12 6 -11 6 -11 7 -12 6 -12 7 -12 7 -11 6 -11 6 -11 7 -11 6 -11 6 -11 6 -11 6 -11 6 -10 6 -10 6 -10 6 -10 6 0 0 0 0 0 0 0 0 0 0 ],1687784599.0404842
CSI_DATA,STA,08:3A:F2:A8:E0:C1,-40,11,1,6,1,1,1,1,0,0,0,-95,1,1,1,8324906,0,110,0,0,8.514,384,[110 96 6 0 0 0 0 0 0 0 0 0 22 9 21 10 20 10 19 11 19 10 17 11 16 11 15 11 14 11 14 11 13 10 13 10 13 9 12 9 11 9 11 7 10 7 9 6 10 6 10 6 9 5 9 5 9 4 10 2 10 2 10 1 0 0 10 0 10 0 10 0 11 -1 11 -1 11 -1 12 -1 12 -2 12 -2 12 -2 12 -3 12 -2 13 -2 12 -2 12 -2 12 -3 12 -3 12 -2 12 -2 11 -2 12 -2 12 -2 11 -2 11 -3 11 -2 10 -2 0 0 0 0 0 0 0 0 0 0 ],1687784599.064107
CSI_DATA,STA,08:3A:F2:A8:E0:C1,-40,11,1,6,1,1,1,1,0,0,0,-95,3,1,1,8340042,0,110,0,0,8.52886,384,[110 96 6 0 0 0 0 0 0 0 0 0 6 -25 7 -24 7 -22 8 -22 8 -20 8 -20 8 -18 9 -18 9 -17 7 -16 8 -16 8 -15 7 -15 6 -14 6 -14 6 -13 6 -12 4 -12 4 -12 3 -11 3 -11 2 -11 2 -11 0 -11 0 -11 0 -11 0 0 -1 -11 -2 -11 -3 -11 -3 -11 -4 -12 -4 -12 -3 -12 -4 -12 -4 -12 -5 -12 -5 -12 -5 -13 -5 -12 -5 -13 -5 -12 -5 -12 -5 -12 -5 -12 -5 -12 -5 -12 -5 -12 -5 -12 -4 -11 -5 -11 -5 -11 -5 -11 0 0 0 0 0 0 0 0 0 0 ],1687784599.079711
CSI_DATA,STA,08:3A:F2:A8:E0:C1,-39,11,1,5,1,1,1,1,0,0,0,-95,1,1,1,8349145,0,110,0,0,8.53777,384,[110 96 6 0 0 0 0 0 0 0 0 0 -13 18 -13 17 -13 16 -14 16 -13 14 -13 13 -13 13 -12 12 -13 11 -12 10 -12 10 -12 9 -11 9 -11 9 -10 8 -10 9 -9 8 -8 8 -7 8 -7 7 -6 8 -6 8 -5 7 -5 8 -4 8 -4 8 0 0 -3 9 -3 9 -2 9 -2 10 -1 10 -1 10 -1 10 -1 10 -1 11 -1 10 -1 11 -1 11 0 11 0 11 0 11 0 11 0 11 0 11 0 11 0 10 0 10 0 11 -1 10 0 10 0 10 0 9 0 0 0 0 0 0 0 0 0 0 ],1687784599.089123
CSI_DATA,STA,08:3A:F2:A8:E0:C1,-40,11,1,6,1,1,1,1,0,0,0,-95,1,1,1,8357892,0,110,0,0,8.54662,384,[110 96 6 0 0 0 0 0 0 0 0 0 -17 19 -18 18 -17 16 -18 15 -17 14 -17 13 -17 12 -16 12 -17 11 -15 10 -15 10 -15 9 -13 9 -13 9 -12 8 -12 8 -11 7 -10 8 -10 7 -9 7 -8 8 -8 7 -7 8 -6 8 -6 8 -6 9 0 0 -5 10 -4 10 -4 10 -4 10 -3 11 -3 11 -3 11 -3 12 -3 12 -3 12 -2 12 -3 12 -2 13 -3 13 -3 12 -2 12 -2 12 -3 12 -3 12 -3 12 -3 12 -3 12 -3 11 -2 11 -2 11 -2 10 0 0 0 0 0 0 0 0 0 0 ],1687784599.09735
CSI_DATA,STA,08:3A:F2:A8:E0:C1,-40,11,1,6,1,1,1,1,0,0,0,-95,1,1,1,8367726,0,110,0,0,8.55647,384,[110 96 6 0 0 0 0 0 0 0 0 0 4 -26 5 -25 5 -24 6 -23 6 -22 6 -20 7 -20 7 -19 7 -18 7 -17 7 -17 6 -16 5 -15 5 -15 5 -14 4 -14 4 -13 4 -13 2 -12 2 -12 2 -11 1 -11 1 -11 -1 -11 -1 -11 -1 -11 0 0 -2 -11 -3 -11 -4 -11 -4 -11 -5 -12 -5 -12 -5 -12 -6 -12 -6 -12 -6 -12 -7 -12 -7 -12 -7 -12 -6 -12 -7 -12 -7 -11 -7 -13 -7 -12 -6 -12 -7 -12 -6 -12 -6 -11 -6 -11 -7 -11 -6 -11 -6 -10 0 0 0 0 0 0 0 0 0 0 ],1687784599.106925
CSI_DATA,STA,08:3A:F2:A8:E0:C1,-38,11,1,4,1,1,1,1,0,0,0,-95,1,1,1,8380648,0,110,0,0,8.56938,384,[110 96 6 0 0 0 0 0 0 0 0 0 -7 22 -7 20 -7 21 -8 19 -8 18 -8 16 -9 16 -9 15 -9 15 -8 14 -9 14 -8 13 -7 12 -7 12 -7 11 -6 12 -5 10 -5 10 -4 10 -4 9 -4 9 -3 9 -3 9 -1 9 -1 9 -1 9 0 0 0 9 2 9 2 9 2 10 2 10 2 10 3 11 3 10 3 10 3 10 4 11 4 11 4 11 4 10 5 10 5 10 5 11 4 10 4 10 4 9 4 10 4 10 4 9 4 9 3 9 4 8 0 0 0 0 0 0 0 0 0 0 ],1687784599.119828
CSI_DATA,STA,08:3A:F2:A8:E0:C1,-39,11,1,5,1,1,1,1,0,0,0,-95,1,1,1,8389300,0,110,0,0,8.57808,384,[110 96 6 0 0 0 0 0 0 0 0 0 -17 16 -17 14 -16 14 -17 13 -16 11 -16 10 -15 9 -15 9 -16 8 -14 8 -14 8 -14 7 -13 7 -12 6 -12 6 -12 7 -10 6 -10 6 -9 6 -9 6 -8 6 -8 6 -7 6 -6 7 -6 7 -6 7 0 0 -5 8 -4 8 -4 9 -4 9 -4 9 -3 9 -4 10 -3 10 -4 10 -3 10 -3 11 -3 11 -3 11 -3 11 -3 11 -2 11 -3 11 -3 10 -3 10 -3 10 -4 10 -3 10 -3 10 -2 9 -3 10 -2 9 0 0 0 0 0 0 0 0 0 0 ],1687784599.128706
CSI_DATA,STA,08:3A:F2:A8:E0:C1,-39,11,1,5,1,1,1,1,0,0,0,-95,1,1,1,8400692,0,110,0,0,8.58945,384,[110 96 6 0 0 0 0 0 0 0 0 0 -25 5 -23 4 -24 4 -23 2 -23 2 -21 1 -21 0 -19 0 -19 0 -19 -1 -19 0 -17 -1 -16 0 -16 0 -15 -1 -15 0 -13 0 -13 1 -12 1 -12 1 -11 1 -11 2 -11 3 -10 4 -10 4 -10 5 0 0 -9 6 -9 6 -9 6 -9 7 -9 7 -8 8 -9 8 -8 8 -9 9 -9 9 -8 9 -9 10 -9 10 -8 9 -9 10 -8 10 -9 10 -8 9 -8 9 -8 9 -8 9 -8 9 -8 9 -7 9 -8 8 -7 8 0 0 0 0 0 0 0 0 0 0 ],1687784599.139748
CSI_DATA,STA,08:3A:F2:A8:E0:C1,-39,11,1,5,1,1,1,1,0,0,0,-95,1,1,1,8411930,0,110,0,0,8.60079,384,[110 96 6 0 0 0 0 0 0 0 0 0 23 -9 22 -7 22 -6 22 -5 21 -5 20 -4 19 -3 18 -3 18 -3 17 -2 16 -2 16 -2 15 -2 15 -2 14 -2 13 -3 12 -3 11 -3 11 -3 11 -3 10 -3 10 -4 9 -5 8 -5 9 -6 8 -7 0 0 8 -7 7 -7 7 -8 7 -9 7 -9 7 -9 7 -9 7 -10 7 -10 7 -11 6 -11 7 -11 7 -11 7 -11 7 -10 6 -11 7 -11 6 -11 7 -10 6 -10 7 -11 7 -10 6 -10 5 -10 6 -10 5 -9 0 0 0 0 0 0 0 0 0 0 ],1687784599.1504362
CSI_DATA,STA,08:3A:F2:A8:E0:C1,-40,11,1,6,1,1,1,1,0,0,0,-95,1,1,1,8423599,0,110,0,0,8.61225,384,[110 96 6 0 0 0 0 0 0 0 0 0 11 18 10 19 10 18 8 18 8 17 6 17 6 16 5 16 5 15 5 15 4 14 4 14 4 14 4 13 4 12 4 11 4 10 4 10 4 9 4 9 4 9 5 8 5 7 5 7 6 7 6 6 0 0 7 6 8 5 8 5 8 4 8 5 8 5 9 5 9 4 9 5 9 4 9 4 10 4 10 4 10 4 10 4 10 4 10 4 10 4 10 4 10 4 9 4 10 4 9 4 9 3 9 4 8 4 0 0 0 0 0 0 0 0 0 0 ],1687784599.161547
CSI_DATA,STA,08:3A:F2:A8:E0:C1,-40,11,1,6,1,1,1,1,0,0,0,-95,1,1,1,8429963,0,110,0,0,8.61858,384,[110 96 6 0 0 0 0 0 0 0 0 0 15 16 14 17 12 16 12 17 12 15 10 16 8 15 7 16 7 15 7 14 7 13 7 13 7 12 7 12 6 12 5 10 6 10 5 9 6 9 6 8 6 8 6 7 6 6 7 5 7 5 7 5 0 0 8 4 8 4 9 3 8 3 10 3 10 3 10 4 10 2 10 3 10 2 11 2 11 2 11 2 11 2 11 2 11 2 11 2 11 2 11 3 10 2 10 3 10 2 10 2 10 1 10 2 9 2 0 0 0 0 0 0 0 0 0 0 ],1687784599.167496
CSI_DATA,STA,08:3A:F2:A8:E0:C1,-40,11,1,6,1,1,1,1,0,0,0,-95,1,1,1,8441167,0,110,0,0,8.62993,384,[110 96 6 0 0 0 0 0 0 0 0 0 -14 -17 -14 -18 -13 -17 -12 -18 -11 -17 -10 -16 -9 -16 -9 -16 -8 -16 -8 -15 -7 -15 -7 -14 -7 -14 -7 -13 -6 -12 -7 -11 -6 -11 -6 -10 -7 -10 -7 -9 -7 -9 -7 -9 -7 -7 -7 -7 -8 -6 -8 -6 0 0 -8 -5 -9 -5 -9 -5 -10 -4 -10 -4 -10 -4 -10 -4 -11 -4 -11 -4 -11 -4 -12 -3 -11 -4 -12 -4 -11 -3 -11 -4 -12 -4 -11 -4 -12 -4 -11 -4 -11 -4 -11 -4 -11 -4 -11 -4 -11 -3 -10 -4 -10 -3 0 0 0 0 0 0 0 0 0 0 ],1687784599.180112
CSI_DATA,STA,08:3A:F2:A8:E0:C1,-40,11,1,6,1,1,1,1,0,0,0,-95,1,1,1,8453083,0,110,0,0,8.64173,384,[110 96 6 0 0 0 0 0 0 0 0 0 -10 23 -10 21 -10 21 -10 20 -10 19 -11 18 -11 17 -11 16 -11 15 -10 14 -10 14 -10 14 -9 13 -9 12 -8 11 -8 11 -8 11 -7 10 -6 10 -5 10 -4 9 -4 10 -3 9 -2 10 -2 10 -2 10 0 0 -1 10 0 10 1 11 1 10 2 11 2 11 1 11 2 12 2 11 2 11 3 12 3 12 3 12 3 12 3 12 3 12 3 12 4 11 3 12 3 11 2 12 3 11 3 11 3 10 3 10 3 10 0 0 0 0 0 0 0 0 0 0 ],1687784599.1919832
CSI_DATA,STA,08:3A:F2:A8:E0:C1,-39,11,1,5,1,1,1,1,0,0,0,-95,1,1,1,8460833,0,110,0,0,8.64945,384,[110 96 6 0 0 0 0 0 0 0 0 0 -24 7 -24 6 -23 6 -23 4 -22 4 -21 2 -20 2 -19 2 -19 1 -18 0 -18 0 -17 0 -17 0 -16 0 -15 0 -15 1 -13 1 -13 1 -12 1 -12 2 -11 2 -11 2 -11 3 -10 4 -10 4 -9 5 0 0 -9 6 -9 6 -8 7 -9 7 -9 7 -9 8 -9 8 -9 8 -9 9 -9 9 -9 9 -9 9 -9 9 -9 9 -9 9 -8 10 -9 9 -8 9 -8 9 -8 9 -8 9 -9 9 -8 8 -8 9 -8 8 -8 8 0 0 0 0 0 0 0 0 0 0 ],1687784599.1997151
CSI_DATA,STA,08:3A:F2:A8:E0:C1,-38,11,1,4,1,1,1,1,0,0,0,-95,1,1,1,8471897,0,110,0,0,8.66056,384,[110 96 6 0 0 0 0 0 0 0 0 0 -13 -23 -11 -22 -11 -22 -10 -23 -8 -21 -6 -21 -6 -20 -5 -19 -5 -19 -5 -18 -4 -18 -4 -18 -5 -17 -5 -16 -4 -15 -5 -14 -4 -13 -4 -13 -5 -12 -5 -12 -5 -11 -5 -11 -5 -10 -7 -10 -7 -9 -7 -9 0 0 -8 -8 -9 -8 -9 -8 -10 -7 -10 -8 -10 -8 -11 -8 -11 -8 -11 -8 -11 -7 -12 -7 -12 -7 -12 -7 -12 -7 -12 -8 -12 -7 -12 -7 -12 -7 -11 -7 -11 -7 -11 -8 -11 -7 -11 -7 -11 -6 -10 -7 -10 -6 0 0 0 0 0 0 0 0 0 0 ],1687784599.210931
CSI_DATA,STA,08:3A:F2:A8:E0:C1,-40,11,1,6,1,1,1,1,0,0,0,-95,1,1,1,8480404,0,110,0,0,8.66902,384,[110 96 6 0 0 0 0 0 0 0 0 0 -17 -16 -16 -16 -15 -16 -14 -16 -14 -16 -12 -16 -11 -16 -11 -15 -10 -15 -10 -14 -10 -14 -9 -13 -9 -13 -9 -12 -8 -11 -8 -10 -7 -10 -7 -9 -8 -9 -8 -9 -8 -8 -8 -8 -8 -6 -9 -6 -9 -5 -9 -5 0 0 -9 -4 -10 -4 -10 -3 -10 -3 -11 -3 -11 -3 -11 -3 -11 -3 -11 -2 -12 -2 -12 -1 -12 -2 -12 -2 -12 -1 -12 -2 -12 -1 -12 -2 -12 -2 -12 -2 -12 -2 -12 -2 -12 -2 -11 -1 -11 -1 -11 -1 -11 -1 0 0 0 0 0 0 0 0 0 0 ],1687784599.2197719
CSI_DATA,STA,08:3A:F2:A8:E0:C1,-40,11,1,6,1,1,1,1,0,0,0,-95,1,1,1,8490626,0,110,0,0,8.67927,384,[110 96 6 0 0 0 0 0 0 0 0 0 -23 -3 -22 -4 -22 -4 -21 -4 -20 -5 -18 -6 -18 -6 -17 -6 -16 -6 -16 -6 -15 -6 -14 -6 -14 -6 -14 -5 -13 -5 -13 -4 -11 -4 -11 -3 -11 -3 -11 -3 -11 -2 -10 -2 -10 -1 -10 0 -10 0 -10 1 0 0 -10 2 -10 2 -9 3 -10 4 -10 4 -10 4 -11 4 -11 4 -10 5 -11 5 -11 5 -10 5 -10 5 -10 5 -11 5 -10 5 -10 5 -10 5 -10 5 -10 5 -10 5 -10 5 -10 5 -10 5 -9 4 -9 5 0 0 0 0 0 0 0 0 0 0 ],1687784599.229082
CSI_DATA,STA,08:3A:F2:A8:E0:C1,-40,11,1,6,1,1,1,1,0,0,0,-95,1,1,1,8497725,0,110,0,0,8.68636,384,[110 96 6 0 0 0 0 0 0 0 0 0 -2 22 -3 22 -3 20 -4 20 -4 19 -5 18 -5 17 -6 17 -5 16 -5 15 -5 15 -5 15 -5 13 -4 13 -4 12 -4 12 -3 12 -3 11 -2 10 -1 10 -1 9 -1 9 0 9 1 9 1 9 1 9 0 0 2 9 4 9 4 8 4 8 4 9 5 9 5 9 6 9 5 9 6 9 6 9 6 9 6 9 6 9 7 9 7 9 7 9 7 8 6 9 6 8 6 9 6 8 6 8 6 7 6 8 6 7 0 0 0 0 0 0 0 0 0 0 ],1687784599.2358332
CSI_DATA,STA,08:3A:F2:A8:E0:C1,-40,11,1,6,1,1,1,1,0,0,0,-95,1,1,1,8511303,0,110,0,0,8.70047,384,[110 96 6 0 0 0 0 0 0 0 0 0 -19 -17 -18 -17 -18 -17 -16 -17 -16 -17 -13 -16 -13 -16 -12 -15 -11 -15 -11 -15 -9 -15 -10 -14 -10 -14 -10 -13 -9 -12 -9 -12 -8 -10 -8 -10 -8 -10 -9 -9 -8 -8 -9 -8 -9 -7 -9 -7 -9 -6 -9 -5 0 0 -10 -5 -11 -4 -11 -4 -11 -3 -11 -4 -12 -4 -12 -4 -13 -3 -13 -3 -13 -3 -13 -3 -13 -3 -13 -3 -13 -3 -13 -3 -13 -3 -13 -3 -13 -3 -12 -3 -13 -3 -12 -3 -13 -3 -12 -3 -12 -3 -11 -3 -11 -3 0 0 0 0 0 0 0 0 0 0 ],1687784599.251977
CSI_DATA,STA,08:3A:F2:A8:E0:C1,-39,11,1,5,1,1,1,1,0,0,0,-95,1,1,1,8520575,0,110,0,0,8.70919,384,[110 96 6 0 0 0 0 0 0 0 0 0 12 22 10 20 10 21 9 20 8 20 6 19 6 19 5 18 5 17 4 17 4 17 3 16 3 15 4 15 4 14 4 13 3 12 3 11 4 10 4 10 5 10 5 9 5 8 6 8 6 8 7 7 0 0 7 7 8 7 8 6 9 6 9 6 10 6 10 6 10 6 10 5 10 6 10 6 11 6 10 6 10 6 11 6 11 6 11 5 11 5 11 5 10 5 11 6 10 5 10 5 10 5 9 6 9 5 0 0 0 0 0 0 0 0 0 0 ],1687784599.258941
CSI_DATA,STA,08:3A:F2:A8:E0:C1,-40,11,1,6,1,1,1,1,0,0,0,-95,1,1,1,8529265,0,110,0,0,8.71806,384,[110 96 6 0 0 0 0 0 0 0 0 0 -23 -11 -22 -11 -22 -11 -21 -12 -20 -12 -18 -12 -17 -12 -16 -12 -15 -11 -15 -12 -14 -11 -14 -11 -13 -11 -13 -10 -13 -9 -12 -8 -11 -7 -11 -7 -11 -7 -11 -6 -10 -5 -11 -5 -11 -4 -11 -3 -11 -3 -11 -2 0 0 -11 -1 -11 0 -11 0 -11 1 -13 1 -12 1 -13 1 -13 2 -12 2 -13 2 -13 3 -13 2 -13 3 -13 3 -13 3 -13 3 -13 3 -13 3 -13 3 -12 3 -12 2 -12 3 -12 3 -12 3 -11 2 -11 3 0 0 0 0 0 0 0 0 0 0 ],1687784599.268471
CSI_DATA,STA,08:3A:F2:A8:E0:C1,-39,11,1,5,1,1,1,1,0,0,0,-95,1,1,1,8541609,0,110,0,0,8.73035,384,[110 96 6 0 0 0 0 0 0 0 0 0 14 -21 13 -20 14 -19 14 -18 14 -18 14 -16 14 -15 13 -14 13 -14 13 -13 13 -12 12 -12 12 -11 11 -10 10 -10 10 -11 9 -10 8 -10 7 -9 7 -10 6 -9 5 -10 5 -10 4 -10 3 -10 3 -10 0 0 2 -11 1 -11 1 -11 1 -12 0 -12 0 -13 0 -12 -1 -13 0 -13 -1 -13 -1 -13 0 -13 -1 -13 -1 -13 -1 -14 -1 -13 -1 -14 -1 -13 -1 -13 -2 -13 -1 -13 -1 -13 -1 -13 -1 -12 -1 -12 -1 -11 0 0 0 0 0 0 0 0 0 0 ],1687784599.280876
CSI_DATA,STA,08:3A:F2:A8:E0:C1,-40,11,1,6,1,1,1,1,0,0,0,-95,1,1,1,8549998,0,110,0,0,8.73865,384,[110 96 6 0 0 0 0 0 0 0 0 0 -18 15 -17 13 -17 13 -17 12 -17 11 -16 10 -16 9 -16 8 -16 8 -15 7 -14 8 -14 7 -13 7 -13 6 -12 6 -12 6 -10 6 -10 6 -9 6 -9 6 -8 6 -8 6 -7 6 -6 7 -6 7 -6 7 0 0 -5 8 -4 9 -4 9 -4 9 -4 9 -3 9 -4 10 -3 10 -3 10 -3 11 -2 11 -3 11 -2 11 -3 11 -3 11 -2 11 -2 11 -2 11 -2 10 -2 10 -3 10 -3 10 -2 10 -2 10 -2 10 -2 9 0 0 0 0 0 0 0 0 0 0 ],1687784599.288714
CSI_DATA,STA,08:3A:F2:A8:E0:C1,-40,11,1,6,1,1,1,1,0,0,0,-95,1,1,1,8560347,0,110,0,0,8.74915,384,[110 96 6 0 0 0 0 0 0 0 0 0 5 24 4 24 4 22 3 23 2 21 1 21 0 20 0 19 -1 18 1 17 0 17 -1 16 0 15 1 15 1 14 0 13 0 13 0 12 2 11 2 10 2 10 2 9 3 9 4 9 4 9 5 8 0 0 5 8 6 8 7 8 7 7 8 8 8 8 8 8 9 7 9 8 9 7 9 7 10 8 10 8 10 8 10 7 10 7 9 7 10 7 9 7 9 7 9 7 8 7 9 7 9 6 9 6 8 6 0 0 0 0 0 0 0 0 0 0 ],1687784599.298452
CSI_DATA,STA,08:3A:F2:A8:E0:C1,-40,11,1,6,1,1,1,1,0,0,0,-95,1,1,1,8568939,0,110,0,0,8.75772,384,[110 96 6 0 0 0 0 0 0 0 0 0 -19 -13 -18 -13 -19 -13 -16 -13 -16 -14 -14 -13 -13 -13 -12 -13 -12 -13 -12 -13 -11 -12 -11 -12 -10 -11 -10 -11 -9 -10 -9 -10 -8 -9 -9 -9 -9 -8 -9 -7 -9 -7 -8 -6 -8 -6 -9 -5 -9 -5 -9 -4 0 0 -9 -4 -10 -3 -10 -3 -11 -2 -11 -2 -11 -2 -11 -2 -11 -2 -11 -2 -12 -1 -12 -1 -12 -1 -12 -1 -12 -1 -13 -1 -12 -1 -12 -2 -12 -2 -12 -1 -12 -1 -12 -2 -11 -2 -11 -2 -11 -1 -11 -2 -10 -2 0 0 0 0 0 0 0 0 0 0 ],1687784599.3079958
CSI_DATA,STA,08:3A:F2:A8:E0:C1,-38,11,1,4,1,1,1,1,0,0,0,-95,1,1,1,8583211,0,110,0,0,8.77197,384,[110 96 6 0 0 0 0 0 0 0 0 0 -20 16 -19 14 -20 14 -20 13 -20 12 -18 10 -19 9 -18 8 -17 8 -18 7 -17 7 -16 7 -15 6 -15 6 -14 5 -14 7 -12 6 -12 6 -11 6 -10 6 -10 6 -9 6 -9 7 -8 7 -8 8 -7 8 0 0 -7 9 -6 10 -5 10 -5 10 -5 10 -5 11 -5 11 -5 11 -5 12 -5 12 -4 12 -5 12 -5 12 -5 12 -5 12 -4 12 -5 13 -4 12 -4 12 -4 11 -5 11 -5 11 -5 11 -4 11 -5 10 -4 10 0 0 0 0 0 0 0 0 0 0 ],1687784599.321559
CSI_DATA,STA,08:3A:F2:A8:E0:C1,-39,11,1,5,1,1,1,1,0,0,0,-95,1,1,1,8591548,0,110,0,0,8.78016,384,[110 96 6 0 0 0 0 0 0 0 0 0 22 1 21 2 20 2 20 3 20 4 18 4 17 4 16 4 16 4 15 4 15 4 14 4 13 4 13 4 12 4 12 3 10 2 10 2 10 2 10 1 9 1 9 0 9 -1 9 -1 9 -2 9 -3 0 0 9 -3 9 -4 9 -4 9 -5 9 -5 9 -5 9 -5 9 -6 9 -6 9 -6 9 -7 9 -7 9 -7 9 -7 9 -7 9 -7 9 -7 9 -7 9 -7 8 -7 9 -6 9 -7 9 -7 8 -7 8 -6 7 -6 0 0 0 0 0 0 0 0 0 0 ],1687784599.329632
CSI_DATA,STA,08:3A:F2:A8:E0:C1,-39,11,1,5,1,1,1,1,0,0,0,-95,1,1,1,8599360,0,110,0,0,8.78797,384,[110 96 6 0 0 0 0 0 0 0 0 0 17 18 16 18 15 17 14 18 13 17 11 17 10 16 9 16 9 16 9 15 8 15 8 14 8 13 8 13 7 12 7 11 6 11 6 10 7 9 7 9 7 9 7 8 7 7 8 6 9 6 9 5 0 0 9 4 9 4 10 3 10 3 11 3 11 3 11 3 11 3 12 3 12 2 12 2 12 3 12 2 12 2 12 2 12 2 13 2 12 2 12 2 12 2 11 3 11 2 11 2 11 1 11 2 10 2 0 0 0 0 0 0 0 0 0 0 ],1687784599.3375301
CSI_DATA,STA,08:3A:F2:A8:E0:C1,-40,11,1,6,1,1,1,1,0,0,0,-95,1,1,1,8609405,0,110,0,0,8.79825,384,[110 96 6 0 0 0 0 0 0 0 0 0 14 -21 15 -20 14 -19 14 -18 14 -17 14 -16 15 -14 14 -13 14 -13 14 -12 13 -12 12 -12 11 -10 11 -11 11 -10 10 -10 9 -9 8 -9 8 -9 7 -9 6 -9 6 -9 5 -10 4 -10 4 -10 4 -10 0 0 3 -11 2 -11 2 -11 1 -12 1 -12 1 -12 1 -12 1 -13 1 -13 0 -13 0 -13 0 -13 0 -14 0 -13 0 -13 0 -13 0 -14 0 -13 0 -13 0 -13 1 -13 0 -12 1 -12 0 -12 0 -12 0 -11 0 0 0 0 0 0 0 0 0 0 ],1687784599.348036
CSI_DATA,STA,08:3A:F2:A8:E0:C1,-40,11,1,6,1,1,1,1,0,0,0,-95,1,1,1,8618010,0,110,0,0,8.80686,384,[110 96 6 0 0 0 0 0 0 0 0 0 10 -24 10 -23 10 -22 11 -20 11 -19 11 -18 11 -17 11 -16 12 -16 11 -15 10 -14 10 -14 9 -13 9 -13 9 -12 8 -12 7 -11 7 -11 6 -11 6 -10 5 -10 4 -10 4 -10 2 -11 2 -11 2 -11 0 0 1 -12 0 -11 -1 -11 0 -11 -1 -12 -1 -12 -1 -13 -1 -13 -1 -13 -2 -13 -3 -13 -2 -13 -2 -14 -2 -13 -2 -13 -2 -13 -2 -13 -2 -13 -1 -13 -2 -13 -1 -13 -1 -13 -1 -12 -2 -12 -2 -12 -2 -11 0 0 0 0 0 0 0 0 0 0 ],1687784599.356985
CSI_DATA,STA,08:3A:F2:A8:E0:C1,-40,11,1,6,1,1,1,1,0,0,0,-95,1,1,1,8629924,0,110,0,0,8.81871,384,[110 96 6 0 0 0 0 0 0 0 0 0 -7 21 -7 20 -7 20 -8 18 -8 18 -8 17 -9 16 -9 15 -9 14 -8 14 -9 13 -8 13 -8 12 -7 12 -6 11 -7 10 -6 10 -6 10 -4 9 -4 9 -4 9 -3 9 -3 9 -2 9 -2 9 -1 9 0 0 0 9 0 9 1 9 1 9 1 10 2 10 1 10 2 10 2 10 2 11 2 10 3 11 2 11 3 11 2 11 3 10 3 11 3 10 2 10 2 10 2 10 2 10 2 10 2 10 2 10 2 9 0 0 0 0 0 0 0 0 0 0 ],1687784599.368813
CSI_DATA,STA,08:3A:F2:A8:E0:C1,-38,11,1,4,1,1,1,1,0,0,0,-95,1,1,1,8645766,0,110,0,0,8.83462,384,[110 96 6 0 0 0 0 0 0 0 0 0 3 -23 3 -22 3 -22 4 -21 5 -20 5 -18 5 -18 6 -17 6 -16 6 -16 6 -16 6 -15 5 -14 5 -13 5 -12 4 -14 3 -11 3 -12 2 -11 2 -10 2 -10 1 -10 1 -10 -1 -10 0 -10 -1 -10 0 0 -2 -10 -3 -10 -3 -10 -4 -10 -4 -10 -4 -11 -4 -11 -5 -11 -5 -11 -5 -11 -6 -11 -5 -11 -6 -11 -6 -11 -5 -11 -6 -11 -6 -12 -6 -11 -6 -10 -6 -10 -5 -11 -5 -10 -5 -11 -5 -10 -5 -10 -5 -9 0 0 0 0 0 0 0 0 0 0 ],1687784599.3844109
CSI_DATA,STA,08:3A:F2:A8:E0:C1,-40,11,1,6,1,1,1,1,0,0,0,-95,1,1,1,8646720,0,110,0,0,8.83971,384,[110 96 6 0 0 0 0 0 0 0 0 0 -18 17 -17 17 -18 16 -18 15 -18 13 -17 12 -17 11 -16 10 -16 10 -16 9 -16 9 -15 8 -14 8 -13 7 -13 7 -12 7 -11 7 -11 7 -10 7 -9 7 -8 7 -8 7 -7 8 -7 8 -6 8 -6 9 0 0 -5 9 -4 10 -4 10 -4 11 -4 10 -3 11 -4 11 -3 11 -3 11 -3 12 -2 12 -3 12 -3 12 -3 12 -3 12 -2 12 -3 12 -2 12 -2 12 -3 11 -3 12 -3 11 -3 11 -2 11 -2 11 -2 10 0 0 0 0 0 0 0 0 0 0 ],1687784599.3896708
CSI_DATA,STA,08:3A:F2:A8:E0:C1,-39,11,1,5,1,1,1,1,0,0,0,-95,1,1,1,8662152,0,110,0,0,8.85079,384,[110 96 6 0 0 0 0 0 0 0 0 0 -12 -22 -12 -22 -11 -21 -10 -22 -9 -20 -8 -20 -6 -19 -6 -19 -5 -19 -6 -17 -5 -17 -5 -17 -6 -16 -6 -15 -5 -14 -5 -13 -5 -13 -5 -12 -6 -12 -5 -11 -6 -11 -6 -10 -6 -9 -8 -8 -8 -8 -8 -8 0 0 -9 -7 -9 -7 -10 -7 -10 -6 -10 -6 -11 -6 -11 -7 -12 -6 -12 -6 -12 -5 -12 -5 -12 -5 -12 -6 -12 -5 -12 -6 -12 -5 -12 -5 -12 -5 -12 -6 -12 -5 -12 -6 -12 -6 -11 -5 -11 -4 -11 -5 -11 -5 0 0 0 0 0 0 0 0 0 0 ],1687784599.40049
CSI_DATA,STA,08:3A:F2:A8:E0:C1,-40,11,1,6,1,1,1,1,0,0,0,-95,1,1,1,8669073,0,110,0,0,8.85768,384,[110 96 6 0 0 0 0 0 0 0 0 0 6 24 4 24 3 23 3 23 2 21 1 21 0 20 0 19 -1 19 0 18 -1 17 -1 17 0 15 0 15 -1 14 -1 13 0 13 0 12 1 12 1 11 2 10 2 10 3 9 4 10 4 9 5 9 0 0 5 9 6 8 6 8 7 8 7 9 7 9 8 9 8 8 8 9 8 8 9 8 9 8 9 8 9 8 9 8 9 9 9 8 9 8 8 9 9 8 8 9 8 8 8 8 8 7 8 8 8 7 0 0 0 0 0 0 0 0 0 0 ],1687784599.406355
CSI_DATA,STA,08:3A:F2:A8:E0:C1,-40,11,1,6,1,1,1,1,0,0,0,-95,1,1,1,8678378,0,110,0,0,8.86714,384,[110 96 6 0 0 0 0 0 0 0 0 0 15 -18 15 -17 15 -16 15 -14 15 -14 14 -12 14 -11 14 -11 14 -10 13 -10 13 -10 12 -9 11 -9 11 -8 10 -8 10 -8 9 -8 8 -8 8 -8 7 -7 7 -8 6 -8 6 -8 5 -8 4 -9 4 -9 0 0 4 -9 3 -10 2 -10 2 -10 2 -10 2 -11 2 -11 1 -12 2 -11 1 -12 1 -12 1 -12 1 -12 1 -12 1 -12 1 -12 1 -12 1 -12 1 -12 1 -12 2 -12 1 -11 1 -12 1 -11 1 -11 1 -10 0 0 0 0 0 0 0 0 0 0 ],1687784599.4183621
CSI_DATA,STA,08:3A:F2:A8:E0:C1,-39,11,1,5,1,1,1,1,0,0,0,-95,1,1,1,8688087,0,110,0,0,8.87682,384,[110 96 6 0 0 0 0 0 0 0 0 0 -23 -11 -22 -11 -22 -11 -21 -12 -20 -12 -17 -12 -16 -12 -16 -12 -15 -12 -14 -12 -14 -12 -14 -12 -13 -11 -13 -10 -12 -10 -12 -9 -11 -8 -11 -8 -11 -7 -11 -6 -10 -6 -11 -5 -10 -4 -10 -3 -11 -3 -11 -2 0 0 -11 -2 -11 -1 -12 -1 -12 0 -12 0 -12 0 -13 1 -13 1 -13 1 -13 1 -13 2 -13 1 -13 2 -13 2 -14 2 -13 2 -14 2 -13 1 -13 1 -12 2 -13 1 -13 1 -12 1 -12 2 -12 0 -11 1 0 0 0 0 0 0 0 0 0 0 ],1687784599.427082
CSI_DATA,STA,08:3A:F2:A8:E0:C1,-40,11,1,6,1,1,1,1,0,0,0,-95,1,1,1,8699566,0,110,0,0,8.88834,384,[110 96 6 0 0 0 0 0 0 0 0 0 13 21 11 21 12 21 10 20 9 20 7 19 7 19 6 18 6 17 5 17 5 16 5 16 5 15 5 14 5 13 5 12 5 12 5 11 6 10 5 10 6 9 6 8 6 8 7 8 7 7 7 6 0 0 8 6 9 5 9 5 10 5 10 4 10 5 10 4 11 4 11 4 11 4 12 4 12 4 12 3 11 4 12 4 12 3 12 4 12 3 11 3 11 3 11 4 11 3 11 3 11 3 10 3 10 3 0 0 0 0 0 0 0 0 0 0 ],1687784599.4383402
CSI_DATA,STA,08:3A:F2:A8:E0:C1,-40,11,1,6,1,1,1,1,0,0,0,-95,1,1,1,8708568,0,110,0,0,8.89738,384,[110 96 6 0 0 0 0 0 0 0 0 0 -8 -25 -7 -24 -7 -23 -5 -23 -4 -22 -3 -22 -3 -21 -3 -20 -2 -20 -2 -18 -1 -18 -1 -17 -1 -16 -2 -16 -1 -15 -2 -14 -2 -14 -2 -13 -3 -13 -3 -12 -4 -11 -4 -11 -4 -10 -5 -10 -5 -10 -6 -9 0 0 -7 -9 -7 -9 -8 -9 -8 -8 -9 -9 -9 -9 -9 -9 -10 -9 -9 -9 -10 -9 -10 -9 -11 -9 -11 -9 -11 -9 -11 -9 -11 -8 -11 -9 -11 -9 -11 -8 -11 -8 -10 -9 -10 -8 -10 -8 -10 -8 -9 -8 -9 -8 0 0 0 0 0 0 0 0 0 0 ],1687784599.4471319
CSI_DATA,STA,08:3A:F2:A8:E0:C1,-40,11,1,6,1,1,1,1,0,0,0,-95,1,1,1,8720302,0,110,0,0,8.90916,384,[110 96 6 0 0 0 0 0 0 0 0 0 22 -2 20 -1 21 -1 20 0 20 1 18 1 18 1 17 1 16 2 16 2 15 2 14 2 14 2 13 2 13 2 12 1 11 1 11 0 11 0 11 -1 10 -1 9 -1 9 -2 9 -2 9 -2 8 -4 0 0 8 -5 8 -5 8 -5 8 -6 8 -6 8 -6 8 -7 8 -7 8 -7 8 -8 9 -8 8 -8 9 -8 8 -8 9 -8 8 -8 9 -8 8 -8 8 -8 8 -8 8 -7 8 -8 8 -7 7 -8 7 -7 7 -7 0 0 0 0 0 0 0 0 0 0 ],1687784599.458459
CSI_DATA,STA,08:3A:F2:A8:E0:C1,-40,11,1,6,1,1,1,1,0,0,0,-95,1,1,1,8729804,0,110,0,0,8.91844,384,[110 96 6 0 0 0 0 0 0 0 0 0 -16 17 -16 15 -15 14 -15 14 -16 13 -15 11 -15 10 -14 10 -14 9 -14 9 -13 9 -13 8 -12 8 -12 7 -11 7 -11 8 -10 7 -9 7 -8 6 -8 6 -7 6 -7 7 -7 7 -6 7 -5 7 -5 8 0 0 -4 9 -4 9 -3 9 -3 9 -3 10 -3 10 -3 10 -3 10 -3 11 -2 11 -2 11 -2 11 -2 11 -2 11 -2 11 -2 11 -2 11 -2 11 -2 11 -2 10 -2 11 -2 10 -2 10 -2 10 -2 10 -2 9 0 0 0 0 0 0 0 0 0 0 ],1687784599.46848
CSI_DATA,STA,08:3A:F2:A8:E0:C1,-40,11,1,6,1,1,1,1,0,0,0,-95,1,1,1,8739379,0,110,0,0,8.92802,384,[110 96 6 0 0 0 0 0 0 0 0 0 20 13 19 14 19 14 17 13 17 13 15 13 14 14 13 14 12 13 12 13 11 12 11 12 10 11 10 11 10 10 9 9 8 9 9 7 9 7 9 7 8 6 9 5 9 5 9 4 9 4 9 3 0 0 9 2 10 2 11 1 10 1 11 0 12 0 12 0 12 0 12 0 12 0 12 -1 13 0 12 0 12 0 13 -1 12 -1 12 -1 12 -1 12 0 12 -1 12 0 11 -1 12 -1 11 -1 11 -1 10 0 0 0 0 0 0 0 0 0 0 0 ],1687784599.4777558
CSI_DATA,STA,08:3A:F2:A8:E0:C1,-39,11,1,5,1,1,1,1,0,0,0,-95,1,1,1,8748641,0,110,0,0,8.9373,384,[110 96 6 0 0 0 0 0 0 0 0 0 -24 6 -24 5 -23 3 -24 3 -22 2 -21 1 -20 0 -19 0 -19 -1 -18 0 -18 1 -17 0 -16 0 -16 0 -15 0 -14 0 -14 0 -12 1 -12 1 -12 1 -11 2 -11 1 -10 3 -10 4 -10 4 -10 5 0 0 -10 6 -9 6 -9 7 -8 7 -9 7 -9 8 -9 8 -9 8 -9 8 -8 9 -8 9 -9 9 -9 10 -9 10 -9 9 -9 9 -8 9 -8 9 -8 9 -8 9 -8 9 -9 9 -8 8 -7 9 -7 8 -7 9 0 0 0 0 0 0 0 0 0 0 ],1687784599.4864519
CSI_DATA,STA,08:3A:F2:A8:E0:C1,-39,11,1,5,1,1,1,1,0,0,0,-95,1,1,1,8757713,0,110,0,0,8.94655,384,[110 96 6 0 0 0 0 0 0 0 0 0 -5 24 -5 23 -6 22 -6 22 -7 20 -7 20 -8 18 -8 18 -8 18 -7 16 -7 16 -7 15 -6 14 -6 14 -6 13 -6 13 -6 12 -5 11 -3 11 -3 11 -3 10 -2 10 -1 10 0 10 0 10 1 10 0 0 2 10 2 10 3 11 3 10 3 11 4 11 4 11 5 11 5 11 5 11 5 11 5 11 5 11 6 12 5 11 6 11 6 11 6 11 5 11 5 10 5 10 5 11 5 10 5 9 5 10 5 9 0 0 0 0 0 0 0 0 0 0 ],1687784599.496709
CSI_DATA,STA,08:3A:F2:A8:E0:C1,-38,11,1,4,1,1,1,1,0,0,0,-95,1,1,1,8768249,0,110,0,0,8.957,384,[110 96 6 0 0 0 0 0 0 0 0 0 -22 -7 -20 -8 -22 -8 -20 -9 -20 -9 -17 -9 -17 -9 -15 -9 -15 -9 -15 -10 -14 -9 -14 -9 -13 -9 -13 -8 -11 -8 -13 -7 -10 -6 -11 -6 -10 -5 -10 -5 -10 -5 -10 -4 -10 -4 -10 -3 -11 -2 -10 -1 0 0 -10 -1 -11 0 -10 1 -11 2 -11 1 -11 1 -12 1 -11 1 -12 2 -12 2 -12 3 -12 2 -12 2 -11 3 -12 2 -11 3 -13 3 -11 3 -11 3 -11 3 -11 2 -11 2 -11 2 -11 3 -11 2 -10 2 0 0 0 0 0 0 0 0 0 0 ],1687784599.506772
CSI_DATA,STA,08:3A:F2:A8:E0:C1,-38,11,1,4,1,1,1,1,0,0,0,-95,1,1,1,8778345,0,110,0,0,8.96698,384,[110 96 6 0 0 0 0 0 0 0 0 0 7 -25 8 -24 7 -23 8 -23 8 -21 9 -20 9 -19 9 -17 9 -17 8 -16 8 -16 8 -16 8 -15 7 -14 7 -14 6 -14 6 -12 5 -12 4 -12 4 -12 4 -11 2 -11 2 -11 1 -11 1 -12 0 -11 0 0 -1 -12 -2 -12 -3 -12 -3 -11 -3 -12 -3 -13 -3 -13 -4 -13 -4 -13 -5 -12 -5 -13 -5 -13 -5 -13 -5 -13 -5 -13 -6 -13 -5 -14 -5 -13 -5 -13 -5 -12 -4 -13 -4 -12 -4 -12 -5 -12 -4 -12 -5 -11 0 0 0 0 0 0 0 0 0 0 ],1687784599.518275
CSI_DATA,STA,08:3A:F2:A8:E0:C1,-39,11,1,5,1,1,1,1,0,0,0,-95,1,1,1,8786076,0,110,0,0,8.97488,384,[110 96 6 0 0 0 0 0 0 0 0 0 -23 -12 -22 -11 -22 -11 -21 -12 -20 -12 -17 -12 -17 -13 -16 -13 -15 -12 -15 -12 -14 -12 -13 -12 -13 -11 -13 -11 -12 -9 -12 -9 -10 -8 -11 -8 -11 -8 -11 -7 -10 -6 -10 -6 -10 -5 -11 -4 -11 -4 -11 -3 0 0 -11 -2 -12 -1 -11 -1 -12 0 -12 -1 -12 -1 -13 -1 -13 0 -13 0 -13 0 -14 1 -13 0 -14 0 -13 1 -14 0 -13 1 -14 0 -13 0 -13 0 -13 0 -13 0 -13 0 -13 0 -12 0 -12 0 -11 0 0 0 0 0 0 0 0 0 0 0 ],1687784599.5253608
CSI_DATA,STA,08:3A:F2:A8:E0:C1,-39,11,1,5,1,1,1,1,0,0,0,-95,1,1,1,8795642,0,110,0,0,8.98436,384,[110 96 6 0 0 0 0 0 0 0 0 0 14 17 13 17 13 17 12 17 11 16 9 16 8 16 7 16 7 15 7 14 6 14 6 14 6 13 6 12 6 12 5 11 5 10 5 9 6 9 6 8 6 8 6 7 6 6 7 6 7 6 7 5 0 0 8 4 8 4 9 3 9 3 9 3 10 3 10 4 10 3 10 3 10 3 10 2 11 3 11 3 11 3 11 2 11 3 11 2 11 2 10 2 10 2 10 3 10 3 10 2 9 2 10 2 9 2 0 0 0 0 0 0 0 0 0 0 ],1687784599.534258
CSI_DATA,STA,08:3A:F2:A8:E0:C1,-39,11,1,5,1,1,1,1,0,0,0,-95,1,1,1,8805757,0,110,0,0,8.99449,384,[110 96 6 0 0 0 0 0 0 0 0 0 17 13 16 14 16 13 15 15 14 13 12 14 11 14 11 13 9 13 10 12 9 12 9 12 9 11 9 11 8 10 7 9 7 9 7 8 7 7 7 7 7 7 7 6 7 5 8 4 8 4 8 3 0 0 8 3 9 3 9 2 9 2 10 2 10 2 10 2 10 1 11 2 10 1 11 1 11 1 11 0 11 1 11 1 11 1 11 1 11 1 11 1 10 1 10 1 10 2 10 1 10 1 10 1 9 1 0 0 0 0 0 0 0 0 0 0 ],1687784599.543691
CSI_DATA,STA,08:3A:F2:A8:E0:C1,-39,11,1,5,1,1,1,1,0,0,0,-95,1,1,1,8817900,0,110,0,0,9.00773,384,[110 96 6 0 0 0 0 0 0 0 0 0 -24 2 -23 0 -24 0 -23 -1 -22 -2 -20 -2 -20 -3 -18 -3 -18 -3 -17 -3 -17 -3 -17 -3 -16 -3 -16 -2 -15 -3 -14 -2 -13 -2 -12 -1 -12 -1 -12 -1 -11 -1 -11 -1 -10 1 -10 2 -10 2 -10 3 0 0 -10 4 -10 4 -9 5 -9 5 -10 6 -10 6 -10 6 -10 6 -10 7 -10 7 -10 7 -10 7 -10 8 -10 8 -10 7 -10 8 -10 8 -10 7 -10 7 -10 7 -10 7 -10 7 -9 7 -9 7 -9 7 -8 6 0 0 0 0 0 0 0 0 0 0 ],1687784599.557826
CSI_DATA,STA,08:3A:F2:A8:E0:C1,-39,11,1,5,1,1,1,1,0,0,0,-95,1,1,1,8830852,0,110,0,0,9.01952,384,[110 96 6 0 0 0 0 0 0 0 0 0 22 9 21 10 21 10 19 11 19 11 17 11 16 10 14 11 15 11 13 11 13 10 12 10 12 10 12 9 11 9 11 7 10 7 10 6 10 5 10 5 9 5 10 4 10 3 9 2 10 2 10 1 0 0 10 0 10 0 10 -1 11 -1 11 -1 11 -2 11 -2 11 -2 12 -3 12 -2 12 -3 12 -3 12 -3 12 -3 12 -3 12 -3 13 -4 12 -3 12 -3 11 -3 12 -2 11 -2 11 -3 11 -3 11 -2 10 -2 0 0 0 0 0 0 0 0 0 0 ],1687784599.569519
CSI_DATA,STA,08:3A:F2:A8:E0:C1,-39,11,1,5,1,1,1,1,0,0,0,-95,1,1,1,8837405,0,110,0,0,9.02603,384,[110 96 6 0 0 0 0 0 0 0 0 0 -23 2 -22 1 -22 1 -22 0 -21 -1 -20 -1 -19 -2 -18 -2 -18 -3 -17 -2 -16 -2 -16 -2 -15 -2 -14 -2 -14 -2 -13 -1 -12 -1 -12 -1 -12 -1 -11 -1 -10 0 -10 1 -10 1 -10 2 -10 2 -9 3 0 0 -9 4 -9 4 -9 5 -9 6 -9 6 -9 6 -9 6 -9 6 -9 7 -9 7 -9 8 -9 7 -9 8 -9 8 -9 7 -9 8 -9 8 -9 8 -8 8 -8 7 -9 7 -9 7 -8 7 -8 7 -8 7 -7 7 0 0 0 0 0 0 0 0 0 0 ],1687784599.57576
CSI_DATA,STA,08:3A:F2:A8:E0:C1,-38,11,1,4,1,1,1,1,0,0,0,-95,1,1,1,8850370,0,110,0,0,9.03914,384,[110 96 6 0 0 0 0 0 0 0 0 0 -23 -1 -22 -2 -22 -3 -22 -4 -20 -4 -19 -4 -18 -5 -17 -5 -16 -6 -16 -5 -16 -5 -16 -5 -15 -5 -14 -4 -13 -5 -13 -4 -12 -3 -11 -3 -11 -3 -11 -3 -11 -2 -11 -2 -10 -1 -10 0 -11 1 -10 2 0 0 -10 3 -10 3 -10 3 -10 4 -10 4 -10 4 -11 4 -10 5 -11 5 -10 5 -10 6 -11 6 -10 6 -10 6 -10 5 -10 6 -10 6 -10 6 -10 6 -9 5 -10 5 -10 5 -10 5 -9 6 -9 5 -9 5 0 0 0 0 0 0 0 0 0 0 ],1687784599.5894752
CSI_DATA,STA,08:3A:F2:A8:E0:C1,-38,11,1,4,1,1,1,1,0,0,0,-95,1,1,1,8859894,0,110,0,0,9.04853,384,[110 96 6 0 0 0 0 0 0 0 0 0 7 -22 7 -21 7 -21 8 -19 9 -19 8 -17 9 -16 9 -15 9 -15 8 -14 8 -14 8 -14 8 -13 7 -12 7 -11 6 -12 5 -10 5 -11 4 -10 4 -10 4 -9 3 -10 3 -9 1 -10 1 -10 0 -10 0 0 0 -10 -1 -10 -2 -10 -2 -11 -2 -11 -2 -11 -2 -11 -2 -11 -3 -12 -3 -11 -4 -12 -3 -12 -3 -12 -3 -12 -3 -12 -4 -11 -4 -13 -4 -11 -3 -11 -4 -11 -3 -12 -3 -11 -3 -11 -4 -11 -3 -11 -3 -10 0 0 0 0 0 0 0 0 0 0 ],1687784599.599058
CSI_DATA,STA,08:3A:F2:A8:E0:C1,-39,11,1,5,1,1,1,1,0,0,0,-95,1,1,1,8873427,0,110,0,0,9.0625,384,[110 96 6 0 0 0 0 0 0 0 0 0 23 6 22 7 21 7 21 8 20 8 18 8 16 9 16 8 15 9 15 8 15 7 14 7 13 7 13 6 12 6 12 5 11 5 11 4 11 4 10 3 10 3 10 2 10 1 9 0 10 -1 10 -1 0 0 10 -2 10 -3 10 -3 10 -4 10 -4 10 -4 11 -4 11 -5 11 -5 11 -6 10 -6 11 -6 11 -6 11 -6 11 -6 10 -7 11 -6 10 -6 10 -6 10 -6 10 -6 10 -6 10 -6 9 -6 9 -6 9 -6 0 0 0 0 0 0 0 0 0 0 ],1687784599.613179
CSI_DATA,STA,08:3A:F2:A8:E0:C1,-39,11,1,5,1,1,1,1,0,0,0,-95,1,1,1,8880599,0,110,0,0,9.06924,384,[110 96 6 0 0 0 0 0 0 0 0 0 24 4 23 4 23 4 22 5 21 5 19 6 18 7 17 6 17 7 16 7 15 6 15 6 15 6 14 6 13 5 13 4 12 4 11 3 11 3 11 3 11 2 11 2 10 1 10 0 10 -1 10 -2 0 0 10 -2 11 -3 10 -3 10 -4 11 -4 11 -4 11 -4 11 -5 11 -5 11 -6 11 -6 11 -5 12 -6 11 -6 12 -6 11 -6 12 -6 11 -6 11 -5 11 -6 11 -5 11 -5 11 -5 10 -5 10 -5 10 -5 0 0 0 0 0 0 0 0 0 0 ],1687784599.618496
CSI_DATA,STA,08:3A:F2:A8:E0:C1,-39,11,1,5,1,1,1,1,0,0,0,-95,1,1,1,8888345,0,110,0,0,9.07698,384,[110 96 6 0 0 0 0 0 0 0 0 0 6 21 5 20 5 20 4 19 3 19 2 18 1 18 1 17 0 17 1 16 1 15 0 15 1 14 1 13 1 13 0 12 1 11 1 11 2 10 2 9 2 9 2 9 3 8 4 8 4 8 4 7 0 0 5 7 6 7 6 7 7 7 7 7 7 7 7 7 8 7 8 7 8 7 9 6 9 7 9 7 9 6 9 7 9 6 9 7 9 6 9 6 8 6 8 7 8 7 8 6 8 5 8 6 7 5 0 0 0 0 0 0 0 0 0 0 ],1687784599.626681
CSI_DATA,STA,08:3A:F2:A8:E0:C1,-39,11,1,5,1,1,1,1,0,0,0,-95,1,1,1,8898830,0,110,0,0,9.08759,384,[110 96 6 0 0 0 0 0 0 0 0 0 23 6 22 6 22 6 21 7 20 7 18 7 17 8 16 9 16 8 16 8 14 8 14 8 14 7 13 7 12 6 12 5 11 5 11 5 11 4 11 4 10 3 10 2 10 2 10 1 10 1 10 0 0 0 10 -1 11 -2 10 -2 10 -3 11 -3 11 -3 12 -3 11 -4 11 -4 11 -4 11 -4 12 -4 12 -4 12 -4 12 -4 12 -5 12 -4 12 -4 11 -4 11 -4 11 -3 11 -4 11 -4 11 -4 10 -3 10 -3 0 0 0 0 0 0 0 0 0 0 ],1687784599.637484
CSI_DATA,STA,08:3A:F2:A8:E0:C1,-39,11,1,5,1,1,1,1,0,0,0,-95,1,1,1,8905804,0,110,0,0,9.09443,384,[110 96 6 0 0 0 0 0 0 0 0 0 4 25 2 24 3 23 1 23 1 21 0 20 0 20 -1 19 -1 19 -1 17 -2 17 -2 17 -1 15 -1 15 -1 14 -1 14 -1 13 -1 12 0 11 1 11 1 10 1 10 2 10 3 9 3 9 4 9 0 0 5 9 6 9 6 9 6 9 7 9 7 9 7 9 8 9 8 9 8 8 8 9 8 9 9 9 9 9 8 9 8 9 9 9 9 8 9 8 8 8 8 9 8 8 7 8 8 8 7 8 7 7 0 0 0 0 0 0 0 0 0 0 ],1687784599.646241
CSI_DATA,STA,08:3A:F2:A8:E0:C1,-39,11,1,5,1,1,1,1,0,0,0,-95,1,1,1,8920601,0,110,0,0,9.10974,384,[110 96 6 0 0 0 0 0 0 0 0 0 -9 19 -9 19 -9 18 -10 17 -10 16 -10 15 -10 14 -10 13 -10 13 -9 12 -10 12 -9 11 -9 10 -8 10 -8 10 -7 9 -7 10 -6 9 -6 9 -5 8 -5 8 -4 8 -4 8 -3 8 -3 8 -2 9 0 0 -1 9 0 9 0 9 1 9 1 9 1 10 1 10 1 10 1 10 1 10 2 10 2 10 2 11 2 11 2 11 2 10 2 10 2 10 2 10 2 10 2 10 2 10 2 9 2 9 1 9 2 8 0 0 0 0 0 0 0 0 0 0 ],1687784599.659502
CSI_DATA,STA,08:3A:F2:A8:E0:C1,-39,11,1,5,1,1,1,1,0,0,0,-95,1,1,1,8927857,0,110,0,0,9.1165,384,[110 96 6 0 0 0 0 0 0 0 0 0 24 -5 24 -4 23 -3 23 -2 22 -1 20 -1 19 0 19 0 19 1 17 1 17 0 17 0 16 0 15 0 14 0 13 -1 13 0 12 -1 11 -1 11 -2 10 -2 11 -2 10 -3 9 -4 9 -5 9 -6 0 0 9 -6 8 -7 8 -7 8 -8 8 -8 8 -8 9 -9 8 -9 8 -10 8 -10 7 -10 8 -10 8 -11 8 -11 8 -10 7 -11 8 -11 7 -10 8 -10 7 -10 8 -10 8 -10 7 -10 6 -10 6 -10 6 -9 0 0 0 0 0 0 0 0 0 0 ],1687784599.666345
CSI_DATA,STA,08:3A:F2:A8:E0:C1,-39,11,1,5,1,1,1,1,0,0,0,-95,1,1,1,8935921,0,110,0,0,9.12467,384,[110 96 6 0 0 0 0 0 0 0 0 0 -18 -19 -17 -20 -16 -19 -15 -19 -14 -18 -12 -18 -11 -18 -10 -18 -10 -17 -10 -16 -9 -16 -8 -16 -8 -14 -9 -14 -8 -14 -7 -12 -7 -12 -7 -11 -8 -11 -8 -10 -8 -9 -8 -9 -7 -8 -9 -7 -9 -7 -9 -6 0 0 -10 -6 -10 -5 -10 -5 -11 -4 -12 -4 -12 -4 -12 -5 -12 -4 -12 -4 -13 -4 -13 -4 -13 -4 -14 -4 -13 -4 -13 -4 -13 -4 -13 -4 -13 -3 -12 -4 -13 -4 -13 -4 -12 -4 -12 -4 -12 -3 -12 -4 -11 -3 0 0 0 0 0 0 0 0 0 0 ],1687784599.675037
CSI_DATA,STA,08:3A:F2:A8:E0:C1,-39,11,1,5,1,1,1,1,0,0,0,-95,1,1,1,8950351,0,110,0,0,9.13909,384,[110 96 6 0 0 0 0 0 0 0 0 0 9 20 7 20 7 19 6 20 5 19 4 18 3 18 2 17 2 16 2 15 2 15 2 15 2 14 2 13 2 13 2 12 2 11 2 10 3 10 3 10 3 9 4 8 4 8 5 8 5 8 5 7 0 0 6 7 7 6 7 6 8 6 8 6 8 6 8 6 9 6 9 6 9 5 9 6 9 6 10 6 9 6 9 6 9 5 9 6 10 5 9 6 9 5 9 6 9 6 9 5 9 5 8 5 8 5 0 0 0 0 0 0 0 0 0 0 ],1687784599.688658
CSI_DATA,STA,08:3A:F2:A8:E0:C1,-40,11,1,6,1,1,1,1,0,0,0,-95,1,1,1,8956532,0,110,0,0,9.14515,384,[110 96 6 0 0 0 0 0 0 0 0 0 -18 -15 -17 -16 -17 -15 -16 -16 -15 -15 -13 -15 -12 -15 -11 -15 -11 -14 -10 -14 -10 -13 -10 -13 -10 -12 -10 -12 -9 -11 -9 -10 -8 -10 -8 -9 -8 -8 -8 -8 -8 -7 -8 -7 -8 -6 -9 -5 -9 -5 -9 -4 0 0 -10 -4 -10 -4 -10 -3 -10 -2 -11 -2 -11 -2 -11 -2 -12 -2 -12 -2 -12 -1 -12 -1 -12 -1 -12 -1 -13 -1 -12 -2 -12 -1 -12 -1 -12 -1 -12 -1 -12 -1 -12 -2 -12 -2 -11 -1 -11 0 -11 -1 -11 -1 0 0 0 0 0 0 0 0 0 0 ],1687784599.695756
CSI_DATA,STA,08:3A:F2:A8:E0:C1,-40,11,1,6,1,1,1,1,0,0,0,-95,1,1,1,8967192,0,110,0,0,9.15593,384,[110 96 6 0 0 0 0 0 0 0 0 0 19 -13 19 -12 18 -11 18 -10 17 -9 17 -8 17 -8 16 -7 16 -7 15 -6 15 -6 14 -6 13 -5 13 -5 12 -5 11 -6 10 -5 10 -5 9 -5 9 -6 8 -6 7 -6 7 -6 6 -7 6 -7 6 -8 0 0 5 -9 5 -9 4 -9 4 -9 4 -10 4 -10 4 -10 4 -11 4 -11 4 -11 3 -12 3 -11 4 -11 4 -12 3 -12 3 -12 3 -12 3 -11 3 -11 2 -11 3 -11 3 -11 3 -11 3 -11 3 -10 3 -10 0 0 0 0 0 0 0 0 0 0 ],1687784599.706579
CSI_DATA,STA,08:3A:F2:A8:E0:C1,-40,11,1,6,1,1,1,1,0,0,0,-95,1,1,1,8975748,0,110,0,0,9.16447,384,[110 96 6 0 0 0 0 0 0 0 0 0 14 17 13 17 12 17 11 17 10 16 9 16 8 16 7 16 7 15 7 14 7 14 6 14 7 13 6 12 6 11 5 11 5 10 5 9 6 9 6 9 6 8 6 7 6 6 7 6 7 5 7 5 0 0 8 4 9 4 9 4 9 4 9 4 10 3 10 4 10 3 11 3 10 3 11 2 11 3 11 2 11 2 11 3 11 2 11 2 11 2 11 3 10 2 11 3 10 3 10 2 10 2 10 2 9 2 0 0 0 0 0 0 0 0 0 0 ],1687784599.713637
CSI_DATA,STA,08:3A:F2:A8:E0:C1,-40,11,1,6,1,1,1,1,0,0,0,-95,1,1,1,8988715,0,110,0,0,9.17745,384,[110 96 6 0 0 0 0 0 0 0 0 0 21 8 18 8 19 9 17 9 18 9 15 9 15 9 14 9 13 9 13 9 12 9 11 9 11 8 11 8 10 7 11 6 9 6 9 5 9 5 9 4 9 4 9 3 9 3 9 2 9 2 9 1 0 0 9 0 9 0 9 0 10 -1 10 -1 10 -2 10 -2 10 -2 10 -2 11 -3 10 -3 11 -3 11 -3 10 -3 11 -3 10 -3 11 -3 10 -3 11 -3 10 -3 11 -2 10 -3 10 -3 10 -3 10 -2 9 -2 0 0 0 0 0 0 0 0 0 0 ],1687784599.7268648
CSI_DATA,STA,08:3A:F2:A8:E0:C1,-40,11,1,6,1,1,1,1,0,0,0,-95,1,1,1,8995607,0,110,0,0,9.18423,384,[110 96 6 0 0 0 0 0 0 0 0 0 11 -18 11 -17 11 -16 12 -15 11 -14 11 -13 11 -13 11 -12 10 -12 10 -11 10 -10 10 -10 9 -10 9 -10 8 -9 7 -8 7 -8 7 -8 5 -8 5 -8 5 -8 4 -8 4 -8 3 -9 3 -9 2 -9 0 0 1 -9 1 -9 1 -10 0 -9 0 -10 0 -11 0 -11 -1 -11 -1 -11 -1 -11 -1 -11 -1 -11 -1 -11 -1 -11 -2 -11 -2 -11 -1 -11 -1 -11 -2 -11 -2 -11 -2 -11 -2 -10 -2 -10 -2 -10 -1 -10 -2 -9 0 0 0 0 0 0 0 0 0 0 ],1687784599.73374
CSI_DATA,STA,08:3A:F2:A8:E0:C1,-39,11,1,5,1,1,1,1,0,0,0,-95,1,1,1,9007299,0,110,0,0,9.19604,384,[110 96 6 0 0 0 0 0 0 0 0 0 -9 -24 -8 -24 -8 -23 -6 -23 -5 -22 -4 -21 -3 -21 -3 -20 -2 -20 -2 -18 -2 -18 -2 -18 -3 -16 -3 -16 -2 -15 -3 -14 -2 -14 -2 -13 -4 -12 -3 -12 -4 -11 -4 -11 -4 -10 -6 -10 -6 -10 -6 -9 0 0 -7 -9 -8 -9 -8 -8 -9 -8 -9 -9 -9 -9 -10 -9 -10 -9 -10 -9 -10 -8 -11 -8 -11 -9 -11 -8 -11 -8 -11 -8 -11 -8 -11 -8 -11 -8 -10 -8 -11 -8 -10 -9 -10 -8 -10 -8 -10 -7 -10 -8 -10 -7 0 0 0 0 0 0 0 0 0 0 ],1687784599.745673
CSI_DATA,STA,08:3A:F2:A8:E0:C1,-37,11,1,4,1,1,1,1,0,0,0,-95,1,1,1,9018313,0,110,0,0,9.2071,384,[110 96 6 0 0 0 0 0 0 0 0 0 -22 -7 -20 -7 -20 -7 -19 -8 -19 -8 -16 -8 -16 -8 -15 -9 -14 -8 -14 -9 -14 -8 -13 -8 -13 -8 -12 -8 -11 -7 -12 -6 -10 -5 -11 -5 -10 -5 -10 -4 -10 -4 -10 -4 -10 -3 -10 -2 -10 -1 -10 -1 0 0 -10 0 -10 1 -10 1 -11 2 -11 2 -11 2 -11 2 -11 2 -11 3 -11 3 -11 4 -11 3 -12 3 -11 4 -12 4 -11 4 -12 4 -11 4 -11 4 -11 4 -11 3 -11 3 -11 3 -10 3 -10 3 -9 3 0 0 0 0 0 0 0 0 0 0 ],1687784599.75751
CSI_DATA,STA,08:3A:F2:A8:E0:C1,-40,11,1,6,1,1,1,1,0,0,0,-95,1,1,1,9026872,0,110,0,0,9.2157,384,[110 96 6 0 0 0 0 0 0 0 0 0 12 18 11 18 11 18 10 18 9 17 7 17 7 17 6 16 5 15 5 15 5 15 4 14 4 13 5 13 4 12 4 11 4 10 4 10 4 9 5 9 5 9 5 8 5 8 6 7 6 7 6 6 0 0 7 5 8 5 8 5 8 5 9 5 9 5 9 5 9 5 9 5 10 4 10 4 10 4 10 4 10 4 10 5 10 4 10 4 10 4 10 4 10 5 10 5 9 5 9 4 10 4 9 4 8 4 0 0 0 0 0 0 0 0 0 0 ],1687784599.766028
CSI_DATA,STA,08:3A:F2:A8:E0:C1,-40,11,1,6,1,1,1,1,0,0,0,-95,1,1,1,9035907,0,110,0,0,9.22464,384,[110 96 6 0 0 0 0 0 0 0 0 0 12 -22 12 -21 12 -21 13 -19 13 -18 13 -17 13 -16 13 -15 12 -15 12 -14 12 -14 11 -13 10 -12 10 -12 9 -11 9 -11 8 -10 7 -11 6 -10 6 -10 6 -10 5 -10 4 -10 3 -11 3 -11 3 -11 0 0 1 -11 0 -12 0 -11 0 -12 -1 -12 0 -13 -1 -12 -1 -13 -1 -13 -2 -13 -2 -13 -2 -14 -2 -14 -2 -13 -1 -13 -2 -14 -2 -14 -2 -13 -1 -13 -2 -13 -1 -13 -1 -13 -1 -13 -2 -13 -2 -12 -2 -11 0 0 0 0 0 0 0 0 0 0 ],1687784599.775286
CSI_DATA,STA,08:3A:F2:A8:E0:C1,-40,11,1,6,1,1,1,1,0,0,0,-95,1,1,1,9045819,0,110,0,0,9.23454,384,[110 96 6 0 0 0 0 0 0 0 0 0 -5 -26 -3 -25 -3 -24 -2 -24 -1 -23 0 -22 1 -21 1 -20 1 -20 1 -19 1 -18 1 -18 0 -17 0 -16 0 -15 0 -15 0 -14 0 -13 -2 -13 -2 -12 -2 -12 -2 -11 -3 -11 -4 -10 -4 -11 -5 -10 0 0 -6 -10 -7 -10 -7 -9 -8 -10 -8 -9 -8 -10 -9 -10 -9 -10 -9 -10 -9 -10 -10 -9 -10 -10 -11 -10 -10 -9 -10 -10 -10 -9 -10 -10 -10 -9 -10 -10 -10 -9 -9 -10 -10 -9 -9 -9 -9 -8 -9 -9 -9 -8 0 0 0 0 0 0 0 0 0 0 ],1687784599.785165
CSI_DATA,STA,08:3A:F2:A8:E0:C1,-40,11,1,6,1,1,1,1,0,0,0,-95,1,1,1,9055801,0,110,0,0,9.24453,384,[110 96 6 0 0 0 0 0 0 0 0 0 -17 -20 -16 -21 -15 -19 -14 -20 -13 -19 -11 -19 -9 -18 -9 -18 -9 -18 -9 -17 -8 -16 -8 -16 -9 -15 -9 -14 -8 -14 -7 -13 -7 -12 -7 -11 -8 -11 -7 -10 -8 -10 -8 -10 -7 -8 -9 -8 -9 -7 -10 -6 0 0 -10 -6 -10 -6 -11 -6 -11 -5 -12 -5 -12 -5 -12 -5 -12 -5 -13 -5 -13 -4 -13 -4 -13 -4 -13 -4 -13 -4 -13 -5 -13 -5 -13 -4 -13 -4 -13 -4 -13 -4 -12 -5 -13 -5 -12 -4 -12 -3 -12 -4 -12 -4 0 0 0 0 0 0 0 0 0 0 ],1687784599.795686
CSI_DATA,STA,08:3A:F2:A8:E0:C1,-39,11,1,5,1,1,1,1,0,0,0,-95,1,1,1,9070106,0,110,0,0,9.25886,384,[110 96 6 0 0 0 0 0 0 0 0 0 -20 -16 -19 -16 -18 -16 -18 -16 -16 -15 -15 -15 -13 -15 -13 -15 -12 -15 -12 -15 -11 -14 -11 -14 -11 -13 -10 -13 -10 -12 -10 -11 -9 -11 -9 -9 -9 -9 -9 -8 -9 -8 -9 -8 -9 -6 -10 -6 -10 -5 -10 -5 0 0 -10 -4 -11 -4 -11 -4 -11 -3 -12 -3 -12 -3 -13 -3 -13 -2 -13 -3 -12 -2 -13 -2 -14 -2 -14 -2 -13 -2 -13 -3 -14 -2 -13 -2 -13 -2 -13 -2 -12 -2 -13 -2 -13 -3 -12 -2 -12 -2 -12 -2 -12 -2 0 0 0 0 0 0 0 0 0 0 ],1687784599.8087392
CSI_DATA,STA,08:3A:F2:A8:E0:C1,-39,11,1,5,1,1,1,1,0,0,0,-95,1,1,1,9078444,0,110,0,0,9.26704,384,[110 96 6 0 0 0 0 0 0 0 0 0 -25 -1 -24 -2 -24 -2 -24 -3 -23 -3 -20 -4 -20 -5 -19 -5 -18 -5 -18 -5 -17 -5 -17 -5 -16 -5 -15 -5 -14 -4 -14 -3 -13 -3 -13 -3 -13 -3 -12 -2 -12 -2 -12 -1 -11 0 -11 0 -11 1 -11 2 0 0 -10 3 -11 3 -11 3 -10 4 -11 4 -11 5 -12 5 -11 5 -11 6 -11 6 -12 6 -12 6 -12 6 -12 6 -12 6 -12 6 -11 6 -11 6 -11 6 -11 6 -11 5 -11 6 -11 5 -11 6 -10 5 -10 5 0 0 0 0 0 0 0 0 0 0 ],1687784599.816842
CSI_DATA,STA,08:3A:F2:A8:E0:C1,-40,11,1,6,1,1,1,1,0,0,0,-95,1,1,1,9086240,0,110,0,0,9.27505,384,[110 96 6 0 0 0 0 0 0 0 0 0 1 22 0 22 0 21 -1 21 -1 20 -2 19 -2 18 -3 17 -2 17 -3 16 -3 15 -4 15 -3 14 -2 14 -2 13 -2 12 -2 11 -1 11 -1 11 0 10 0 10 1 10 1 9 2 9 2 9 2 9 0 0 3 8 4 8 5 8 5 8 6 9 6 9 6 8 6 9 7 8 7 8 7 9 7 9 7 9 7 9 7 9 7 8 8 8 7 8 7 8 7 8 7 8 7 8 7 8 7 7 6 7 6 7 0 0 0 0 0 0 0 0 0 0 ],1687784599.8244631
CSI_DATA,STA,08:3A:F2:A8:E0:C1,-40,11,1,6,1,1,1,1,0,0,0,-95,1,1,1,9096669,0,110,0,0,9.2854,384,[110 96 6 0 0 0 0 0 0 0 0 0 -21 -10 -20 -11 -19 -11 -19 -11 -18 -11 -16 -11 -15 -12 -14 -12 -13 -11 -13 -11 -13 -10 -13 -10 -12 -10 -11 -9 -12 -9 -11 -8 -10 -7 -10 -7 -10 -6 -10 -6 -9 -6 -10 -5 -10 -4 -10 -3 -10 -3 -10 -2 0 0 -10 -1 -10 -1 -11 -1 -11 0 -11 0 -11 0 -12 0 -12 0 -12 1 -12 2 -12 2 -12 2 -12 2 -12 2 -12 2 -12 2 -12 2 -12 2 -12 2 -12 2 -11 1 -12 1 -11 2 -11 2 -11 2 -10 2 0 0 0 0 0 0 0 0 0 0 ],1687784599.8357031
CSI_DATA,STA,08:3A:F2:A8:E0:C1,-39,11,1,5,1,1,1,1,0,0,0,-95,1,1,1,9107978,0,110,0,0,9.29671,384,[110 96 6 0 0 0 0 0 0 0 0 0 21 -7 20 -6 20 -6 20 -4 19 -4 18 -3 17 -3 16 -2 16 -2 15 -1 15 -1 15 -1 14 -1 14 -1 13 -1 12 -2 11 -2 10 -2 10 -3 10 -3 9 -3 9 -3 9 -4 8 -4 8 -5 8 -6 0 0 7 -7 7 -7 7 -7 7 -8 7 -8 7 -8 7 -9 7 -9 7 -9 6 -9 6 -9 7 -9 7 -10 7 -9 6 -9 6 -10 7 -10 6 -10 6 -9 6 -9 6 -9 6 -9 6 -9 6 -9 6 -8 5 -8 0 0 0 0 0 0 0 0 0 0 ],1687784599.846364
CSI_DATA,STA,08:3A:F2:A8:E0:C1,-39,11,1,5,1,1,1,1,0,0,0,-95,1,1,1,9118268,0,110,0,0,9.30701,384,[110 96 6 0 0 0 0 0 0 0 0 0 20 9 19 9 19 9 17 10 17 10 15 10 14 10 13 10 13 10 13 10 12 9 12 9 11 8 11 8 10 8 10 7 9 6 9 5 9 5 9 5 9 4 8 3 9 3 9 2 9 2 9 1 0 0 9 0 9 0 10 -1 10 -2 10 -1 10 -2 11 -2 10 -2 11 -2 10 -3 10 -4 11 -3 11 -3 11 -4 11 -3 11 -3 11 -3 10 -3 10 -3 10 -3 10 -3 10 -3 10 -3 10 -4 9 -3 9 -3 0 0 0 0 0 0 0 0 0 0 ],1687784599.8570812
CSI_DATA,STA,08:3A:F2:A8:E0:C1,-40,11,1,6,1,1,1,1,0,0,0,-95,1,1,1,9128949,0,110,0,0,9.31783,384,[110 96 6 0 0 0 0 0 0 0 0 0 18 12 17 13 16 12 15 13 15 13 13 13 12 13 11 13 11 12 10 12 9 11 9 11 9 11 9 10 8 9 8 8 7 8 7 7 8 7 8 7 7 6 7 5 7 5 8 4 8 4 8 3 0 0 9 2 9 2 9 2 9 1 10 1 10 1 10 2 11 1 11 1 11 1 11 1 11 1 11 0 11 1 11 1 11 0 11 0 11 0 11 1 10 1 10 1 11 1 10 1 10 0 10 1 9 0 0 0 0 0 0 0 0 0 0 0 ],1687784599.867958
CSI_DATA,STA,08:3A:F2:A8:E0:C1,-39,11,1,5,1,1,1,1,0,0,0,-95,1,1,1,9137802,0,110,0,0,9.32659,384,[110 96 6 0 0 0 0 0 0 0 0 0 18 12 17 12 17 12 16 13 15 12 13 12 12 12 12 12 11 12 10 11 10 11 9 11 10 10 9 10 9 9 8 8 8 8 8 7 8 7 8 6 8 6 8 5 8 4 8 4 8 3 8 2 0 0 9 2 9 2 10 1 9 1 10 1 10 0 10 0 10 0 11 0 10 0 11 -1 11 0 11 -1 11 -1 11 -1 11 -1 11 -1 11 -1 11 -1 10 -1 11 0 10 0 10 -1 10 -1 10 -1 9 -1 0 0 0 0 0 0 0 0 0 0 ],1687784599.877019
CSI_DATA,STA,08:3A:F2:A8:E0:C1,-40,11,1,6,1,1,1,1,0,0,0,-95,1,1,1,9146855,0,110,0,0,9.33561,384,[110 96 6 0 0 0 0 0 0 0 0 0 -23 11 -23 10 -23 9 -22 8 -22 7 -20 6 -20 5 -19 4 -19 4 -18 4 -18 3 -17 3 -17 3 -16 3 -15 3 -15 3 -13 3 -13 4 -12 3 -11 4 -11 4 -11 4 -10 5 -9 6 -9 6 -9 7 0 0 -9 7 -8 7 -7 8 -7 9 -8 9 -7 10 -8 10 -8 10 -7 10 -7 10 -7 11 -8 11 -7 11 -8 11 -7 11 -7 11 -7 11 -7 10 -7 10 -7 10 -7 10 -8 10 -7 10 -7 10 -7 9 -6 9 0 0 0 0 0 0 0 0 0 0 ],1687784599.885729
CSI_DATA,STA,08:3A:F2:A8:E0:C1,-40,11,1,6,1,1,1,1,0,0,0,-95,1,1,1,9161158,0,110,0,0,9.3499,384,[110 96 6 0 0 0 0 0 0 0 0 0 -20 15 -19 13 -20 13 -19 12 -20 11 -18 10 -18 9 -18 9 -18 8 -17 8 -16 7 -16 6 -15 6 -14 6 -13 6 -13 6 -12 6 -11 6 -10 6 -10 6 -9 6 -9 6 -8 7 -8 7 -7 8 -7 8 0 0 -6 9 -5 9 -5 9 -5 10 -4 10 -4 11 -4 11 -4 11 -4 11 -4 12 -4 12 -4 12 -4 12 -4 12 -4 12 -3 12 -4 12 -3 11 -4 11 -3 12 -4 11 -4 11 -4 12 -3 11 -3 11 -3 10 0 0 0 0 0 0 0 0 0 0 ],1687784599.899641
CSI_DATA,STA,08:3A:F2:A8:E0:C1,-40,11,1,6,1,1,1,1,0,0,0,-95,1,1,1,9167835,0,110,0,0,9.35645,384,[110 96 6 0 0 0 0 0 0 0 0 0 -20 -7 -19 -8 -19 -8 -18 -9 -17 -9 -16 -8 -15 -9 -14 -9 -14 -8 -13 -8 -13 -8 -12 -8 -12 -8 -11 -7 -11 -7 -11 -6 -10 -5 -10 -5 -10 -5 -9 -4 -9 -4 -9 -4 -9 -3 -9 -2 -9 -2 -9 -1 0 0 -9 0 -9 0 -9 1 -10 1 -10 1 -10 2 -10 2 -10 2 -10 2 -10 3 -10 3 -11 3 -11 3 -10 3 -11 3 -10 3 -11 3 -10 3 -10 3 -10 3 -10 3 -10 3 -10 3 -9 3 -9 3 -9 3 0 0 0 0 0 0 0 0 0 0 ],1687784599.906708
CSI_DATA,STA,08:3A:F2:A8:E0:C1,-40,11,1,6,1,1,1,1,0,0,0,-95,1,1,1,9178307,0,110,0,0,9.36708,384,[110 96 6 0 0 0 0 0 0 0 0 0 16 19 15 19 14 18 12 18 12 18 10 18 9 17 9 17 8 17 8 16 7 15 7 15 7 14 7 13 7 13 6 12 6 11 6 10 6 9 6 9 6 8 7 8 7 7 8 7 8 6 8 6 0 0 9 6 9 5 10 4 10 4 10 4 11 4 11 4 11 4 11 4 11 4 12 3 12 4 12 4 12 4 12 3 12 3 12 3 12 3 11 3 11 4 12 4 11 4 11 4 11 3 11 3 10 3 0 0 0 0 0 0 0 0 0 0 ],1687784599.9167109
CSI_DATA,STA,08:3A:F2:A8:E0:C1,-40,11,1,6,1,1,1,1,0,0,0,-95,1,1,1,9186703,0,110,0,0,9.37542,384,[110 96 6 0 0 0 0 0 0 0 0 0 -10 -24 -8 -24 -8 -23 -7 -23 -6 -22 -4 -21 -3 -21 -3 -20 -2 -20 -3 -18 -3 -18 -2 -18 -3 -16 -3 -16 -2 -15 -2 -14 -2 -14 -2 -13 -4 -13 -3 -12 -4 -11 -4 -11 -4 -10 -6 -10 -6 -10 -6 -10 0 0 -7 -9 -8 -9 -8 -9 -9 -8 -9 -9 -9 -9 -10 -9 -10 -9 -10 -9 -10 -8 -11 -8 -11 -9 -11 -9 -11 -9 -11 -9 -11 -8 -10 -9 -11 -9 -10 -9 -10 -9 -10 -9 -10 -9 -10 -9 -10 -8 -9 -8 -9 -8 0 0 0 0 0 0 0 0 0 0 ],1687784599.925674
CSI_DATA,STA,08:3A:F2:A8:E0:C1,-39,11,1,5,1,1,1,1,0,0,0,-95,1,1,1,9198377,0,110,0,0,9.38711,384,[110 96 6 0 0 0 0 0 0 0 0 0 7 24 5 23 5 22 4 22 3 21 2 20 1 20 0 19 0 19 1 18 0 17 0 16 0 15 1 15 0 14 1 13 0 13 1 12 2 11 2 11 2 10 3 10 3 9 4 9 5 9 5 8 0 0 5 9 7 8 7 8 7 7 8 8 8 8 8 8 9 8 9 8 9 8 9 7 10 8 10 8 10 8 10 7 10 7 10 7 10 7 9 7 9 7 9 8 9 7 9 7 9 6 9 7 9 6 0 0 0 0 0 0 0 0 0 0 ],1687784599.936448
CSI_DATA,STA,08:3A:F2:A8:E0:C1,-40,11,1,6,1,1,1,1,0,0,0,-95,1,1,1,9208164,0,110,0,0,9.39689,384,[110 96 6 0 0 0 0 0 0 0 0 0 -17 -16 -16 -16 -16 -16 -14 -16 -14 -16 -12 -15 -11 -15 -10 -15 -9 -14 -10 -14 -9 -13 -9 -13 -9 -13 -9 -12 -8 -12 -8 -11 -7 -10 -8 -10 -7 -9 -7 -9 -7 -8 -7 -8 -8 -7 -8 -6 -9 -6 -9 -5 0 0 -9 -5 -10 -5 -10 -4 -10 -4 -10 -4 -10 -4 -11 -4 -11 -4 -11 -4 -12 -3 -12 -3 -12 -3 -12 -3 -12 -3 -12 -4 -12 -3 -12 -4 -12 -3 -11 -4 -11 -4 -11 -4 -11 -4 -11 -4 -11 -3 -11 -3 -10 -3 0 0 0 0 0 0 0 0 0 0 ],1687784599.946927
CSI_DATA,STA,08:3A:F2:A8:E0:C1,-39,11,1,5,1,1,1,1,0,0,0,-95,1,1,1,9218014,0,110,0,0,9.40675,384,[110 96 6 0 0 0 0 0 0 0 0 0 -22 -12 -22 -12 -21 -12 -21 -13 -19 -12 -17 -13 -16 -13 -15 -13 -15 -12 -14 -12 -14 -12 -13 -12 -12 -11 -12 -11 -12 -10 -11 -9 -10 -9 -10 -8 -11 -8 -11 -7 -10 -6 -10 -6 -10 -5 -11 -4 -11 -4 -11 -3 0 0 -11 -3 -11 -2 -12 -1 -12 -1 -12 -1 -12 -1 -13 -1 -13 -1 -13 0 -13 0 -13 0 -14 0 -14 0 -13 0 -14 0 -13 1 -13 0 -13 0 -13 0 -13 0 -12 0 -13 0 -12 -1 -12 0 -12 -1 -12 0 0 0 0 0 0 0 0 0 0 0 ],1687784599.957438
CSI_DATA,STA,08:3A:F2:A8:E0:C1,-40,11,1,6,1,1,1,1,0,0,0,-95,2,1,1,9244467,0,110,0,0,9.43368,384,[110 96 6 0 0 0 0 0 0 0 0 0 -23 3 -22 2 -22 2 -22 1 -21 0 -19 0 -19 -1 -18 -1 -17 -1 -17 -2 -16 -1 -16 -2 -15 -2 -15 -2 -14 -1 -13 -1 -13 0 -12 0 -11 0 -11 0 -11 1 -10 1 -10 2 -10 2 -10 3 -9 4 0 0 -9 4 -9 5 -8 5 -8 6 -9 6 -9 6 -9 6 -9 6 -9 7 -9 7 -9 8 -9 8 -9 8 -9 8 -9 8 -9 8 -9 8 -9 7 -8 8 -8 7 -9 7 -8 7 -8 7 -8 7 -8 6 -8 7 0 0 0 0 0 0 0 0 0 0 ],1687784599.98432
CSI_DATA,STA,08:3A:F2:A8:E0:C1,-40,11,1,6,1,1,1,1,0,0,0,-95,1,1,1,9251703,0,110,0,0,9.44031,384,[110 96 6 0 0 0 0 0 0 0 0 0 -15 17 -16 16 -15 15 -16 14 -15 13 -15 12 -15 11 -15 10 -14 9 -13 9 -13 9 -13 8 -12 8 -11 8 -11 7 -11 8 -10 7 -9 7 -9 7 -8 7 -8 7 -7 7 -6 7 -6 8 -5 8 -5 9 0 0 -4 9 -4 9 -3 9 -3 9 -3 10 -3 10 -3 10 -2 10 -2 11 -2 11 -1 11 -2 11 -2 11 -2 12 -2 11 -1 11 -1 11 -2 11 -2 11 -2 11 -2 11 -2 10 -2 10 -1 10 -2 10 -1 9 0 0 0 0 0 0 0 0 0 0 ],1687784599.990805
CSI_DATA,STA,08:3A:F2:A8:E0:C1,-40,11,1,6,1,1,1,1,0,0,0,-95,1,1,1,9258105,0,110,0,0,9.44673,384,[110 96 6 0 0 0 0 0 0 0 0 0 -22 -14 -20 -15 -20 -15 -19 -15 -18 -14 -16 -15 -15 -14 -14 -14 -14 -14 -13 -14 -13 -13 -12 -12 -12 -12 -12 -12 -12 -11 -11 -10 -10 -9 -10 -9 -11 -8 -10 -8 -10 -7 -10 -7 -10 -6 -10 -5 -11 -4 -11 -3 0 0 -11 -3 -11 -2 -12 -2 -12 -1 -12 -1 -12 -1 -13 -1 -13 -1 -13 0 -13 0 -13 1 -14 0 -14 0 -13 0 -13 0 -14 0 -14 1 -14 0 -13 0 -13 0 -13 0 -13 0 -13 0 -12 1 -12 0 -12 0 0 0 0 0 0 0 0 0 0 0 ],1687784599.9972868
CSI_DATA,STA,08:3A:F2:A8:E0:C1,-40,11,1,6,1,1,1,1,0,0,0,-95,1,1,1,9268183,0,110,0,0,9.45693,384,[110 96 6 0 0 0 0 0 0 0 0 0 -18 15 -18 13 -18 13 -17 11 -17 11 -17 10 -17 9 -16 8 -15 8 -16 7 -14 7 -14 6 -13 6 -13 6 -12 6 -12 6 -11 6 -10 6 -9 6 -9 6 -8 6 -8 6 -7 6 -7 7 -6 7 -6 7 0 0 -5 8 -4 8 -4 9 -4 9 -4 9 -4 10 -4 10 -3 10 -3 10 -3 11 -3 11 -3 11 -3 11 -3 11 -3 11 -3 11 -3 11 -3 11 -3 11 -3 10 -3 10 -3 10 -3 10 -2 10 -2 10 -2 9 0 0 0 0 0 0 0 0 0 0 ],1687784600.007482
CSI_DATA,STA,08:3A:F2:A8:E0:C1,-39,11,1,5,1,1,1,1,0,0,0,-95,1,1,1,9278115,0,110,0,0,9.46686,384,[110 96 6 0 0 0 0 0 0 0 0 0 -14 -22 -13 -21 -13 -21 -11 -21 -10 -20 -8 -20 -8 -19 -7 -18 -7 -19 -6 -18 -6 -17 -6 -17 -6 -16 -6 -15 -5 -14 -6 -13 -5 -12 -5 -12 -6 -11 -6 -11 -6 -10 -7 -10 -7 -9 -8 -8 -8 -8 -8 -8 0 0 -8 -7 -9 -6 -10 -6 -10 -6 -11 -6 -11 -6 -11 -6 -12 -6 -12 -6 -12 -5 -13 -5 -13 -6 -13 -6 -12 -5 -13 -5 -13 -5 -13 -5 -12 -5 -12 -5 -12 -5 -12 -6 -12 -5 -12 -5 -12 -4 -11 -5 -11 -4 0 0 0 0 0 0 0 0 0 0 ],1687784600.016695
CSI_DATA,STA,08:3A:F2:A8:E0:C1,-40,11,1,6,1,1,1,1,0,0,0,-95,1,1,1,9288242,0,110,0,0,9.47698,384,[110 96 6 0 0 0 0 0 0 0 0 0 20 -11 20 -10 19 -9 19 -8 18 -7 17 -6 17 -6 17 -5 16 -5 15 -5 15 -5 14 -5 13 -5 13 -4 12 -4 12 -4 11 -4 10 -5 9 -5 9 -5 9 -5 8 -6 7 -6 7 -6 7 -7 7 -7 0 0 6 -8 5 -8 5 -9 5 -9 5 -9 5 -10 5 -10 4 -10 5 -11 4 -11 4 -11 4 -11 4 -11 4 -12 4 -11 4 -11 4 -11 4 -12 4 -11 3 -11 4 -11 4 -11 4 -11 3 -11 3 -10 3 -10 0 0 0 0 0 0 0 0 0 0 ],1687784600.026438
CSI_DATA,STA,08:3A:F2:A8:E0:C1,-40,11,1,6,1,1,1,1,0,0,0,-95,1,1,1,9296825,0,110,0,0,9.48556,384,[110 96 6 0 0 0 0 0 0 0 0 0 5 22 3 21 2 21 1 20 1 20 0 18 -1 18 -1 18 -1 17 0 17 -1 16 -1 15 0 14 0 14 -1 13 -1 12 0 11 0 11 1 10 1 10 1 10 2 9 2 9 3 9 3 8 3 8 0 0 4 8 5 8 5 7 6 7 6 7 7 8 7 8 7 8 7 8 8 8 8 7 8 8 8 8 8 7 8 8 8 8 9 8 8 7 8 7 8 7 7 7 8 7 8 7 8 6 7 7 7 6 0 0 0 0 0 0 0 0 0 0 ],1687784600.0358331
CSI_DATA,STA,08:3A:F2:A8:E0:C1,-38,11,1,4,1,1,1,1,0,0,0,-95,1,1,1,9309320,0,110,0,0,9.49805,384,[110 96 6 0 0 0 0 0 0 0 0 0 10 23 8 23 8 22 7 23 6 21 4 20 3 20 3 19 2 19 3 17 3 18 2 17 3 16 3 15 2 14 2 14 2 13 2 12 3 11 3 11 3 10 4 10 4 9 6 9 6 9 6 8 0 0 7 8 8 8 8 7 9 7 9 8 9 7 10 8 10 7 10 7 10 6 11 6 10 7 11 7 11 6 10 7 11 7 11 7 11 6 11 6 10 6 10 7 9 7 10 6 10 5 10 6 9 5 0 0 0 0 0 0 0 0 0 0 ],1687784600.0474648
CSI_DATA,STA,08:3A:F2:A8:E0:C1,-40,11,1,6,1,1,1,1,0,0,0,-95,1,1,1,9318263,0,110,0,0,9.50706,384,[110 96 6 0 0 0 0 0 0 0 0 0 -17 15 -18 14 -17 12 -18 12 -17 11 -17 10 -16 9 -15 8 -16 8 -14 8 -14 7 -14 7 -13 7 -12 6 -12 6 -12 6 -11 6 -10 5 -9 6 -9 5 -8 6 -8 6 -7 6 -6 7 -6 7 -6 7 0 0 -6 8 -5 8 -5 9 -5 9 -5 9 -4 9 -5 9 -4 10 -5 10 -3 10 -4 10 -3 11 -4 11 -4 11 -4 10 -4 11 -4 11 -4 10 -4 11 -4 10 -4 11 -4 10 -4 10 -3 10 -3 9 -3 9 0 0 0 0 0 0 0 0 0 0 ],1687784600.056457
CSI_DATA,STA,08:3A:F2:A8:E0:C1,-40,11,1,6,1,1,1,1,0,0,0,-95,1,1,1,9330472,0,110,0,0,9.51975,384,[110 96 6 0 0 0 0 0 0 0 0 0 23 4 22 5 22 5 21 5 21 5 19 6 18 7 17 6 16 6 16 6 15 6 15 6 14 5 14 5 13 5 12 4 11 4 11 3 11 3 11 2 10 2 10 1 10 1 10 0 10 -1 9 -2 0 0 10 -3 10 -3 10 -3 10 -4 10 -4 10 -5 11 -5 10 -5 11 -5 11 -6 11 -6 11 -6 11 -6 11 -6 11 -6 11 -6 11 -6 11 -6 11 -6 10 -6 11 -5 10 -5 10 -6 10 -6 10 -5 9 -5 0 0 0 0 0 0 0 0 0 0 ],1687784600.069896
CSI_DATA,STA,08:3A:F2:A8:E0:C1,-40,11,1,6,1,1,1,1,0,0,0,-95,1,1,1,9340679,0,110,0,0,9.52934,384,[110 96 6 0 0 0 0 0 0 0 0 0 -5 -25 -4 -24 -3 -24 -2 -23 -1 -22 0 -22 0 -21 0 -20 1 -19 1 -18 1 -18 1 -17 0 -16 0 -16 0 -15 0 -14 0 -14 0 -13 -1 -12 -1 -12 -2 -11 -2 -11 -3 -11 -4 -11 -4 -11 -5 -10 0 0 -5 -10 -6 -10 -7 -10 -7 -10 -7 -9 -8 -10 -8 -10 -9 -10 -8 -10 -9 -10 -9 -10 -9 -10 -9 -10 -9 -10 -9 -10 -9 -10 -9 -11 -9 -10 -9 -10 -9 -10 -9 -10 -8 -10 -8 -10 -8 -9 -8 -10 -8 -9 0 0 0 0 0 0 0 0 0 0 ],1687784600.079925
CSI_DATA,STA,08:3A:F2:A8:E0:C1,-40,11,1,6,1,1,1,1,0,0,0,-95,1,1,1,9351513,0,110,0,0,9.54016,384,[110 96 6 0 0 0 0 0 0 0 0 0 -6 18 -7 18 -7 17 -8 17 -7 16 -8 15 -8 14 -8 13 -8 13 -7 12 -8 12 -7 11 -7 11 -7 10 -6 10 -6 9 -5 9 -5 8 -4 9 -4 8 -3 8 -3 8 -2 8 -2 8 -1 8 -1 8 0 0 0 8 1 8 1 8 1 8 1 9 2 9 2 9 2 9 2 9 2 9 3 9 3 9 3 10 3 9 3 9 3 10 3 9 3 9 3 9 3 9 2 9 2 9 3 8 3 8 2 8 2 8 0 0 0 0 0 0 0 0 0 0 ],1687784600.089432
CSI_DATA,STA,08:3A:F2:A8:E0:C1,-40,11,1,6,1,1,1,1,0,0,0,-95,1,1,1,9361173,0,110,0,0,9.54982,384,[110 96 6 0 0 0 0 0 0 0 0 0 -8 -25 -7 -24 -7 -23 -5 -23 -4 -22 -4 -21 -2 -21 -2 -20 -2 -20 -2 -18 -2 -18 -2 -17 -3 -17 -3 -16 -2 -15 -2 -14 -2 -13 -2 -13 -3 -12 -4 -12 -4 -11 -4 -11 -4 -10 -6 -10 -6 -10 -6 -10 0 0 -7 -9 -8 -9 -9 -9 -9 -8 -9 -8 -10 -8 -10 -8 -10 -8 -10 -9 -10 -8 -11 -8 -11 -8 -11 -8 -11 -8 -11 -8 -11 -8 -11 -8 -11 -8 -11 -8 -11 -8 -10 -8 -10 -8 -10 -8 -11 -7 -10 -7 -10 -7 0 0 0 0 0 0 0 0 0 0 ],1687784600.1005828
CSI_DATA,STA,08:3A:F2:A8:E0:C1,-40,11,1,6,1,1,1,1,0,0,0,-95,1,1,1,9368135,0,110,0,0,9.55681,384,[110 96 6 0 0 0 0 0 0 0 0 0 -17 16 -17 15 -17 13 -17 13 -17 11 -17 10 -16 9 -16 9 -15 8 -14 8 -14 8 -14 7 -13 6 -13 6 -12 6 -12 6 -10 6 -10 6 -9 6 -9 6 -9 6 -8 6 -7 7 -7 7 -6 7 -6 8 0 0 -5 8 -5 8 -5 9 -4 9 -4 9 -4 10 -4 10 -4 10 -4 10 -4 10 -4 11 -3 11 -4 11 -4 11 -4 11 -3 11 -3 11 -3 11 -3 11 -4 10 -4 10 -4 10 -3 10 -3 10 -3 9 -3 9 0 0 0 0 0 0 0 0 0 0 ],1687784600.106394
CSI_DATA,STA,08:3A:F2:A8:E0:C1,-41,11,1,6,1,1,1,1,0,0,0,-95,1,1,1,9386865,0,110,0,0,9.57568,384,[110 96 6 0 0 0 0 0 0 0 0 0 -8 25 -8 25 -9 24 -10 22 -10 21 -10 20 -10 19 -10 19 -10 18 -9 17 -10 16 -9 15 -8 14 -8 14 -7 14 -7 13 -7 13 -5 12 -4 12 -4 11 -3 11 -3 11 -2 11 0 11 -1 11 0 11 0 0 1 11 2 11 2 11 2 11 4 11 3 12 4 12 4 12 4 12 5 12 5 12 5 13 5 13 5 12 5 12 5 12 5 12 5 12 5 12 5 12 5 12 4 12 5 12 5 11 5 11 5 10 0 0 0 0 0 0 0 0 0 0 ],1687784600.12545
CSI_DATA,STA,08:3A:F2:A8:E0:C1,-40,11,1,6,1,1,1,1,0,0,0,-95,1,1,1,9387871,0,110,0,0,9.58043,384,[110 96 6 0 0 0 0 0 0 0 0 0 16 14 15 14 15 14 13 14 13 14 11 13 11 14 10 13 9 13 9 12 8 12 8 12 8 11 8 10 7 10 7 9 7 8 6 8 7 7 7 7 7 6 7 5 7 5 8 5 8 5 7 4 0 0 8 3 9 3 9 2 9 2 10 2 10 2 10 2 10 1 10 1 10 1 10 1 11 1 11 1 11 1 11 1 11 1 11 1 11 1 11 1 10 1 10 1 10 1 10 1 10 1 10 1 9 1 0 0 0 0 0 0 0 0 0 0 ],1687784600.129505
CSI_DATA,STA,08:3A:F2:A8:E0:C1,-40,11,1,6,1,1,1,1,0,0,0,-95,1,1,1,9399381,0,110,0,0,9.58802,384,[110 96 6 0 0 0 0 0 0 0 0 0 -8 -22 -6 -21 -6 -21 -5 -21 -5 -20 -3 -19 -2 -19 -2 -18 -2 -18 -2 -17 -1 -16 -1 -16 -1 -15 -2 -14 -1 -14 -1 -13 -2 -12 -2 -12 -3 -11 -3 -11 -3 -10 -4 -10 -3 -9 -5 -9 -5 -9 -5 -9 0 0 -6 -8 -6 -8 -7 -8 -7 -8 -8 -8 -8 -8 -8 -9 -9 -8 -9 -9 -9 -8 -9 -8 -9 -8 -10 -8 -9 -8 -9 -8 -9 -8 -9 -9 -9 -8 -9 -8 -9 -8 -8 -8 -9 -8 -8 -8 -9 -7 -8 -7 -8 -7 0 0 0 0 0 0 0 0 0 0 ],1687784600.137399
CSI_DATA,STA,08:3A:F2:A8:E0:C1,-40,11,1,6,1,1,1,1,0,0,0,-95,1,1,1,9408371,0,110,0,0,9.59719,384,[110 96 6 0 0 0 0 0 0 0 0 0 23 9 21 9 21 10 20 10 19 10 17 11 16 10 15 11 15 10 14 10 13 10 13 10 13 10 12 9 11 8 12 7 10 6 10 6 11 5 11 5 10 4 10 4 10 3 10 3 10 2 10 1 0 0 10 0 11 -1 11 -1 11 -2 11 -1 11 -2 12 -2 12 -3 12 -3 12 -3 12 -3 12 -3 12 -3 12 -3 12 -4 12 -3 12 -4 12 -3 12 -3 12 -3 12 -3 11 -3 11 -3 11 -3 11 -2 10 -3 0 0 0 0 0 0 0 0 0 0 ],1687784600.1471071
CSI_DATA,STA,08:3A:F2:A8:E0:C1,-40,11,1,6,1,1,1,1,0,0,0,-95,1,1,1,9419424,0,110,0,0,9.60817,384,[110 96 6 0 0 0 0 0 0 0 0 0 0 20 0 19 -1 19 -2 19 -2 18 -2 16 -3 16 -4 15 -4 14 -3 14 -3 13 -3 13 -3 13 -2 12 -3 12 -2 11 -2 10 -2 9 -1 10 -1 9 0 9 0 8 1 8 2 8 2 8 2 7 0 0 3 7 4 8 4 7 4 7 5 7 5 7 5 8 5 8 6 8 6 7 6 7 6 8 7 8 7 8 6 7 7 7 6 7 6 7 6 7 6 7 6 7 6 7 6 7 6 6 6 6 6 6 0 0 0 0 0 0 0 0 0 0 ],1687784600.1581151
CSI_DATA,STA,08:3A:F2:A8:E0:C1,-40,11,1,6,1,1,1,1,0,0,0,-95,1,1,1,9427620,0,110,0,0,9.61634,384,[110 96 6 0 0 0 0 0 0 0 0 0 24 -6 23 -5 23 -4 23 -3 21 -3 21 -2 20 -2 19 -1 19 0 17 -1 17 0 16 0 16 0 15 0 14 0 14 -1 13 -1 12 -2 11 -2 11 -2 10 -2 10 -3 10 -4 10 -4 9 -5 9 -6 0 0 9 -7 8 -7 8 -7 8 -8 8 -8 8 -9 9 -9 8 -9 9 -10 8 -10 8 -10 8 -10 8 -10 9 -10 8 -10 8 -10 8 -10 8 -10 8 -10 7 -10 8 -10 8 -10 8 -10 7 -10 7 -9 7 -9 0 0 0 0 0 0 0 0 0 0 ],1687784600.166286
CSI_DATA,STA,08:3A:F2:A8:E0:C1,-40,11,1,6,1,1,1,1,0,0,0,-95,1,1,1,9439652,0,110,0,0,9.62856,384,[110 96 6 0 0 0 0 0 0 0 0 0 -11 19 -12 18 -12 17 -12 17 -12 15 -13 15 -12 14 -12 13 -12 12 -11 11 -11 11 -11 11 -10 11 -10 10 -9 9 -9 9 -8 9 -8 9 -6 8 -6 8 -6 8 -5 8 -5 8 -3 9 -3 8 -3 9 0 0 -2 9 -1 9 -1 9 -1 9 0 10 0 10 0 11 1 10 1 11 1 11 1 11 1 11 1 11 2 11 1 11 2 11 2 11 2 11 2 11 1 10 1 10 1 10 1 10 2 10 2 9 2 9 0 0 0 0 0 0 0 0 0 0 ],1687784600.178528
CSI_DATA,STA,08:3A:F2:A8:E0:C1,-39,11,1,5,1,1,1,1,0,0,0,-95,1,1,1,9448810,0,110,0,0,9.63758,384,[110 96 6 0 0 0 0 0 0 0 0 0 -25 -4 -24 -5 -24 -5 -23 -7 -22 -7 -20 -7 -19 -8 -18 -7 -18 -8 -17 -8 -16 -7 -16 -7 -16 -7 -15 -6 -14 -6 -14 -5 -12 -5 -12 -4 -12 -4 -12 -4 -11 -4 -11 -3 -11 -2 -11 -1 -11 -1 -11 1 0 0 -11 1 -11 2 -11 2 -11 3 -12 3 -12 3 -13 3 -12 3 -12 4 -12 4 -12 5 -13 4 -13 5 -13 5 -12 4 -12 4 -12 5 -12 4 -12 4 -12 3 -12 3 -12 4 -12 3 -11 4 -11 3 -11 4 0 0 0 0 0 0 0 0 0 0 ],1687784600.188282
CSI_DATA,STA,08:3A:F2:A8:E0:C1,-40,11,1,6,1,1,1,1,0,0,0,-95,1,1,1,9464088,0,110,0,0,9.6529,384,[110 96 6 0 0 0 0 0 0 0 0 0 12 -20 12 -18 13 -18 12 -17 13 -16 13 -14 13 -13 12 -13 12 -12 12 -12 12 -11 11 -11 10 -10 9 -10 9 -9 9 -10 8 -9 7 -9 6 -9 6 -9 6 -8 5 -9 4 -9 3 -9 3 -9 3 -9 0 0 2 -10 1 -10 1 -10 1 -11 0 -11 0 -11 0 -11 0 -12 0 -12 0 -12 -1 -12 -1 -12 -1 -12 -1 -12 -1 -13 -1 -12 -1 -13 -1 -12 -1 -12 -1 -12 -1 -12 -1 -11 -1 -11 -1 -11 -1 -11 -1 -10 0 0 0 0 0 0 0 0 0 0 ],1687784600.203264
CSI_DATA,STA,08:3A:F2:A8:E0:C1,-40,11,1,6,1,1,1,1,0,0,0,-95,1,1,1,9471178,0,110,0,0,9.65979,384,[110 96 6 0 0 0 0 0 0 0 0 0 -18 18 -17 16 -18 16 -18 15 -17 14 -17 13 -17 12 -16 11 -16 11 -16 10 -15 10 -15 9 -14 8 -13 8 -12 8 -12 9 -11 8 -11 8 -10 8 -9 8 -8 7 -8 8 -7 8 -6 8 -6 8 -6 9 0 0 -5 10 -4 10 -3 10 -3 11 -3 11 -2 11 -3 12 -2 12 -2 12 -2 12 -2 12 -2 13 -2 12 -2 13 -1 13 -1 12 -1 13 -1 12 -1 12 -2 12 -2 12 -2 12 -2 12 -1 11 -1 11 -1 11 0 0 0 0 0 0 0 0 0 0 ],1687784600.209444
CSI_DATA,STA,08:3A:F2:A8:E0:C1,-40,11,1,6,1,1,1,1,0,0,0,-95,1,1,1,9479333,0,110,0,0,9.66797,384,[110 96 6 0 0 0 0 0 0 0 0 0 24 -5 23 -4 23 -3 22 -1 22 -2 20 -1 20 0 19 0 19 1 17 0 17 0 16 0 16 0 15 1 14 0 14 -1 13 0 13 -1 11 -1 11 -2 11 -2 10 -3 10 -3 9 -4 9 -5 9 -5 0 0 9 -7 8 -6 8 -7 8 -8 8 -8 8 -8 9 -9 9 -9 9 -9 8 -10 8 -10 8 -10 8 -10 8 -10 8 -10 8 -10 8 -11 8 -10 8 -10 8 -10 8 -9 8 -10 8 -10 7 -10 7 -9 7 -9 0 0 0 0 0 0 0 0 0 0 ],1687784600.217466
CSI_DATA,STA,08:3A:F2:A8:E0:C1,-40,11,1,6,1,1,1,1,0,0,0,-95,1,1,1,9489529,0,110,0,0,9.67828,384,[110 96 6 0 0 0 0 0 0 0 0 0 -7 24 -7 23 -8 22 -8 21 -9 20 -9 19 -10 18 -10 17 -9 16 -9 15 -9 16 -9 14 -8 14 -8 13 -7 12 -7 12 -6 11 -6 11 -5 11 -4 10 -4 10 -3 10 -3 10 -1 10 -1 10 -1 10 0 0 0 10 1 11 1 10 1 10 2 11 2 11 2 11 3 12 3 11 3 12 4 12 4 12 3 12 3 12 3 12 4 12 4 12 4 12 4 12 3 11 3 11 3 11 3 11 3 11 3 10 3 10 0 0 0 0 0 0 0 0 0 0 ],1687784600.2277539
CSI_DATA,STA,08:3A:F2:A8:E0:C1,-39,11,1,5,1,1,1,1,0,0,0,-95,1,1,1,9499095,0,110,0,0,9.68783,384,[110 96 6 0 0 0 0 0 0 0 0 0 -5 -25 -5 -25 -5 -23 -3 -24 -3 -22 -2 -22 -1 -21 -1 -20 0 -19 0 -18 0 -18 0 -17 -1 -16 -1 -16 -1 -15 -1 -14 -1 -14 -1 -13 -2 -12 -2 -12 -3 -12 -3 -11 -4 -10 -5 -10 -5 -11 -5 -10 0 0 -6 -10 -7 -9 -7 -9 -8 -8 -8 -9 -9 -9 -9 -10 -9 -9 -10 -10 -10 -9 -11 -9 -10 -10 -10 -9 -10 -9 -10 -9 -10 -9 -10 -9 -11 -9 -10 -9 -10 -8 -10 -9 -10 -9 -9 -9 -10 -8 -9 -8 -9 -8 0 0 0 0 0 0 0 0 0 0 ],1687784600.237477
CSI_DATA,STA,08:3A:F2:A8:E0:C1,-40,11,1,6,1,1,1,1,0,0,0,-95,1,1,1,9507851,0,110,0,0,9.69658,384,[110 96 6 0 0 0 0 0 0 0 0 0 -17 18 -17 18 -17 16 -18 15 -17 14 -17 13 -17 12 -16 12 -16 11 -15 10 -15 10 -14 9 -13 9 -13 9 -12 8 -12 8 -12 8 -10 8 -10 8 -9 7 -8 7 -8 8 -7 8 -6 9 -5 9 -5 9 0 0 -5 10 -4 10 -4 10 -3 10 -3 11 -3 11 -3 11 -2 12 -3 12 -2 12 -2 13 -1 13 -2 13 -2 13 -2 12 -2 13 -2 12 -2 12 -2 12 -2 12 -2 12 -2 12 -2 11 -1 12 -1 11 -1 11 0 0 0 0 0 0 0 0 0 0 ],1687784600.247249
CSI_DATA,STA,08:3A:F2:A8:E0:C1,-39,11,1,5,1,1,1,1,0,0,0,-95,1,1,1,9519091,0,110,0,0,9.70783,384,[110 96 6 0 0 0 0 0 0 0 0 0 9 -21 10 -20 9 -19 10 -18 10 -17 10 -16 10 -15 10 -14 10 -14 9 -13 9 -13 9 -13 8 -12 7 -11 7 -11 7 -11 6 -10 6 -10 5 -10 5 -10 4 -9 3 -9 3 -9 2 -10 2 -10 1 -10 0 0 0 -10 -1 -10 -1 -10 -1 -11 -2 -11 -2 -12 -2 -11 -2 -12 -2 -11 -3 -11 -3 -12 -3 -12 -3 -12 -3 -12 -3 -12 -3 -12 -3 -12 -3 -12 -3 -11 -3 -11 -3 -12 -3 -11 -3 -11 -3 -11 -3 -11 -3 -10 0 0 0 0 0 0 0 0 0 0 ],1687784600.2578182
CSI_DATA,STA,08:3A:F2:A8:E0:C1,-39,11,1,5,1,1,1,1,0,0,0,-95,1,1,1,9535103,0,110,0,0,9.72425,384,[110 96 6 0 0 0 0 0 0 0 0 0 -24 4 -24 3 -23 2 -23 1 -22 1 -21 0 -20 -1 -19 0 -19 -1 -18 -1 -18 -1 -17 -1 -16 -1 -16 -1 -15 -1 -15 0 -13 0 -13 0 -12 1 -11 1 -11 1 -11 2 -10 3 -10 4 -10 4 -9 5 0 0 -9 6 -9 6 -9 6 -8 7 -9 7 -9 8 -9 8 -9 8 -9 8 -9 9 -8 9 -9 9 -9 10 -8 9 -8 9 -8 9 -8 10 -8 9 -8 9 -8 9 -8 9 -8 9 -8 9 -7 9 -7 9 -7 8 0 0 0 0 0 0 0 0 0 0 ],1687784600.273925
CSI_DATA,STA,08:3A:F2:A8:E0:C1,-40,11,1,6,1,1,1,1,0,0,0,-95,1,1,1,9545362,0,110,0,0,9.73435,384,[110 96 6 0 0 0 0 0 0 0 0 0 18 -13 18 -11 18 -11 18 -10 17 -9 17 -8 16 -7 16 -7 15 -6 14 -6 14 -6 14 -5 13 -5 12 -5 12 -5 11 -5 11 -4 10 -5 9 -5 9 -5 8 -5 8 -6 7 -6 7 -6 6 -7 6 -7 0 0 6 -8 5 -8 5 -9 4 -9 4 -9 4 -10 5 -10 4 -11 4 -10 4 -11 4 -11 4 -11 4 -11 4 -11 4 -11 4 -11 4 -11 4 -11 4 -10 3 -11 4 -11 4 -10 4 -11 3 -10 3 -10 3 -10 0 0 0 0 0 0 0 0 0 0 ],1687784600.284912
CSI_DATA,STA,08:3A:F2:A8:E0:C1,-40,11,1,6,1,1,1,1,0,0,0,-95,1,1,1,9552227,0,110,0,0,9.74085,384,[110 96 6 0 0 0 0 0 0 0 0 0 20 -10 20 -9 19 -8 20 -7 19 -6 18 -6 17 -5 17 -5 16 -4 15 -3 15 -4 15 -4 14 -3 13 -3 13 -3 12 -4 11 -3 11 -4 10 -4 10 -4 9 -4 9 -4 8 -5 8 -6 7 -6 7 -7 0 0 7 -7 6 -7 6 -8 6 -8 6 -9 6 -9 6 -9 6 -10 6 -10 6 -10 6 -11 6 -10 6 -10 6 -10 6 -10 5 -11 6 -11 6 -11 6 -10 5 -10 6 -10 5 -10 6 -10 5 -10 5 -9 4 -9 0 0 0 0 0 0 0 0 0 0 ],1687784600.291013
CSI_DATA,STA,08:3A:F2:A8:E0:C1,-39,11,1,5,1,1,1,1,0,0,0,-95,1,1,1,9566351,0,110,0,0,9.75521,384,[110 96 6 0 0 0 0 0 0 0 0 0 -8 -27 -7 -26 -7 -26 -6 -25 -5 -24 -4 -23 -2 -23 -1 -22 -1 -22 -1 -20 -1 -20 -1 -19 -2 -18 -2 -17 -2 -16 -2 -16 -2 -14 -2 -15 -3 -14 -3 -13 -3 -13 -4 -12 -4 -11 -6 -11 -6 -11 -6 -10 0 0 -7 -10 -8 -10 -9 -10 -9 -9 -10 -10 -10 -10 -10 -10 -10 -10 -11 -10 -11 -10 -11 -9 -12 -10 -11 -10 -11 -10 -11 -10 -12 -9 -12 -10 -11 -10 -11 -10 -11 -9 -11 -10 -11 -9 -11 -9 -11 -9 -10 -9 -10 -8 0 0 0 0 0 0 0 0 0 0 ],1687784600.306208
CSI_DATA,STA,08:3A:F2:A8:E0:C1,-39,11,1,5,1,1,1,1,0,0,0,-95,1,1,1,9575163,0,110,0,0,9.76394,384,[110 96 6 0 0 0 0 0 0 0 0 0 22 -11 21 -9 22 -9 21 -8 21 -7 20 -6 19 -5 18 -5 18 -4 18 -4 17 -4 16 -4 15 -3 15 -3 14 -3 13 -4 12 -3 11 -4 11 -4 10 -4 10 -4 10 -5 9 -5 8 -6 8 -6 8 -7 0 0 7 -8 7 -8 7 -9 7 -9 7 -9 7 -10 7 -10 6 -10 6 -11 6 -11 6 -11 6 -11 6 -11 6 -11 6 -12 6 -12 6 -12 6 -11 6 -11 6 -11 7 -11 6 -10 6 -11 6 -11 6 -10 5 -10 0 0 0 0 0 0 0 0 0 0 ],1687784600.313802
CSI_DATA,STA,08:3A:F2:A8:E0:C1,-40,11,1,6,1,1,1,1,0,0,0,-95,1,1,1,9583417,0,110,0,0,9.77208,384,[110 96 6 0 0 0 0 0 0 0 0 0 -25 5 -24 4 -24 4 -24 2 -23 2 -21 1 -21 1 -20 0 -19 0 -19 0 -18 -1 -17 -1 -17 -1 -16 0 -16 0 -15 0 -14 0 -13 1 -13 1 -12 2 -12 1 -11 2 -11 3 -10 3 -10 4 -10 5 0 0 -9 6 -10 6 -9 6 -9 7 -9 7 -9 8 -9 8 -9 8 -9 9 -9 9 -9 9 -9 10 -9 10 -9 9 -9 9 -9 9 -9 9 -9 9 -9 9 -8 9 -9 9 -9 8 -8 9 -8 8 -8 8 -8 8 0 0 0 0 0 0 0 0 0 0 ],1687784600.322431
CSI_DATA,STA,08:3A:F2:A8:E0:C1,-39,11,1,5,1,1,1,1,0,0,0,-95,1,1,1,9594172,0,110,0,0,9.78282,384,[110 96 6 0 0 0 0 0 0 0 0 0 -25 1 -24 0 -24 -1 -24 -1 -23 -2 -21 -3 -20 -3 -19 -3 -18 -4 -18 -4 -17 -3 -17 -4 -16 -3 -16 -3 -15 -3 -15 -2 -14 -2 -12 -1 -13 -1 -12 -1 -11 -1 -11 0 -11 1 -11 2 -11 2 -10 3 0 0 -10 4 -10 4 -10 5 -10 5 -10 6 -10 6 -11 6 -11 7 -10 7 -10 7 -10 8 -11 7 -10 8 -10 8 -10 7 -10 8 -10 8 -10 8 -10 7 -10 7 -10 7 -10 7 -10 7 -9 7 -9 7 -9 7 0 0 0 0 0 0 0 0 0 0 ],1687784600.332971
CSI_DATA,STA,08:3A:F2:A8:E0:C1,-38,11,1,4,1,1,1,1,0,0,0,-95,1,1,1,9603688,0,110,0,0,9.79231,384,[110 96 6 0 0 0 0 0 0 0 0 0 -24 -8 -24 -9 -23 -9 -23 -10 -21 -9 -19 -10 -18 -11 -17 -10 -16 -11 -16 -10 -16 -10 -15 -9 -15 -9 -15 -8 -14 -8 -13 -7 -12 -7 -11 -6 -12 -6 -11 -5 -11 -5 -11 -5 -11 -3 -11 -2 -12 -2 -12 -1 0 0 -12 0 -12 0 -12 1 -12 1 -13 1 -13 1 -14 1 -13 1 -14 2 -12 2 -13 4 -13 3 -14 4 -14 4 -14 2 -14 3 -13 3 -13 3 -13 3 -12 3 -13 2 -13 2 -12 2 -12 4 -12 2 -11 3 0 0 0 0 0 0 0 0 0 0 ],1687784600.342484
CSI_DATA,STA,08:3A:F2:A8:E0:C1,-40,11,1,6,1,1,1,1,0,0,0,-95,1,1,1,9610510,0,110,0,0,9.79914,384,[110 96 6 0 0 0 0 0 0 0 0 0 -25 0 -25 -1 -25 -1 -24 -3 -22 -3 -21 -4 -20 -4 -19 -4 -19 -4 -18 -5 -17 -5 -17 -5 -16 -5 -15 -4 -15 -4 -15 -2 -13 -3 -13 -2 -13 -2 -13 -1 -12 -1 -12 0 -11 1 -11 1 -11 2 -11 3 0 0 -11 4 -10 5 -10 4 -11 5 -11 5 -11 6 -11 6 -11 6 -11 7 -11 7 -11 7 -11 7 -11 7 -11 7 -11 7 -10 7 -11 8 -11 7 -10 8 -10 7 -11 7 -10 7 -10 7 -9 7 -10 6 -9 6 0 0 0 0 0 0 0 0 0 0 ],1687784600.348883
CSI_DATA,STA,08:3A:F2:A8:E0:C1,-40,11,1,6,1,1,1,1,0,0,0,-95,1,1,1,9619869,0,110,0,0,9.80867,384,[110 96 6 0 0 0 0 0 0 0 0 0 21 7 19 8 19 8 19 9 18 8 16 9 15 9 14 9 14 9 13 9 13 8 12 8 12 8 11 7 11 7 10 6 9 5 9 5 9 4 9 4 9 4 9 3 9 2 9 1 9 1 9 0 0 0 9 -1 10 -1 9 -1 9 -2 10 -2 10 -2 10 -3 10 -3 11 -3 11 -3 11 -3 11 -3 11 -3 11 -3 11 -4 11 -3 11 -4 11 -4 10 -3 11 -3 11 -3 10 -3 10 -3 10 -4 10 -3 9 -3 0 0 0 0 0 0 0 0 0 0 ],1687784600.357821
CSI_DATA,STA,08:3A:F2:A8:E0:C1,-40,11,1,6,1,1,1,1,0,0,0,-95,1,1,1,9628778,0,110,0,0,9.81749,384,[110 96 6 0 0 0 0 0 0 0 0 0 22 -6 21 -4 21 -3 21 -3 20 -2 19 -1 18 -1 17 -1 17 0 16 0 16 -1 15 -1 14 -1 13 -1 13 0 12 -1 11 -1 11 -2 10 -2 10 -2 10 -2 9 -3 9 -3 8 -4 8 -5 8 -5 0 0 8 -6 7 -7 7 -7 7 -8 7 -8 7 -8 7 -8 7 -8 7 -9 7 -10 6 -10 7 -10 7 -10 7 -10 7 -10 6 -10 7 -10 7 -10 7 -9 6 -10 7 -9 6 -9 6 -9 6 -9 6 -9 6 -9 0 0 0 0 0 0 0 0 0 0 ],1687784600.367502
CSI_DATA,STA,08:3A:F2:A8:E0:C1,-40,11,1,6,1,1,1,1,0,0,0,-95,1,1,1,9639062,0,110,0,0,9.82797,384,[110 96 6 0 0 0 0 0 0 0 0 0 -1 25 -2 24 -3 23 -4 23 -4 21 -4 21 -5 20 -5 18 -5 18 -5 17 -5 16 -5 16 -4 15 -4 14 -4 14 -3 14 -3 13 -2 12 -2 12 -1 11 -1 10 0 11 0 10 1 10 2 10 2 10 0 0 3 9 4 10 5 10 5 10 5 10 6 10 6 10 6 10 6 10 6 10 7 10 7 10 7 10 7 10 7 10 7 10 7 10 7 10 7 10 7 10 7 10 7 9 6 9 7 9 6 9 6 8 0 0 0 0 0 0 0 0 0 0 ],1687784600.3778062
CSI_DATA,STA,08:3A:F2:A8:E0:C1,-40,11,1,6,1,1,1,1,0,0,0,-95,1,1,1,9648690,0,110,0,0,9.83743,384,[110 96 6 0 0 0 0 0 0 0 0 0 20 -15 21 -14 20 -13 20 -11 19 -11 19 -10 19 -8 18 -8 17 -7 16 -7 16 -7 15 -7 15 -6 14 -7 13 -6 13 -6 12 -6 11 -6 10 -6 10 -7 9 -6 9 -7 8 -7 7 -8 7 -8 7 -9 0 0 6 -10 5 -10 5 -10 5 -10 5 -11 5 -11 5 -11 4 -12 4 -12 4 -12 4 -12 4 -13 4 -13 4 -13 4 -13 4 -13 4 -13 4 -13 4 -12 4 -12 4 -12 4 -12 4 -12 3 -12 4 -11 3 -11 0 0 0 0 0 0 0 0 0 0 ],1687784600.387639
CSI_DATA,STA,08:3A:F2:A8:E0:C1,-38,11,1,4,1,1,1,1,0,0,0,-95,1,1,1,9661312,0,110,0,0,9.85005,384,[110 96 6 0 0 0 0 0 0 0 0 0 -18 -20 -16 -19 -17 -19 -15 -20 -14 -19 -11 -18 -11 -18 -10 -18 -10 -18 -9 -17 -8 -17 -8 -16 -8 -15 -8 -15 -7 -14 -8 -14 -7 -12 -7 -12 -7 -11 -7 -10 -7 -10 -8 -9 -8 -9 -9 -8 -10 -8 -9 -7 0 0 -10 -6 -11 -6 -11 -5 -12 -5 -12 -5 -12 -6 -12 -6 -12 -5 -13 -5 -13 -4 -14 -4 -13 -5 -14 -5 -13 -4 -13 -5 -13 -4 -14 -5 -13 -4 -13 -4 -12 -4 -13 -5 -13 -5 -12 -5 -12 -4 -12 -4 -11 -4 0 0 0 0 0 0 0 0 0 0 ],1687784600.400682
CSI_DATA,STA,08:3A:F2:A8:E0:C1,-40,11,1,6,1,1,1,1,0,0,0,-95,1,1,1,9668856,0,110,0,0,9.85747,384,[110 96 6 0 0 0 0 0 0 0 0 0 22 11 21 11 21 11 19 12 18 11 16 12 15 12 15 12 14 12 14 12 13 11 12 11 12 10 12 10 11 9 11 8 10 8 9 7 10 6 10 6 10 6 10 5 9 4 10 2 10 3 10 1 0 0 10 1 10 1 11 0 11 -1 11 0 12 -1 12 -1 12 -2 12 -1 12 -2 12 -2 12 -2 13 -2 13 -2 13 -2 12 -2 13 -2 13 -2 12 -2 12 -2 12 -2 12 -2 11 -2 11 -2 11 -2 11 -2 0 0 0 0 0 0 0 0 0 0 ],1687784600.4067469
CSI_DATA,STA,08:3A:F2:A8:E0:C1,-39,11,1,5,1,1,1,1,0,0,0,-95,1,1,1,9680285,0,110,0,0,9.86902,384,[110 96 6 0 0 0 0 0 0 0 0 0 -11 22 -11 21 -12 20 -12 19 -12 18 -12 17 -13 16 -12 15 -12 15 -12 14 -12 13 -12 12 -11 11 -10 11 -9 10 -9 11 -8 10 -8 10 -6 9 -6 10 -5 9 -5 9 -4 10 -3 10 -3 10 -3 10 0 0 -1 10 0 11 0 11 0 11 0 11 1 12 1 12 1 12 1 12 1 12 2 12 2 12 2 13 2 12 2 12 2 12 2 13 2 12 2 11 2 12 2 12 2 12 1 11 1 11 1 11 2 10 0 0 0 0 0 0 0 0 0 0 ],1687784600.419064
CSI_DATA,STA,08:3A:F2:A8:E0:C1,-39,11,1,5,1,1,1,1,0,0,0,-95,1,1,1,9690078,0,110,0,0,9.87881,384,[110 96 6 0 0 0 0 0 0 0 0 0 -6 -24 -5 -25 -5 -22 -4 -24 -2 -21 -1 -22 0 -20 -1 -20 0 -20 -1 -17 -1 -18 -1 -17 -1 -16 -2 -16 -1 -16 -1 -14 -1 -14 -1 -12 -2 -13 -2 -12 -2 -12 -3 -11 -3 -10 -5 -10 -5 -10 -6 -10 0 0 -6 -10 -7 -9 -7 -10 -7 -8 -8 -10 -8 -10 -8 -10 -9 -9 -9 -10 -9 -9 -10 -8 -10 -9 -11 -9 -11 -10 -10 -9 -10 -10 -10 -9 -10 -9 -9 -10 -9 -9 -9 -9 -9 -9 -9 -8 -10 -7 -9 -8 -9 -8 0 0 0 0 0 0 0 0 0 0 ],1687784600.428694
CSI_DATA,STA,08:3A:F2:A8:E0:C1,-40,11,1,6,1,1,1,1,0,0,0,-95,1,1,1,9698724,0,110,0,0,9.88746,384,[110 96 6 0 0 0 0 0 0 0 0 0 22 -5 22 -4 21 -3 21 -2 19 -2 19 -1 18 0 17 -1 17 0 15 0 15 0 15 0 15 0 14 -1 13 0 12 -1 12 -1 11 -2 10 -2 10 -2 10 -2 10 -3 9 -3 8 -4 8 -5 8 -5 0 0 8 -6 7 -6 7 -7 7 -8 7 -8 7 -8 7 -8 7 -8 7 -9 6 -9 7 -9 7 -9 7 -10 7 -10 7 -9 7 -10 7 -10 7 -10 7 -9 6 -9 7 -9 7 -9 6 -9 6 -9 6 -9 5 -9 0 0 0 0 0 0 0 0 0 0 ],1687784600.436619
CSI_DATA,STA,08:3A:F2:A8:E0:C1,-40,11,1,6,1,1,1,1,0,0,0,-95,1,1,1,9708792,0,110,0,0,9.89752,384,[110 96 6 0 0 0 0 0 0 0 0 0 1 -26 2 -25 2 -25 3 -24 4 -22 4 -21 5 -21 5 -20 5 -19 5 -18 5 -18 5 -17 4 -16 4 -15 4 -15 3 -14 3 -13 3 -13 2 -13 1 -12 0 -12 0 -12 0 -11 -2 -11 -1 -11 -2 -11 0 0 -3 -11 -4 -11 -5 -11 -5 -11 -6 -12 -6 -12 -6 -12 -6 -12 -6 -12 -7 -11 -7 -12 -7 -12 -7 -12 -7 -12 -7 -12 -8 -12 -7 -12 -7 -12 -7 -12 -7 -12 -6 -12 -7 -11 -6 -11 -7 -11 -6 -11 -6 -10 0 0 0 0 0 0 0 0 0 0 ],1687784600.4479191
CSI_DATA,STA,08:3A:F2:A8:E0:C1,-39,11,1,5,1,1,1,1,0,0,0,-95,1,1,1,9720045,0,110,0,0,9.90879,384,[110 96 6 0 0 0 0 0 0 0 0 0 10 -23 11 -22 10 -21 11 -20 11 -19 11 -18 11 -17 11 -16 11 -15 11 -15 11 -14 10 -14 10 -13 9 -12 9 -12 8 -12 7 -11 7 -11 6 -10 5 -10 4 -10 4 -10 4 -10 3 -10 3 -11 2 -11 0 0 1 -11 0 -11 0 -12 0 -12 -1 -12 -1 -13 -1 -13 -1 -13 -1 -13 -2 -13 -2 -13 -2 -13 -2 -13 -2 -13 -1 -14 -2 -13 -2 -13 -2 -13 -2 -13 -2 -13 -1 -13 -2 -13 -1 -13 -2 -12 -1 -12 -2 -11 0 0 0 0 0 0 0 0 0 0 ],1687784600.459031
CSI_DATA,STA,08:3A:F2:A8:E0:C1,-39,11,1,5,1,1,1,1,0,0,0,-95,1,1,1,9733162,0,110,0,0,9.92201,384,[110 96 6 0 0 0 0 0 0 0 0 0 -22 -5 -21 -6 -21 -6 -20 -7 -20 -7 -17 -7 -17 -7 -16 -7 -16 -7 -15 -8 -14 -7 -14 -8 -13 -7 -13 -7 -12 -7 -12 -5 -11 -5 -11 -5 -11 -4 -11 -4 -10 -3 -10 -3 -10 -2 -10 -2 -10 -1 -10 0 0 0 -10 0 -10 1 -10 1 -10 2 -10 2 -11 2 -11 2 -11 2 -11 3 -11 3 -11 3 -11 3 -12 3 -11 4 -12 3 -11 3 -12 4 -11 3 -11 3 -11 3 -11 3 -11 3 -11 3 -10 3 -10 2 -10 2 0 0 0 0 0 0 0 0 0 0 ],1687784600.471822
CSI_DATA,STA,08:3A:F2:A8:E0:C1,-40,11,1,6,1,1,1,1,0,0,0,-95,1,1,1,9740299,0,110,0,0,9.92952,384,[110 96 6 0 0 0 0 0 0 0 0 0 19 -16 20 -15 18 -13 19 -13 18 -11 18 -11 18 -9 17 -9 17 -9 15 -8 15 -9 14 -8 13 -8 13 -8 13 -7 11 -7 11 -7 10 -7 10 -7 9 -7 8 -7 8 -7 7 -8 6 -8 6 -9 6 -9 0 0 5 -9 4 -10 4 -11 3 -10 3 -11 3 -12 3 -12 3 -12 3 -12 2 -12 2 -13 2 -13 2 -13 3 -14 2 -13 2 -13 2 -12 2 -13 3 -13 2 -12 2 -13 3 -12 2 -12 2 -12 2 -12 2 -11 0 0 0 0 0 0 0 0 0 0 ],1687784600.479779
CSI_DATA,STA,08:3A:F2:A8:E0:C1,-40,11,1,6,1,1,1,1,0,0,0,-95,1,1,1,9748774,0,110,0,0,9.93758,384,[110 96 6 0 0 0 0 0 0 0 0 0 15 -17 16 -16 15 -15 16 -14 15 -13 15 -12 15 -11 14 -11 14 -10 13 -9 13 -9 12 -9 12 -9 11 -8 11 -8 10 -8 9 -7 8 -8 7 -8 7 -8 7 -8 6 -8 5 -8 5 -8 5 -8 4 -9 0 0 3 -10 2 -10 2 -10 2 -10 1 -10 1 -11 2 -11 1 -12 1 -12 0 -12 0 -12 1 -12 1 -12 0 -12 0 -12 0 -12 0 -13 0 -12 0 -12 0 -12 1 -12 0 -11 0 -11 0 -11 0 -11 0 -11 0 0 0 0 0 0 0 0 0 0 ],1687784600.488319
CSI_DATA,STA,08:3A:F2:A8:E0:C1,-40,11,1,6,1,1,1,1,0,0,0,-95,1,1,1,9760401,0,110,0,0,9.94918,384,[110 96 6 0 0 0 0 0 0 0 0 0 9 23 8 23 7 22 6 21 6 21 4 20 3 20 2 19 2 19 2 17 2 17 1 16 2 16 2 15 2 14 2 13 3 13 3 12 3 11 4 11 4 10 4 9 4 9 6 9 5 8 6 8 0 0 7 7 7 7 8 7 9 6 9 7 9 7 9 7 10 7 10 7 10 6 11 6 11 6 11 6 11 6 11 6 11 6 11 6 11 6 11 6 10 6 10 6 10 6 10 5 10 5 9 5 9 5 0 0 0 0 0 0 0 0 0 0 ],1687784600.499302
CSI_DATA,STA,08:3A:F2:A8:E0:C1,-40,11,1,6,1,1,1,1,0,0,0,-95,1,1,1,9772151,0,110,0,0,9.96093,384,[110 96 6 0 0 0 0 0 0 0 0 0 9 20 8 19 8 19 7 19 6 18 5 18 4 17 3 17 3 16 3 15 3 15 2 14 3 14 3 13 3 12 3 12 3 11 3 10 3 10 3 9 4 9 4 9 4 8 5 8 5 7 5 6 0 0 6 6 7 6 7 6 8 5 8 5 8 5 8 6 9 5 9 6 9 5 9 5 10 5 10 5 9 5 10 5 10 5 10 5 9 5 10 5 9 5 9 5 9 5 9 4 9 4 9 5 8 4 0 0 0 0 0 0 0 0 0 0 ],1687784600.510776
CSI_DATA,STA,08:3A:F2:A8:E0:C1,-39,11,1,5,1,1,1,1,0,0,0,-95,1,1,1,9781890,0,110,0,0,9.97052,384,[110 96 6 0 0 0 0 0 0 0 0 0 12 -22 13 -21 12 -20 13 -19 13 -18 13 -17 13 -15 13 -14 13 -14 12 -13 12 -13 11 -13 11 -11 10 -11 10 -11 9 -11 8 -10 8 -10 6 -10 6 -10 6 -9 5 -10 4 -10 3 -10 3 -10 3 -11 0 0 2 -11 1 -11 1 -11 0 -11 0 -12 0 -12 0 -13 0 -13 -1 -13 -1 -13 -2 -13 -1 -13 -1 -13 -1 -13 -1 -13 -2 -13 -1 -13 -1 -13 -1 -13 -1 -13 0 -13 0 -12 0 -12 -2 -12 -1 -12 -1 -11 0 0 0 0 0 0 0 0 0 0 ],1687784600.520761
CSI_DATA,STA,08:3A:F2:A8:E0:C1,-39,11,1,5,1,1,1,1,0,0,0,-95,1,1,1,9789057,0,110,0,0,9.97768,384,[110 96 6 0 0 0 0 0 0 0 0 0 21 -13 21 -12 21 -11 21 -9 20 -9 19 -8 19 -7 18 -6 18 -6 17 -5 17 -6 16 -5 15 -4 14 -5 14 -4 13 -5 12 -4 11 -5 11 -5 10 -5 9 -5 10 -6 9 -6 8 -7 8 -7 8 -8 0 0 7 -9 7 -9 6 -9 6 -10 6 -10 6 -11 6 -11 6 -12 6 -11 6 -11 5 -12 6 -12 6 -12 5 -12 6 -12 5 -12 6 -13 5 -12 5 -12 5 -11 6 -11 6 -11 5 -11 5 -11 5 -11 4 -10 0 0 0 0 0 0 0 0 0 0 ],1687784600.527592
CSI_DATA,STA,08:3A:F2:A8:E0:C1,-38,11,1,4,1,1,1,1,0,0,0,-95,1,1,1,9800302,0,110,0,0,9.98904,384,[110 96 6 0 0 0 0 0 0 0 0 0 -23 1 -23 0 -22 0 -23 -1 -21 -2 -19 -2 -18 -3 -18 -3 -17 -4 -16 -3 -16 -3 -16 -3 -15 -3 -15 -3 -15 -3 -14 -2 -13 -2 -11 -1 -12 -1 -11 -1 -11 -1 -11 0 -10 0 -10 1 -10 2 -10 3 0 0 -10 4 -10 4 -10 5 -9 5 -10 5 -10 5 -11 5 -10 6 -10 6 -9 6 -9 7 -10 7 -10 7 -10 8 -10 6 -10 7 -9 7 -9 7 -9 7 -9 6 -9 6 -10 6 -9 6 -8 7 -9 6 -8 6 0 0 0 0 0 0 0 0 0 0 ],1687784600.538421
CSI_DATA,STA,08:3A:F2:A8:E0:C1,-39,11,1,5,1,1,1,1,0,0,0,-95,1,1,1,9810186,0,110,0,0,9.99893,384,[110 96 6 0 0 0 0 0 0 0 0 0 21 -6 21 -5 20 -5 20 -4 19 -3 18 -2 18 -1 17 -1 17 -1 16 0 16 0 15 -1 14 0 13 0 12 0 12 -1 11 -1 11 -2 10 -2 10 -2 9 -2 9 -3 8 -3 8 -4 8 -4 8 -5 0 0 8 -5 7 -6 7 -6 7 -7 7 -7 7 -8 8 -8 7 -8 7 -9 7 -9 7 -9 7 -9 7 -9 7 -9 7 -9 7 -9 7 -9 7 -9 7 -9 6 -9 7 -9 7 -8 7 -8 6 -9 6 -8 6 -8 0 0 0 0 0 0 0 0 0 0 ],1687784600.548548
CSI_DATA,STA,08:3A:F2:A8:E0:C1,-39,11,1,5,1,1,1,1,0,0,0,-95,1,1,1,9820403,0,110,0,0,10.0092,384,[110 96 6 0 0 0 0 0 0 0 0 0 22 0 22 1 21 1 21 2 19 2 18 3 17 3 16 4 16 4 15 3 14 3 14 4 14 4 13 3 13 3 12 2 11 2 10 1 11 1 10 1 10 1 10 1 9 -1 9 -1 9 -2 9 -3 0 0 9 -4 9 -3 9 -4 8 -5 9 -5 9 -5 10 -5 9 -5 10 -6 9 -6 9 -6 10 -6 10 -6 10 -7 10 -6 10 -7 10 -6 10 -6 9 -6 9 -6 9 -6 9 -6 9 -6 9 -6 9 -5 8 -6 0 0 0 0 0 0 0 0 0 0 ],1687784600.558762
CSI_DATA,STA,08:3A:F2:A8:E0:C1,-39,11,1,5,1,1,1,1,0,0,0,-95,1,1,1,9830187,0,110,0,0,10.0189,384,[110 96 6 0 0 0 0 0 0 0 0 0 -16 19 -17 18 -16 16 -17 16 -16 14 -16 14 -16 12 -15 12 -15 12 -14 10 -14 10 -14 10 -13 9 -12 9 -12 9 -11 9 -11 9 -9 8 -9 8 -8 8 -8 8 -7 8 -6 8 -5 9 -5 9 -5 9 0 0 -4 10 -3 10 -2 11 -2 10 -2 11 -2 12 -2 11 -2 11 -1 12 -1 11 -1 12 -1 12 -1 13 -1 13 -1 12 0 12 0 12 0 12 0 12 -1 11 -1 12 -1 12 -1 11 0 11 0 11 0 11 0 0 0 0 0 0 0 0 0 0 ],1687784600.568785
CSI_DATA,STA,08:3A:F2:A8:E0:C1,-38,11,1,4,1,1,1,1,0,0,0,-95,1,1,1,9848060,0,110,0,0,10.037,384,[110 96 6 0 0 0 0 0 0 0 0 0 -21 15 -21 13 -20 13 -21 12 -20 10 -19 9 -18 9 -18 8 -18 7 -17 6 -17 7 -16 6 -16 6 -15 6 -14 5 -14 6 -13 6 -12 5 -11 5 -10 5 -10 5 -9 6 -9 6 -8 7 -8 8 -8 8 0 0 -7 9 -6 9 -6 10 -5 10 -6 10 -5 11 -6 11 -5 11 -5 12 -5 11 -5 12 -5 12 -5 12 -5 13 -5 11 -5 12 -5 12 -4 12 -4 12 -4 11 -5 11 -5 11 -4 11 -4 11 -4 10 -4 10 0 0 0 0 0 0 0 0 0 0 ],1687784600.586554
CSI_DATA,STA,08:3A:F2:A8:E0:C1,-39,11,1,5,1,1,1,1,0,0,0,-95,1,1,1,9848768,0,110,0,0,10.0418,384,[110 96 6 0 0 0 0 0 0 0 0 0 -23 -9 -22 -9 -22 -10 -21 -10 -21 -10 -18 -11 -17 -11 -16 -11 -15 -11 -15 -11 -14 -10 -14 -10 -14 -10 -13 -9 -12 -9 -12 -8 -11 -7 -11 -7 -11 -6 -10 -6 -10 -6 -10 -5 -10 -4 -10 -3 -11 -3 -11 -2 0 0 -11 -1 -11 -1 -11 0 -11 0 -12 0 -12 0 -13 0 -12 1 -13 1 -13 1 -13 2 -13 1 -13 2 -14 1 -13 1 -13 1 -13 1 -13 1 -13 1 -13 1 -13 0 -13 0 -12 1 -12 1 -12 1 -11 1 0 0 0 0 0 0 0 0 0 0 ],1687784600.591766
CSI_DATA,STA,08:3A:F2:A8:E0:C1,-39,11,1,5,1,1,1,1,0,0,0,-95,1,1,1,9865753,0,110,0,0,10.0545,384,[110 96 6 0 0 0 0 0 0 0 0 0 6 23 5 23 5 21 4 22 3 20 2 20 1 19 0 18 0 18 1 17 0 16 0 16 1 15 1 15 1 14 1 13 1 12 1 11 2 11 2 10 2 10 2 10 3 9 4 9 4 9 5 8 0 0 5 8 6 8 7 8 7 7 7 8 8 7 8 8 8 8 9 8 8 7 9 7 9 8 9 8 9 8 9 7 9 7 9 7 9 7 9 7 8 7 9 8 8 8 9 7 8 6 8 7 8 6 0 0 0 0 0 0 0 0 0 0 ],1687784600.6043189
CSI_DATA,STA,08:3A:F2:A8:E0:C1,-39,11,1,5,1,1,1,1,0,0,0,-95,1,1,1,9872341,0,110,0,0,10.061,384,[110 96 6 0 0 0 0 0 0 0 0 0 -10 -24 -9 -23 -8 -23 -7 -22 -6 -22 -5 -21 -4 -21 -3 -20 -3 -19 -4 -18 -3 -18 -3 -17 -3 -16 -3 -16 -3 -15 -3 -15 -2 -13 -3 -13 -4 -12 -4 -12 -4 -11 -4 -11 -5 -10 -6 -10 -6 -10 -6 -9 0 0 -7 -9 -8 -9 -8 -8 -9 -8 -9 -8 -10 -9 -10 -9 -10 -9 -10 -9 -11 -8 -11 -8 -11 -8 -11 -8 -11 -8 -11 -9 -11 -8 -11 -8 -11 -8 -10 -8 -10 -8 -10 -8 -10 -9 -10 -8 -10 -7 -10 -8 -9 -7 0 0 0 0 0 0 0 0 0 0 ],1687784600.610923
CSI_DATA,STA,08:3A:F2:A8:E0:C1,-38,11,1,4,1,1,1,1,0,0,0,-95,1,1,1,9883208,0,110,0,0,10.0719,384,[110 96 6 0 0 0 0 0 0 0 0 0 3 26 2 24 2 24 0 23 -1 22 -1 21 -2 21 -3 19 -3 19 -3 17 -3 18 -4 17 -2 16 -2 16 -2 14 -2 14 -2 13 -1 12 0 12 0 11 0 11 1 11 1 10 2 10 3 10 3 10 0 0 4 10 5 10 6 10 6 9 6 10 7 10 7 11 7 10 7 10 8 9 8 10 7 10 8 10 8 10 8 10 8 10 8 10 8 9 8 9 7 9 7 10 7 10 7 10 7 9 6 9 7 8 0 0 0 0 0 0 0 0 0 0 ],1687784600.6217651
CSI_DATA,STA,08:3A:F2:A8:E0:C1,-39,11,1,5,1,1,1,1,0,0,0,-95,1,1,1,9889478,0,110,0,0,10.0781,384,[110 96 6 0 0 0 0 0 0 0 0 0 -23 0 -22 -1 -22 -1 -21 -2 -21 -3 -19 -3 -18 -3 -17 -4 -17 -4 -17 -4 -16 -4 -15 -4 -15 -4 -15 -3 -14 -3 -13 -3 -12 -3 -12 -2 -11 -2 -11 -1 -11 -1 -11 -1 -10 0 -10 1 -10 1 -10 2 0 0 -10 3 -10 3 -9 4 -10 4 -10 4 -10 5 -10 5 -10 5 -10 5 -10 6 -10 6 -10 6 -10 6 -10 6 -10 6 -10 6 -11 6 -10 6 -10 6 -10 5 -10 5 -10 5 -10 5 -9 6 -9 5 -9 5 0 0 0 0 0 0 0 0 0 0 ],1687784600.627483
CSI_DATA,STA,08:3A:F2:A8:E0:C1,-39,11,1,5,1,1,1,1,0,0,0,-95,1,1,1,9898943,0,110,0,0,10.0877,384,[110 96 6 0 0 0 0 0 0 0 0 0 -23 11 -23 9 -22 9 -23 7 -22 6 -21 6 -20 5 -19 4 -19 4 -18 4 -18 4 -17 4 -16 3 -16 4 -15 3 -14 4 -13 4 -13 3 -12 4 -11 3 -11 4 -10 4 -9 5 -9 6 -9 6 -8 7 0 0 -8 8 -7 8 -7 8 -6 9 -6 9 -7 10 -7 10 -6 10 -6 11 -6 11 -5 11 -6 11 -6 12 -6 12 -6 11 -5 11 -5 12 -5 11 -6 11 -5 10 -6 11 -6 10 -5 11 -4 11 -5 10 -5 10 0 0 0 0 0 0 0 0 0 0 ],1687784600.637567
CSI_DATA,STA,08:3A:F2:A8:E0:C1,-39,11,1,5,1,1,1,1,0,0,0,-95,1,1,1,9910329,0,110,0,0,10.0991,384,[110 96 6 0 0 0 0 0 0 0 0 0 -25 0 -25 -1 -24 -1 -24 -2 -23 -2 -21 -3 -20 -4 -19 -4 -19 -4 -18 -4 -18 -4 -17 -4 -16 -4 -16 -4 -15 -4 -14 -3 -14 -3 -13 -2 -13 -2 -12 -1 -11 -1 -11 -1 -11 0 -11 1 -11 2 -11 3 0 0 -11 3 -10 4 -10 4 -10 5 -11 5 -11 5 -11 6 -11 6 -11 6 -11 6 -11 7 -11 7 -11 8 -11 8 -11 7 -11 7 -11 8 -10 7 -11 7 -10 7 -10 6 -11 7 -10 6 -10 7 -10 6 -10 6 0 0 0 0 0 0 0 0 0 0 ],1687784600.6494532
CSI_DATA,STA,08:3A:F2:A8:E0:C1,-39,11,1,5,1,1,1,1,0,0,0,-95,1,1,1,9918734,0,110,0,0,10.1075,384,[110 96 6 0 0 0 0 0 0 0 0 0 -17 -20 -16 -19 -16 -19 -14 -19 -14 -18 -11 -18 -11 -18 -10 -18 -9 -17 -9 -17 -8 -16 -8 -16 -8 -15 -8 -15 -8 -13 -7 -13 -7 -12 -7 -11 -8 -11 -7 -10 -8 -9 -8 -9 -8 -8 -9 -8 -9 -8 -9 -7 0 0 -10 -6 -11 -6 -11 -5 -11 -5 -11 -5 -12 -5 -12 -5 -12 -5 -13 -4 -12 -4 -13 -4 -13 -4 -13 -4 -13 -4 -13 -5 -13 -4 -13 -4 -13 -4 -13 -4 -12 -4 -12 -4 -12 -4 -12 -4 -12 -3 -12 -4 -11 -4 0 0 0 0 0 0 0 0 0 0 ],1687784600.6574981
CSI_DATA,STA,08:3A:F2:A8:E0:C1,-39,11,1,5,1,1,1,1,0,0,0,-95,1,1,1,9928641,0,110,0,0,10.1174,384,[110 96 6 0 0 0 0 0 0 0 0 0 -18 18 -17 17 -18 17 -18 15 -17 14 -16 12 -16 12 -16 12 -16 11 -16 10 -15 10 -15 9 -14 8 -13 8 -12 7 -12 9 -11 8 -10 7 -9 7 -9 8 -8 8 -8 8 -7 8 -6 8 -6 9 -6 9 0 0 -4 9 -4 10 -3 10 -3 11 -3 11 -3 11 -3 11 -2 12 -2 12 -2 12 -2 12 -2 12 -2 12 -2 13 -2 13 -2 12 -2 13 -2 12 -1 12 -1 12 -2 12 -2 12 -2 12 -2 11 -2 11 -2 10 0 0 0 0 0 0 0 0 0 0 ],1687784600.66749
CSI_DATA,STA,08:3A:F2:A8:E0:C1,-39,11,1,5,1,1,1,1,0,0,0,-95,1,1,1,9938698,0,110,0,0,10.1275,384,[110 96 6 0 0 0 0 0 0 0 0 0 0 -26 1 -25 1 -24 2 -24 3 -22 4 -22 4 -21 4 -20 4 -19 4 -18 5 -18 5 -17 4 -16 3 -15 4 -15 2 -14 3 -13 2 -13 1 -13 1 -12 0 -11 0 -11 -1 -11 -2 -11 -2 -11 -3 -11 0 0 -4 -11 -4 -10 -5 -11 -5 -10 -6 -12 -6 -11 -6 -12 -7 -11 -7 -12 -7 -11 -7 -11 -7 -12 -7 -11 -8 -12 -7 -11 -8 -11 -7 -12 -7 -12 -7 -11 -7 -11 -7 -12 -7 -11 -6 -11 -7 -11 -6 -11 -7 -10 0 0 0 0 0 0 0 0 0 0 ],1687784600.677216
CSI_DATA,STA,08:3A:F2:A8:E0:C1,-39,11,1,5,1,1,1,1,0,0,0,-95,1,1,1,9950603,0,110,0,0,10.1395,384,[110 96 6 0 0 0 0 0 0 0 0 0 -25 -4 -23 -4 -24 -4 -22 -5 -23 -6 -20 -6 -19 -6 -18 -7 -18 -6 -18 -7 -17 -7 -16 -7 -16 -6 -15 -6 -14 -5 -14 -4 -12 -4 -13 -3 -12 -3 -12 -3 -11 -2 -12 -2 -11 -1 -11 0 -11 0 -11 2 0 0 -11 3 -11 3 -10 3 -11 4 -11 4 -11 5 -12 5 -11 5 -11 6 -12 6 -11 7 -11 6 -11 6 -11 6 -12 7 -10 6 -12 7 -11 6 -11 6 -11 6 -11 6 -11 6 -11 6 -10 6 -10 6 -9 6 0 0 0 0 0 0 0 0 0 0 ],1687784600.692656
CSI_DATA,STA,08:3A:F2:A8:E0:C1,-39,11,1,5,1,1,1,1,0,0,0,-95,1,1,1,9960188,0,110,0,0,10.149,384,[110 96 6 0 0 0 0 0 0 0 0 0 -10 -27 -9 -26 -8 -26 -7 -25 -6 -24 -4 -23 -3 -23 -3 -22 -2 -21 -2 -20 -2 -20 -2 -19 -2 -18 -3 -17 -2 -17 -2 -16 -2 -15 -3 -14 -3 -14 -4 -13 -4 -13 -4 -12 -4 -12 -6 -11 -6 -11 -6 -10 0 0 -7 -10 -8 -10 -8 -9 -9 -9 -9 -10 -10 -10 -10 -10 -10 -10 -11 -10 -11 -10 -12 -10 -11 -10 -12 -9 -11 -10 -11 -10 -11 -9 -11 -10 -11 -10 -10 -10 -11 -9 -10 -10 -10 -10 -10 -10 -10 -9 -10 -10 -10 -9 0 0 0 0 0 0 0 0 0 0 ],1687784600.700636
CSI_DATA,STA,08:3A:F2:A8:E0:C1,-38,11,1,4,1,1,1,1,0,0,0,-95,1,1,1,9975881,0,110,0,0,10.1647,384,[110 96 6 0 0 0 0 0 0 0 0 0 -23 0 -22 -1 -22 -1 -22 -3 -20 -3 -19 -3 -18 -4 -17 -4 -17 -4 -16 -4 -16 -4 -15 -4 -15 -4 -14 -4 -14 -4 -14 -3 -13 -2 -12 -2 -11 -2 -11 -2 -10 -1 -10 -1 -10 0 -9 1 -10 1 -10 2 0 0 -10 4 -9 4 -9 4 -9 5 -10 5 -10 5 -10 5 -10 6 -10 6 -9 6 -9 7 -10 6 -10 7 -10 7 -10 6 -10 7 -10 7 -9 7 -9 7 -9 6 -9 6 -9 6 -9 6 -8 7 -8 6 -8 6 0 0 0 0 0 0 0 0 0 0 ],1687784600.715055
CSI_DATA,STA,08:3A:F2:A8:E0:C1,-39,11,1,5,1,1,1,1,0,0,0,-95,1,1,1,9983001,0,110,0,0,10.1716,384,[110 96 6 0 0 0 0 0 0 0 0 0 -12 22 -13 21 -13 20 -13 19 -13 18 -13 17 -13 16 -13 15 -12 15 -13 13 -13 13 -12 12 -11 11 -11 11 -10 10 -9 11 -8 10 -8 10 -7 10 -6 10 -6 10 -5 9 -5 10 -3 10 -3 10 -3 10 0 0 -1 10 0 11 0 10 0 11 1 11 1 11 1 12 1 12 2 12 1 12 2 12 2 12 2 12 2 12 3 12 3 11 3 12 3 12 3 11 3 11 2 12 2 11 2 11 2 11 2 11 2 10 0 0 0 0 0 0 0 0 0 0 ],1687784600.7219641
CSI_DATA,STA,08:3A:F2:A8:E0:C1,-39,11,1,5,1,1,1,1,0,0,0,-95,1,1,1,9993312,0,110,0,0,10.182,384,[110 96 6 0 0 0 0 0 0 0 0 0 -12 18 -13 17 -12 16 -13 16 -13 14 -13 14 -13 13 -12 12 -13 11 -12 11 -12 10 -11 10 -11 9 -10 9 -10 8 -9 9 -9 8 -8 8 -7 8 -7 7 -6 7 -6 8 -5 8 -4 8 -4 8 -4 8 0 0 -3 9 -2 9 -2 9 -2 9 -1 10 -1 10 -1 10 -1 10 0 10 0 10 0 11 0 11 0 11 0 11 0 11 0 11 0 11 0 10 0 10 0 10 0 11 0 10 0 10 0 9 0 9 0 9 0 0 0 0 0 0 0 0 0 0 ],1687784600.732718
CSI_DATA,STA,08:3A:F2:A8:E0:C1,-40,11,1,6,1,1,1,1,0,0,0,-95,1,1,1,9999781,0,110,0,0,10.1884,384,[110 96 6 0 0 0 0 0 0 0 0 0 -13 -23 -12 -23 -12 -21 -10 -22 -9 -20 -8 -20 -6 -20 -6 -20 -5 -19 -6 -18 -5 -17 -5 -17 -5 -16 -6 -15 -6 -15 -5 -14 -5 -13 -5 -12 -6 -12 -6 -11 -6 -11 -6 -10 -6 -9 -7 -9 -8 -9 -8 -8 0 0 -8 -7 -9 -7 -10 -6 -10 -6 -11 -6 -11 -6 -11 -6 -12 -6 -12 -6 -12 -5 -12 -5 -13 -5 -13 -5 -13 -5 -12 -5 -13 -5 -13 -5 -13 -5 -12 -5 -12 -5 -12 -5 -12 -6 -12 -5 -12 -4 -12 -5 -11 -4 0 0 0 0 0 0 0 0 0 0 ],1687784600.738917
CSI_DATA,STA,08:3A:F2:A8:E0:C1,-40,11,1,6,1,1,1,1,0,0,0,-95,1,1,1,10010364,0,110,0,0,10.1991,384,[110 96 6 0 0 0 0 0 0 0 0 0 16 -16 16 -15 16 -14 16 -13 16 -12 15 -11 15 -10 14 -10 14 -10 13 -9 14 -9 12 -9 12 -8 11 -8 11 -7 10 -7 10 -7 9 -7 8 -7 8 -7 7 -7 6 -7 6 -8 5 -8 5 -8 4 -9 0 0 4 -9 3 -9 2 -10 2 -10 2 -10 2 -11 2 -11 1 -11 2 -11 1 -11 1 -12 1 -12 1 -12 1 -12 1 -12 1 -12 1 -12 1 -12 1 -12 0 -11 1 -11 1 -11 1 -11 0 -11 0 -11 0 -10 0 0 0 0 0 0 0 0 0 0 ],1687784600.749102
CSI_DATA,STA,08:3A:F2:A8:E0:C1,-40,11,1,6,1,1,1,1,0,0,0,-95,1,1,1,10020216,0,110,0,0,10.209,384,[110 96 6 0 0 0 0 0 0 0 0 0 3 24 1 24 1 23 0 22 0 21 -1 21 -1 20 -2 19 -2 19 -2 18 -3 17 -3 16 -2 15 -2 15 -2 14 -2 14 -2 13 -1 12 0 11 0 11 1 11 1 10 1 10 2 10 3 10 3 9 0 0 4 9 5 9 5 9 5 9 6 9 7 9 7 9 7 9 7 9 7 9 7 10 8 10 8 9 8 9 8 9 8 9 8 10 8 9 8 9 8 9 7 9 7 9 7 9 7 9 7 9 7 8 0 0 0 0 0 0 0 0 0 0 ],1687784600.7588701
CSI_DATA,STA,08:3A:F2:A8:E0:C1,-40,11,1,6,1,1,1,1,0,0,0,-95,1,1,1,10030290,0,110,0,0,10.219,384,[110 96 6 0 0 0 0 0 0 0 0 0 -2 25 -2 23 -2 24 -3 22 -4 22 -5 20 -5 20 -5 19 -5 18 -5 18 -6 17 -6 16 -5 15 -4 15 -4 13 -4 14 -3 12 -3 13 -2 11 -1 11 -1 11 0 10 0 10 1 10 2 10 2 10 0 0 3 10 4 10 4 10 5 10 5 10 5 10 6 10 6 10 6 10 7 10 6 10 6 11 7 10 7 10 7 11 7 10 7 11 7 10 7 10 6 10 6 10 6 10 6 10 6 9 6 9 6 9 0 0 0 0 0 0 0 0 0 0 ],1687784600.768734
CSI_DATA,STA,08:3A:F2:A8:E0:C1,-39,11,1,5,1,1,1,1,0,0,0,-95,1,1,1,10040494,0,110,0,0,10.2293,384,[110 96 6 0 0 0 0 0 0 0 0 0 10 22 8 22 8 22 7 22 6 20 5 20 4 19 3 18 3 18 3 17 3 17 2 16 3 16 3 15 3 14 3 13 3 12 2 11 4 11 4 10 4 10 4 9 4 9 6 8 6 8 6 7 0 0 7 7 8 7 8 6 9 6 9 6 9 6 9 6 10 6 10 6 10 6 11 6 11 6 11 6 11 6 11 5 11 5 11 6 11 5 11 5 10 5 10 6 10 5 10 5 10 4 10 5 9 5 0 0 0 0 0 0 0 0 0 0 ],1687784600.779876
CSI_DATA,STA,08:3A:F2:A8:E0:C1,-38,11,1,4,1,1,1,1,0,0,0,-95,1,1,1,10052109,0,110,0,0,10.2409,384,[110 96 6 0 0 0 0 0 0 0 0 0 -9 24 -10 22 -9 22 -10 22 -10 19 -11 18 -11 17 -11 16 -11 16 -10 15 -11 15 -10 14 -9 13 -8 13 -9 12 -7 12 -7 11 -7 11 -5 11 -5 10 -5 10 -4 10 -3 9 -2 11 -2 11 -1 10 0 0 -1 11 1 11 2 11 2 11 2 11 2 12 2 12 2 12 3 12 3 11 4 12 4 12 4 12 4 12 4 12 5 12 4 12 4 11 4 11 4 11 3 12 3 11 3 11 5 10 4 10 4 10 0 0 0 0 0 0 0 0 0 0 ],1687784600.7909582
CSI_DATA,STA,08:3A:F2:A8:E0:C1,-40,11,1,6,1,1,1,1,0,0,0,-95,1,1,1,10060447,0,110,0,0,10.2491,384,[110 96 6 0 0 0 0 0 0 0 0 0 -19 13 -18 12 -18 11 -18 10 -18 9 -17 8 -17 7 -16 7 -16 6 -16 6 -15 6 -15 6 -14 5 -13 5 -12 4 -12 5 -11 5 -11 5 -10 5 -10 4 -9 5 -9 5 -8 6 -7 6 -7 6 -7 7 0 0 -6 7 -5 8 -5 8 -5 8 -5 9 -5 9 -5 9 -5 10 -5 10 -4 10 -4 10 -4 10 -4 11 -4 10 -4 11 -4 10 -4 11 -4 10 -4 10 -4 10 -5 10 -4 10 -4 10 -4 10 -4 9 -3 9 0 0 0 0 0 0 0 0 0 0 ],1687784600.798492
CSI_DATA,STA,08:3A:F2:A8:E0:C1,-39,11,1,5,1,1,1,1,0,0,0,-95,1,1,1,10077280,0,110,0,0,10.2661,384,[110 96 6 0 0 0 0 0 0 0 0 0 0 25 -1 24 -2 23 -3 22 -4 21 -4 20 -5 19 -5 18 -5 18 -4 17 -5 17 -4 16 -4 15 -4 15 -4 14 -3 13 -4 13 -3 12 -1 11 -2 11 -1 10 -1 10 0 10 1 10 1 10 2 10 0 0 3 10 4 10 4 9 4 9 5 10 5 10 5 10 6 10 6 10 6 10 7 10 6 10 7 10 7 10 6 10 7 10 7 10 7 10 6 10 6 10 6 10 6 10 6 9 6 9 6 9 6 8 0 0 0 0 0 0 0 0 0 0 ],1687784600.816195
CSI_DATA,STA,08:3A:F2:A8:E0:C1,-40,11,1,6,1,1,1,1,0,0,0,-95,1,1,1,10083255,0,110,0,0,10.2718,384,[110 96 6 0 0 0 0 0 0 0 0 0 16 -16 16 -15 16 -14 17 -13 16 -12 16 -11 15 -10 15 -10 15 -9 13 -9 13 -9 12 -9 12 -8 11 -8 11 -7 11 -7 10 -7 9 -7 8 -7 8 -6 7 -7 7 -7 6 -7 5 -8 5 -8 5 -9 0 0 4 -9 4 -9 4 -10 3 -10 3 -10 3 -11 3 -11 3 -11 3 -11 2 -11 2 -11 2 -11 2 -12 2 -12 2 -11 2 -12 2 -12 2 -12 2 -12 2 -11 2 -11 2 -11 2 -11 1 -11 2 -11 1 -10 0 0 0 0 0 0 0 0 0 0 ],1687784600.822623
CSI_DATA,STA,08:3A:F2:A8:E0:C1,-40,11,1,6,1,1,1,1,0,0,0,-95,1,1,1,10093379,0,110,0,0,10.282,384,[110 96 6 0 0 0 0 0 0 0 0 0 -19 12 -19 11 -19 11 -19 10 -18 9 -17 8 -17 7 -16 7 -16 6 -15 6 -15 5 -15 5 -14 5 -13 5 -12 5 -12 5 -11 5 -10 5 -10 5 -9 5 -9 5 -8 5 -8 5 -7 6 -7 6 -6 7 0 0 -6 8 -5 8 -5 8 -5 9 -5 9 -4 9 -5 9 -4 10 -4 10 -4 10 -4 10 -4 11 -4 11 -4 11 -4 11 -4 11 -4 11 -3 10 -4 10 -4 10 -4 10 -4 10 -4 10 -3 9 -3 9 -3 9 0 0 0 0 0 0 0 0 0 0 ],1687784600.832267
CSI_DATA,STA,08:3A:F2:A8:E0:C1,-40,11,1,6,1,1,1,1,0,0,0,-95,1,1,1,10103165,0,110,0,0,10.2918,384,[110 96 6 0 0 0 0 0 0 0 0 0 -17 -20 -16 -19 -16 -20 -14 -19 -14 -19 -11 -18 -11 -18 -9 -18 -9 -17 -9 -17 -8 -16 -8 -16 -8 -15 -8 -14 -7 -13 -8 -13 -7 -11 -7 -11 -7 -10 -8 -10 -8 -10 -8 -9 -8 -8 -8 -8 -9 -7 -9 -7 0 0 -9 -6 -10 -5 -10 -5 -11 -5 -12 -5 -12 -5 -12 -5 -12 -4 -12 -4 -13 -4 -13 -4 -13 -4 -13 -4 -13 -4 -13 -4 -13 -4 -13 -4 -13 -4 -13 -4 -13 -4 -12 -4 -13 -4 -12 -4 -12 -4 -11 -4 -11 -4 0 0 0 0 0 0 0 0 0 0 ],1687784600.842587
CSI_DATA,STA,08:3A:F2:A8:E0:C1,-40,11,1,6,1,1,1,1,0,0,0,-95,1,1,1,10110132,0,110,0,0,10.2987,384,[110 96 6 0 0 0 0 0 0 0 0 0 -4 -23 -4 -23 -3 -21 -2 -22 -1 -20 0 -20 0 -19 1 -19 1 -18 0 -16 0 -16 1 -16 0 -15 0 -14 0 -14 0 -13 0 -13 0 -12 -1 -12 -1 -11 -2 -11 -2 -11 -2 -9 -4 -10 -4 -10 -4 -9 0 0 -5 -9 -5 -9 -6 -9 -6 -9 -7 -9 -7 -9 -7 -9 -8 -9 -7 -9 -8 -9 -9 -9 -8 -9 -9 -9 -9 -9 -8 -9 -9 -9 -8 -9 -9 -9 -8 -9 -8 -9 -8 -9 -8 -9 -8 -8 -8 -8 -7 -8 -8 -8 0 0 0 0 0 0 0 0 0 0 ],1687784600.848808
CSI_DATA,STA,08:3A:F2:A8:E0:C1,-39,11,1,5,1,1,1,1,0,0,0,-95,1,1,1,10120355,0,110,0,0,10.3091,384,[110 96 6 0 0 0 0 0 0 0 0 0 20 14 18 13 19 14 17 14 17 14 14 13 14 14 12 13 12 13 12 13 11 13 10 13 10 12 10 11 9 10 9 9 8 9 9 8 8 7 9 7 8 6 9 6 9 5 9 4 9 4 9 3 0 0 10 2 10 2 10 1 11 1 11 1 11 1 12 1 12 0 12 0 12 -1 12 -1 12 0 12 -1 12 0 13 -1 12 -1 13 -1 12 -1 12 -1 12 -1 12 0 12 0 12 -1 11 -1 11 0 10 -1 0 0 0 0 0 0 0 0 0 0 ],1687784600.8592288
CSI_DATA,STA,08:3A:F2:A8:E0:C1,-40,11,1,6,1,1,1,1,0,0,0,-95,1,1,1,10128670,0,110,0,0,10.3174,384,[110 96 6 0 0 0 0 0 0 0 0 0 -18 -15 -17 -15 -17 -15 -16 -15 -15 -15 -13 -14 -13 -15 -11 -14 -11 -14 -11 -14 -10 -13 -9 -13 -10 -12 -10 -12 -9 -11 -9 -10 -8 -9 -8 -9 -8 -8 -8 -8 -8 -8 -8 -7 -8 -6 -9 -5 -9 -5 -9 -4 0 0 -9 -4 -10 -3 -10 -3 -11 -2 -11 -2 -11 -3 -11 -2 -12 -2 -12 -2 -12 -2 -12 -1 -12 -2 -12 -1 -12 -1 -13 -2 -12 -1 -12 -1 -12 -1 -12 -1 -12 -2 -12 -2 -12 -2 -12 -1 -11 -1 -11 -1 -11 -1 0 0 0 0 0 0 0 0 0 0 ],1687784600.8679879
CSI_DATA,STA,08:3A:F2:A8:E0:C1,-40,11,1,6,1,1,1,1,0,0,0,-95,1,1,1,10138961,0,110,0,0,10.3277,384,[110 96 6 0 0 0 0 0 0 0 0 0 13 18 12 18 12 18 11 17 10 16 8 17 7 16 6 16 6 16 6 15 6 14 5 14 6 13 6 12 5 12 5 10 5 10 5 9 6 9 6 9 5 8 6 8 5 7 7 6 7 6 7 5 0 0 8 4 8 4 9 4 9 3 9 4 10 4 10 4 10 3 10 4 10 3 10 3 11 3 11 3 11 3 11 3 11 2 11 3 11 3 10 3 10 3 10 3 10 3 10 3 10 2 9 3 9 2 0 0 0 0 0 0 0 0 0 0 ],1687784600.877078
CSI_DATA,STA,08:3A:F2:A8:E0:C1,-38,11,1,4,1,1,1,1,0,0,0,-95,1,1,1,10154895,0,110,0,0,10.3438,384,[110 96 6 0 0 0 0 0 0 0 0 0 -26 -4 -24 -5 -25 -5 -24 -6 -23 -7 -20 -7 -19 -8 -18 -7 -18 -8 -17 -7 -17 -7 -17 -7 -16 -7 -16 -6 -15 -6 -15 -5 -13 -5 -12 -4 -12 -4 -12 -4 -12 -4 -12 -3 -11 -2 -11 -1 -12 0 -12 1 0 0 -12 2 -12 2 -12 3 -11 3 -12 3 -12 3 -13 3 -12 3 -13 4 -12 4 -12 5 -13 5 -13 5 -13 5 -13 4 -13 5 -13 5 -12 5 -12 5 -12 4 -12 4 -13 4 -12 4 -11 5 -11 4 -11 4 0 0 0 0 0 0 0 0 0 0 ],1687784600.8944619
CSI_DATA,STA,08:3A:F2:A8:E0:C1,-40,11,1,6,1,1,1,1,0,0,0,-95,1,1,1,10162403,0,110,0,0,10.351,384,[110 96 6 0 0 0 0 0 0 0 0 0 18 -13 18 -12 17 -11 18 -10 17 -9 17 -9 16 -8 15 -7 15 -7 15 -7 15 -7 13 -6 13 -6 13 -6 12 -5 11 -5 10 -5 10 -5 9 -6 9 -6 8 -6 8 -6 7 -7 6 -7 6 -7 6 -8 0 0 5 -9 5 -9 4 -9 4 -10 4 -10 4 -10 4 -10 3 -11 3 -11 3 -11 3 -12 3 -11 3 -11 3 -12 3 -12 3 -11 3 -12 3 -12 3 -11 3 -11 3 -11 3 -11 3 -11 2 -11 3 -10 2 -10 0 0 0 0 0 0 0 0 0 0 ],1687784600.90286
CSI_DATA,STA,08:3A:F2:A8:E0:C1,-40,11,1,6,1,1,1,1,0,0,0,-95,1,1,1,10170495,0,110,0,0,10.3591,384,[110 96 6 0 0 0 0 0 0 0 0 0 -2 -23 -1 -23 0 -22 0 -21 1 -20 2 -19 2 -19 3 -18 3 -17 2 -17 3 -16 3 -16 2 -15 1 -14 2 -14 2 -13 1 -12 1 -12 0 -11 0 -11 -1 -11 -1 -10 -1 -10 -3 -10 -2 -10 -3 -9 0 0 -4 -9 -5 -9 -5 -9 -5 -9 -6 -9 -6 -9 -6 -9 -7 -10 -7 -10 -7 -9 -8 -9 -7 -10 -8 -9 -8 -9 -8 -10 -8 -9 -8 -10 -8 -9 -8 -9 -7 -9 -7 -9 -7 -9 -7 -9 -7 -8 -7 -9 -7 -8 0 0 0 0 0 0 0 0 0 0 ],1687784600.908937
CSI_DATA,STA,08:3A:F2:A8:E0:C1,-39,11,1,5,1,1,1,1,0,0,0,-95,1,1,1,10182018,0,110,0,0,10.3708,384,[110 96 6 0 0 0 0 0 0 0 0 0 20 13 19 14 18 14 18 15 16 14 14 14 14 14 13 13 13 13 12 13 11 12 11 12 11 11 10 11 10 10 9 9 9 9 8 8 9 7 9 7 8 6 9 6 9 5 9 4 9 4 9 3 0 0 10 2 10 2 11 1 10 1 11 1 11 0 12 0 12 0 12 -1 11 -1 12 -1 13 0 13 -1 12 -1 12 0 12 -1 13 -1 12 -1 12 -1 11 -1 12 0 12 -1 11 -1 11 -1 11 0 10 -1 0 0 0 0 0 0 0 0 0 0 ],1687784600.921212
CSI_DATA,STA,08:3A:F2:A8:E0:C1,-38,11,1,4,1,1,1,1,0,0,0,-95,1,1,1,10191453,0,110,0,0,10.3801,384,[110 96 6 0 0 0 0 0 0 0 0 0 25 -6 24 -5 24 -4 23 -3 22 -3 21 -2 20 0 19 0 19 0 18 0 17 -1 17 0 16 0 16 0 15 0 14 -1 13 -1 12 -2 11 -1 11 -2 11 -2 11 -3 10 -3 9 -4 10 -5 9 -6 0 0 9 -6 9 -7 8 -8 8 -9 9 -8 9 -9 9 -9 8 -9 9 -10 8 -10 7 -11 8 -10 8 -11 8 -11 8 -11 7 -11 8 -11 7 -10 8 -10 7 -10 8 -10 8 -10 8 -10 6 -10 7 -10 6 -9 0 0 0 0 0 0 0 0 0 0 ],1687784600.9298759
CSI_DATA,STA,08:3A:F2:A8:E0:C1,-40,11,1,6,1,1,1,1,0,0,0,-95,1,1,1,10198885,0,110,0,0,10.3877,384,[110 96 6 0 0 0 0 0 0 0 0 0 21 -7 21 -6 20 -5 21 -4 19 -3 19 -3 18 -2 17 -2 17 -1 15 -2 15 -2 15 -1 14 -1 13 -1 13 -1 12 -2 11 -1 10 -2 10 -2 10 -3 9 -2 9 -3 8 -4 8 -5 8 -5 8 -6 0 0 8 -7 7 -6 7 -7 6 -7 6 -8 7 -8 7 -8 7 -9 7 -9 6 -9 6 -10 6 -10 7 -10 7 -10 6 -10 6 -10 6 -10 6 -10 7 -9 6 -9 6 -9 6 -9 6 -9 5 -9 6 -9 6 -9 0 0 0 0 0 0 0 0 0 0 ],1687784600.938421
CSI_DATA,STA,08:3A:F2:A8:E0:C1,-39,11,1,5,1,1,1,1,0,0,0,-95,1,1,1,10210166,0,110,0,0,10.3989,384,[110 96 6 0 0 0 0 0 0 0 0 0 24 4 23 5 23 5 22 6 21 6 19 7 18 7 16 8 16 7 16 7 15 7 15 7 14 7 13 6 13 6 13 5 11 4 11 4 11 3 11 3 10 3 10 2 10 1 10 0 10 0 10 -1 0 0 10 -2 11 -2 10 -3 10 -4 11 -4 11 -4 11 -4 11 -4 11 -5 11 -5 11 -5 12 -5 12 -5 11 -5 11 -5 11 -6 12 -6 11 -5 11 -5 11 -5 11 -4 11 -4 11 -5 10 -5 10 -4 10 -4 0 0 0 0 0 0 0 0 0 0 ],1687784600.9504719
CSI_DATA,STA,08:3A:F2:A8:E0:C1,-40,11,1,6,1,1,1,1,0,0,0,-95,1,1,1,10218787,0,110,0,0,10.4075,384,[110 96 6 0 0 0 0 0 0 0 0 0 -15 -22 -14 -21 -13 -21 -12 -20 -11 -20 -9 -20 -9 -19 -8 -19 -8 -18 -7 -17 -6 -17 -6 -17 -7 -15 -7 -15 -7 -14 -6 -13 -6 -13 -6 -12 -7 -11 -7 -11 -7 -10 -8 -9 -7 -9 -8 -8 -8 -8 -9 -7 0 0 -9 -7 -10 -6 -10 -6 -11 -5 -11 -5 -12 -5 -12 -5 -12 -5 -12 -5 -13 -5 -13 -5 -13 -5 -13 -5 -13 -5 -13 -5 -13 -4 -13 -5 -13 -4 -13 -5 -13 -4 -12 -4 -13 -4 -12 -5 -12 -4 -12 -4 -11 -4 0 0 0 0 0 0 0 0 0 0 ],1687784600.959174
CSI_DATA,STA,08:3A:F2:A8:E0:C1,-40,11,1,6,1,1,1,1,0,0,0,-95,1,1,1,10228667,0,110,0,0,10.4174,384,[110 96 6 0 0 0 0 0 0 0 0 0 5 -23 5 -23 5 -21 6 -21 7 -19 7 -18 8 -17 7 -17 7 -17 7 -15 7 -15 7 -14 6 -13 6 -13 6 -12 5 -12 5 -11 4 -11 3 -11 3 -10 2 -10 2 -10 1 -10 0 -10 0 -10 0 -10 0 0 -1 -10 -2 -10 -2 -11 -3 -10 -3 -11 -3 -11 -3 -11 -4 -11 -4 -11 -4 -11 -5 -11 -4 -12 -5 -11 -4 -12 -4 -11 -4 -12 -4 -12 -5 -11 -4 -12 -4 -11 -4 -11 -4 -11 -4 -11 -4 -11 -4 -10 -4 -10 0 0 0 0 0 0 0 0 0 0 ],1687784600.967618
CSI_DATA,STA,08:3A:F2:A8:E0:C1,-40,11,1,6,1,1,1,1,0,0,0,-95,1,1,1,10238754,0,110,0,0,10.4275,384,[110 96 6 0 0 0 0 0 0 0 0 0 -16 17 -16 15 -17 15 -16 13 -16 12 -15 11 -15 10 -15 10 -15 9 -14 9 -14 8 -14 8 -13 7 -12 7 -11 7 -11 7 -10 7 -10 7 -8 7 -8 7 -8 7 -7 7 -7 7 -6 7 -6 8 -5 8 0 0 -4 8 -4 9 -3 9 -3 10 -3 10 -3 10 -3 10 -2 10 -2 10 -2 11 -2 11 -2 11 -2 11 -2 11 -2 11 -2 11 -2 11 -2 11 -2 11 -2 11 -2 11 -2 11 -2 10 -2 10 -2 10 -2 9 0 0 0 0 0 0 0 0 0 0 ],1687784600.9774861
CSI_DATA,STA,08:3A:F2:A8:E0:C1,-39,11,1,5,1,1,1,1,0,0,0,-95,1,1,1,10262785,0,110,0,0,10.4517,384,[110 96 6 0 0 0 0 0 0 0 0 0 -2 -25 -1 -25 -1 -24 0 -24 1 -21 2 -22 3 -20 3 -20 3 -19 2 -18 2 -18 3 -17 2 -16 1 -16 2 -15 1 -14 1 -13 1 -13 0 -12 0 -12 0 -12 -1 -11 -2 -10 -3 -11 -3 -11 -4 -10 0 0 -5 -10 -5 -10 -6 -10 -7 -10 -7 -10 -7 -11 -7 -11 -7 -11 -7 -11 -8 -10 -9 -10 -9 -11 -9 -10 -9 -11 -9 -10 -9 -10 -9 -10 -9 -10 -8 -10 -8 -10 -8 -10 -8 -10 -8 -10 -8 -9 -8 -9 -8 -9 0 0 0 0 0 0 0 0 0 0 ],1687784601.002215
CSI_DATA,STA,08:3A:F2:A8:E0:C1,-40,11,1,6,1,1,1,1,0,0,0,-95,1,1,1,10269367,0,110,0,0,10.458,384,[110 96 6 0 0 0 0 0 0 0 0 0 -25 5 -24 4 -25 3 -23 2 -24 2 -21 1 -21 0 -20 0 -20 0 -19 -1 -18 -1 -17 -1 -17 -1 -16 -1 -15 -1 -15 0 -13 0 -13 1 -12 1 -12 1 -11 2 -11 2 -11 3 -10 3 -10 4 -10 5 0 0 -10 5 -9 6 -9 6 -9 7 -9 7 -9 8 -9 8 -9 8 -9 9 -9 9 -9 9 -9 9 -9 9 -9 9 -9 10 -8 10 -9 10 -8 9 -8 10 -8 9 -9 9 -9 9 -9 9 -8 9 -8 8 -7 8 0 0 0 0 0 0 0 0 0 0 ],1687784601.008033
CSI_DATA,STA,08:3A:F2:A8:E0:C1,-39,11,1,5,1,1,1,1,0,0,0,-95,1,1,1,10271723,0,110,0,0,10.4627,384,[110 96 6 0 0 0 0 0 0 0 0 0 -5 -25 -3 -24 -4 -24 -3 -23 -2 -22 -1 -22 0 -21 0 -20 1 -19 1 -18 1 -18 1 -18 0 -16 0 -16 0 -15 0 -14 0 -13 -1 -13 -1 -12 -2 -12 -2 -12 -3 -11 -3 -11 -4 -11 -4 -11 -5 -10 0 0 -5 -10 -6 -10 -7 -10 -7 -9 -8 -10 -8 -10 -8 -10 -9 -10 -8 -10 -9 -10 -10 -10 -9 -10 -9 -10 -9 -9 -9 -10 -9 -10 -10 -10 -9 -9 -9 -10 -9 -9 -9 -9 -9 -9 -8 -10 -9 -9 -8 -9 -8 -8 0 0 0 0 0 0 0 0 0 0 ],1687784601.013535
CSI_DATA,STA,08:3A:F2:A8:E0:C1,-40,11,1,6,1,1,1,1,0,0,0,-95,1,1,1,10281421,0,110,0,0,10.4701,384,[110 96 6 0 0 0 0 0 0 0 0 0 3 -26 3 -25 3 -24 3 -23 4 -22 5 -21 6 -20 6 -19 6 -19 5 -18 6 -17 6 -16 5 -16 4 -15 4 -15 3 -14 3 -13 3 -13 2 -13 2 -12 1 -12 0 -12 0 -11 -1 -11 -1 -11 -2 -11 0 0 -3 -11 -4 -11 -5 -11 -5 -11 -5 -12 -5 -12 -6 -12 -6 -12 -6 -12 -6 -12 -7 -12 -7 -12 -7 -12 -7 -12 -7 -12 -7 -12 -7 -12 -7 -12 -7 -12 -7 -12 -6 -12 -6 -11 -6 -11 -7 -11 -6 -11 -6 -10 0 0 0 0 0 0 0 0 0 0 ],1687784601.0218098
CSI_DATA,STA,08:3A:F2:A8:E0:C1,-39,11,1,5,1,1,1,1,0,0,0,-95,1,1,1,10290449,0,110,0,0,10.4792,384,[110 96 6 0 0 0 0 0 0 0 0 0 -16 19 -16 18 -16 17 -17 17 -16 14 -16 13 -16 12 -16 12 -15 11 -15 10 -14 10 -14 10 -13 9 -12 9 -12 8 -12 9 -11 8 -10 8 -9 8 -8 8 -8 7 -7 8 -7 8 -6 8 -5 9 -5 9 0 0 -4 10 -4 10 -3 10 -3 10 -3 11 -2 11 -3 11 -3 11 -2 12 -2 12 -2 13 -1 12 -2 13 -2 12 -2 12 -2 12 -2 12 -2 12 -2 12 -2 11 -2 12 -2 12 -2 11 -1 11 -2 11 -1 11 0 0 0 0 0 0 0 0 0 0 ],1687784601.030138
CSI_DATA,STA,08:3A:F2:A8:E0:C1,-40,11,1,6,1,1,1,1,0,0,0,-95,1,1,1,10298827,0,110,0,0,10.4876,384,[110 96 6 0 0 0 0 0 0 0 0 0 0 -24 1 -22 1 -22 2 -21 3 -21 3 -19 4 -19 4 -18 4 -17 4 -17 4 -16 4 -15 3 -15 3 -14 3 -13 3 -13 2 -11 2 -12 1 -11 1 -11 0 -11 0 -11 -1 -10 -2 -10 -2 -10 -2 -10 0 0 -3 -10 -4 -10 -4 -9 -5 -10 -5 -10 -5 -10 -6 -10 -6 -11 -6 -10 -6 -10 -7 -10 -7 -11 -6 -11 -6 -10 -7 -11 -7 -10 -7 -11 -7 -10 -6 -10 -7 -10 -6 -10 -6 -10 -6 -10 -6 -10 -6 -10 -6 -9 0 0 0 0 0 0 0 0 0 0 ],1687784601.03919
CSI_DATA,STA,08:3A:F2:A8:E0:C1,-40,11,1,6,1,1,1,1,0,0,0,-95,1,1,1,10308720,0,110,0,0,10.4975,384,[110 96 6 0 0 0 0 0 0 0 0 0 5 28 3 28 3 26 2 26 0 23 0 24 -1 23 -1 22 -2 21 -1 19 -1 20 -2 19 -1 18 -1 17 -1 17 -1 15 -1 15 0 14 1 13 1 13 2 12 2 11 2 11 4 11 4 11 5 11 0 0 6 10 6 10 7 10 7 9 8 10 9 10 9 10 9 10 9 10 9 9 10 10 10 10 11 10 11 10 10 10 11 10 10 10 10 10 10 10 9 9 9 9 9 10 9 9 9 8 9 9 9 9 0 0 0 0 0 0 0 0 0 0 ],1687784601.047071
CSI_DATA,STA,08:3A:F2:A8:E0:C1,-39,11,1,5,1,1,1,1,0,0,0,-95,1,1,1,10321959,0,110,0,0,10.5107,384,[110 96 6 0 0 0 0 0 0 0 0 0 19 -12 19 -11 18 -10 19 -9 17 -8 17 -8 16 -6 16 -6 16 -6 15 -5 14 -5 14 -5 13 -4 13 -4 12 -4 11 -4 11 -4 10 -5 9 -5 9 -5 8 -5 8 -5 7 -6 7 -6 7 -7 6 -8 0 0 6 -8 5 -8 5 -8 5 -9 5 -9 5 -10 5 -10 5 -10 5 -10 4 -10 4 -11 4 -11 4 -11 5 -11 5 -11 4 -11 4 -11 4 -11 4 -10 4 -11 4 -11 4 -10 4 -10 3 -10 4 -10 3 -10 0 0 0 0 0 0 0 0 0 0 ],1687784601.0605319
CSI_DATA,STA,08:3A:F2:A8:E0:C1,-40,11,1,6,1,1,1,1,0,0,0,-95,1,1,1,10328826,0,110,0,0,10.5174,384,[110 96 6 0 0 0 0 0 0 0 0 0 18 17 17 17 16 17 15 17 14 16 12 17 11 17 10 16 11 15 10 15 8 15 8 15 9 13 8 13 8 12 7 11 7 10 7 10 7 9 8 8 8 8 8 7 8 7 8 6 8 5 8 5 0 0 9 4 10 3 10 3 10 3 11 3 11 2 11 2 12 2 12 2 12 2 12 2 12 2 12 2 12 2 12 2 12 2 12 2 12 1 12 2 12 1 12 2 12 1 12 2 11 2 11 2 11 1 0 0 0 0 0 0 0 0 0 0 ],1687784601.066635
CSI_DATA,STA,08:3A:F2:A8:E0:C1,-39,11,1,5,1,1,1,1,0,0,0,-95,1,1,1,10340165,0,110,0,0,10.5289,384,[110 96 6 0 0 0 0 0 0 0 0 0 14 -18 15 -17 14 -16 15 -15 14 -14 14 -13 14 -12 13 -11 13 -11 12 -10 12 -10 12 -9 11 -9 10 -9 10 -9 10 -8 9 -8 8 -8 7 -8 7 -8 6 -8 5 -8 5 -8 4 -8 4 -9 4 -9 0 0 3 -10 2 -10 2 -10 1 -10 1 -11 1 -11 1 -11 0 -11 0 -11 0 -12 0 -12 0 -12 0 -12 -1 -12 0 -12 -1 -12 0 -12 -1 -11 -1 -11 -1 -11 0 -12 0 -11 0 -11 -1 -11 -1 -11 -1 -10 0 0 0 0 0 0 0 0 0 0 ],1687784601.0789618
CSI_DATA,STA,08:3A:F2:A8:E0:C1,-40,11,1,6,1,1,1,1,0,0,0,-95,1,1,1,10350374,0,110,0,0,10.5392,384,[110 96 6 0 0 0 0 0 0 0 0 0 21 5 21 6 19 6 19 7 18 7 17 7 16 8 15 7 14 8 13 7 13 7 13 7 13 7 12 6 11 6 10 5 10 5 10 4 10 4 9 3 9 3 9 2 9 1 9 1 9 0 9 0 0 0 9 -1 9 -2 9 -2 9 -3 10 -3 10 -3 10 -3 10 -4 10 -4 10 -4 10 -5 10 -4 10 -4 11 -4 10 -4 10 -5 10 -5 10 -4 10 -4 10 -4 10 -4 10 -4 10 -4 9 -5 9 -4 9 -4 0 0 0 0 0 0 0 0 0 0 ],1687784601.088662
CSI_DATA,STA,08:3A:F2:A8:E0:C1,-40,11,1,6,1,1,1,1,0,0,0,-95,1,1,1,10358698,0,110,0,0,10.5475,384,[110 96 6 0 0 0 0 0 0 0 0 0 25 3 22 4 23 5 22 6 22 6 19 6 19 6 17 7 17 7 17 7 15 7 15 7 14 6 14 6 13 5 13 4 11 4 12 3 11 3 11 2 10 2 11 2 11 1 10 0 10 0 10 -1 0 0 10 -2 10 -3 10 -3 10 -4 11 -4 11 -4 11 -5 11 -5 11 -5 11 -5 11 -6 11 -5 11 -6 11 -5 12 -6 11 -6 12 -7 11 -6 11 -5 11 -6 11 -5 11 -5 11 -5 10 -6 10 -5 9 -5 0 0 0 0 0 0 0 0 0 0 ],1687784601.0979068
CSI_DATA,STA,08:3A:F2:A8:E0:C1,-38,11,1,4,1,1,1,1,0,0,0,-95,1,1,1,10372366,0,110,0,0,10.5611,384,[110 96 6 0 0 0 0 0 0 0 0 0 -20 11 -20 10 -19 9 -21 8 -19 7 -18 6 -18 5 -17 5 -17 4 -16 4 -16 5 -15 4 -15 4 -14 4 -13 3 -13 4 -12 3 -11 4 -10 4 -10 3 -9 4 -9 4 -8 4 -8 6 -8 6 -7 7 0 0 -7 8 -6 8 -6 8 -5 9 -6 9 -6 9 -6 9 -5 9 -6 10 -5 10 -4 10 -5 10 -5 11 -5 11 -5 10 -4 11 -5 11 -4 10 -4 10 -4 10 -5 10 -5 10 -4 10 -3 10 -4 9 -4 9 0 0 0 0 0 0 0 0 0 0 ],1687784601.11118
CSI_DATA,STA,08:3A:F2:A8:E0:C1,-40,11,1,6,1,1,1,1,0,0,0,-95,1,1,1,10384791,0,110,0,0,10.5734,384,[110 96 6 0 0 0 0 0 0 0 0 0 18 -14 18 -13 17 -12 18 -11 17 -10 17 -10 16 -8 16 -8 16 -7 14 -7 14 -7 13 -7 12 -6 12 -6 11 -6 11 -6 10 -6 9 -6 9 -6 9 -6 7 -6 7 -7 6 -7 6 -7 6 -8 5 -8 0 0 5 -9 4 -9 4 -9 3 -10 3 -10 3 -11 3 -11 3 -11 3 -11 2 -11 2 -12 2 -12 2 -12 2 -12 2 -12 2 -12 3 -12 2 -12 2 -11 2 -11 2 -11 2 -11 2 -11 1 -11 2 -11 2 -10 0 0 0 0 0 0 0 0 0 0 ],1687784601.1235719
CSI_DATA,STA,08:3A:F2:A8:E0:C1,-40,11,1,6,1,1,1,1,0,0,0,-95,1,1,1,10394223,0,110,0,0,10.5829,384,[110 96 6 0 0 0 0 0 0 0 0 0 4 -25 5 -23 5 -24 6 -22 6 -21 6 -20 7 -20 7 -19 7 -18 7 -17 8 -16 7 -16 6 -15 6 -14 6 -13 5 -14 4 -12 4 -13 2 -11 3 -11 2 -11 1 -11 1 -11 0 -11 0 -11 0 -11 0 0 -2 -11 -3 -11 -3 -11 -3 -11 -4 -11 -4 -11 -4 -12 -5 -12 -5 -12 -5 -12 -5 -12 -5 -12 -5 -12 -5 -12 -6 -13 -6 -12 -6 -13 -6 -12 -5 -12 -5 -12 -5 -12 -5 -12 -5 -12 -5 -11 -4 -11 -5 -10 0 0 0 0 0 0 0 0 0 0 ],1687784601.132789
CSI_DATA,STA,08:3A:F2:A8:E0:C1,-38,11,1,4,1,1,1,1,0,0,0,-95,1,1,1,10403779,0,110,0,0,10.5924,384,[110 96 6 0 0 0 0 0 0 0 0 0 5 28 4 26 4 26 3 26 1 24 1 23 0 23 -1 21 -1 21 -1 20 -2 20 -2 19 -1 18 -1 17 -1 16 -1 16 -1 14 0 14 1 13 2 13 2 12 3 12 2 11 4 11 4 11 5 10 0 0 6 10 7 10 8 10 8 9 8 10 9 10 9 10 9 10 9 10 9 10 11 10 10 10 10 10 10 10 10 10 10 9 11 10 10 9 10 9 10 9 9 10 9 9 9 9 9 8 8 9 9 8 0 0 0 0 0 0 0 0 0 0 ],1687784601.141464
CSI_DATA,STA,08:3A:F2:A8:E0:C1,-39,11,1,5,1,1,1,1,0,0,0,-95,1,1,1,10411850,0,110,0,0,10.6005,384,[110 96 6 0 0 0 0 0 0 0 0 0 -17 -15 -16 -15 -16 -15 -15 -15 -14 -15 -12 -15 -11 -14 -11 -14 -10 -14 -10 -13 -10 -13 -9 -13 -9 -12 -9 -12 -9 -11 -8 -10 -8 -9 -7 -8 -8 -9 -8 -8 -8 -7 -8 -7 -8 -6 -9 -5 -9 -5 -9 -4 0 0 -10 -4 -10 -3 -10 -3 -10 -2 -11 -3 -11 -3 -11 -3 -11 -2 -12 -2 -12 -2 -12 -1 -12 -1 -12 -1 -12 -1 -12 -2 -12 -1 -12 -1 -12 -1 -12 -2 -12 -1 -11 -2 -11 -2 -11 -2 -11 -1 -11 -2 -10 -1 0 0 0 0 0 0 0 0 0 0 ],1687784601.151179
CSI_DATA,STA,08:3A:F2:A8:E0:C1,-39,11,1,5,1,1,1,1,0,0,0,-95,1,1,1,10422786,0,110,0,0,10.6114,384,[110 96 6 0 0 0 0 0 0 0 0 0 -25 7 -24 6 -24 5 -24 4 -23 3 -21 3 -21 2 -19 2 -20 1 -18 1 -18 1 -17 1 -16 1 -16 1 -15 1 -14 1 -13 1 -13 2 -12 2 -12 2 -11 2 -11 3 -10 4 -9 5 -10 5 -9 6 0 0 -9 7 -8 7 -8 7 -8 8 -8 8 -8 9 -9 9 -8 9 -8 10 -7 10 -7 10 -8 10 -8 11 -8 11 -8 10 -7 10 -8 10 -7 10 -7 10 -7 10 -8 10 -8 10 -7 10 -6 10 -7 9 -6 9 0 0 0 0 0 0 0 0 0 0 ],1687784601.161408
CSI_DATA,STA,08:3A:F2:A8:E0:C1,-39,11,1,5,1,1,1,1,0,0,0,-95,1,1,1,10431707,0,110,0,0,10.6203,384,[110 96 6 0 0 0 0 0 0 0 0 0 22 14 22 15 21 14 20 15 19 14 17 15 15 15 15 14 13 15 13 13 12 13 12 13 12 12 13 11 11 11 10 10 10 10 9 8 10 8 10 7 10 7 10 6 10 5 10 4 11 4 11 3 0 0 11 2 11 2 12 1 12 0 12 1 13 1 13 1 13 0 13 0 13 -1 13 -1 14 0 14 -1 15 -1 13 0 14 -1 13 -1 14 -1 13 -1 13 -1 13 -1 13 0 12 -1 12 -2 12 -1 12 -1 0 0 0 0 0 0 0 0 0 0 ],1687784601.169512
CSI_DATA,STA,08:3A:F2:A8:E0:C1,-39,11,1,5,1,1,1,1,0,0,0,-95,1,1,1,10442102,0,110,0,0,10.6309,384,[110 96 6 0 0 0 0 0 0 0 0 0 -17 21 -17 20 -17 19 -18 18 -18 16 -17 16 -17 14 -17 13 -16 13 -16 12 -16 12 -15 11 -14 10 -14 10 -13 9 -12 10 -12 10 -11 9 -9 9 -9 9 -8 8 -8 8 -7 9 -6 10 -6 10 -5 10 0 0 -4 11 -3 11 -2 12 -2 12 -2 12 -2 13 -2 13 -2 13 -1 13 -1 13 -1 14 -1 14 -1 14 -1 14 -1 14 -1 14 -1 14 0 14 -1 13 0 13 -2 13 -1 13 -1 13 0 13 -1 12 0 12 0 0 0 0 0 0 0 0 0 0 ],1687784601.180602
CSI_DATA,STA,08:3A:F2:A8:E0:C1,-39,11,1,5,1,1,1,1,0,0,0,-95,1,1,1,10451246,0,110,0,0,10.6401,384,[110 96 6 0 0 0 0 0 0 0 0 0 -25 -7 -24 -8 -23 -7 -22 -8 -22 -8 -19 -9 -18 -9 -17 -9 -17 -9 -16 -9 -15 -9 -15 -9 -15 -9 -14 -8 -14 -8 -13 -6 -12 -6 -11 -5 -12 -5 -12 -5 -11 -4 -12 -3 -11 -2 -11 -2 -11 -1 -11 0 0 0 -11 1 -11 1 -11 1 -11 2 -12 2 -12 3 -12 3 -12 3 -12 4 -12 4 -12 4 -13 4 -13 4 -13 4 -13 4 -12 4 -13 4 -12 4 -12 4 -12 4 -12 4 -12 4 -12 3 -11 4 -11 3 -11 3 0 0 0 0 0 0 0 0 0 0 ],1687784601.191631
CSI_DATA,STA,08:3A:F2:A8:E0:C1,-39,11,1,5,1,1,1,1,0,0,0,-95,1,1,1,10460052,0,110,0,0,10.6489,384,[110 96 6 0 0 0 0 0 0 0 0 0 23 -8 22 -7 23 -6 22 -5 22 -4 20 -4 20 -2 18 -2 18 -2 18 -1 17 -1 16 -1 16 -1 15 -1 14 -1 14 -2 12 -2 12 -2 11 -3 11 -3 10 -3 10 -4 10 -4 9 -5 9 -5 9 -6 0 0 8 -7 8 -7 7 -8 8 -8 8 -8 8 -9 8 -9 8 -10 8 -10 8 -10 8 -10 8 -10 8 -10 8 -10 8 -11 7 -11 8 -11 7 -10 7 -10 7 -10 8 -10 7 -10 8 -10 7 -10 7 -9 6 -9 0 0 0 0 0 0 0 0 0 0 ],1687784601.200733
CSI_DATA,STA,08:3A:F2:A8:E0:C1,-39,11,1,5,1,1,1,1,0,0,0,-95,1,1,1,10471862,0,110,0,0,10.6606,384,[110 96 6 0 0 0 0 0 0 0 0 0 24 -5 23 -4 23 -3 22 -2 22 -1 20 -1 20 -1 18 0 18 0 18 0 17 0 16 0 15 1 15 0 14 0 14 -1 13 -1 12 -1 12 -1 11 -2 10 -2 10 -3 10 -3 9 -4 9 -4 9 -6 0 0 9 -6 8 -7 8 -7 8 -8 8 -8 8 -9 8 -9 8 -9 8 -10 8 -10 8 -10 8 -10 8 -10 8 -10 8 -10 7 -10 8 -11 7 -10 7 -10 7 -10 8 -10 7 -10 8 -10 7 -10 7 -9 6 -9 0 0 0 0 0 0 0 0 0 0 ],1687784601.2106712
CSI_DATA,STA,08:3A:F2:A8:E0:C1,-38,11,1,4,1,1,1,1,0,0,0,-95,1,1,1,10481730,0,110,0,0,10.6704,384,[110 96 6 0 0 0 0 0 0 0 0 0 -15 -22 -13 -22 -13 -21 -12 -22 -10 -20 -9 -21 -7 -20 -7 -19 -6 -19 -7 -17 -6 -18 -6 -17 -6 -16 -6 -15 -5 -15 -6 -14 -5 -13 -5 -12 -6 -12 -6 -11 -6 -11 -6 -10 -6 -9 -8 -9 -8 -9 -8 -8 0 0 -9 -8 -10 -7 -11 -7 -10 -6 -11 -6 -11 -7 -12 -7 -12 -7 -12 -7 -12 -6 -13 -5 -12 -6 -13 -6 -13 -6 -13 -6 -13 -6 -13 -6 -13 -6 -12 -6 -12 -5 -12 -6 -12 -6 -11 -6 -12 -5 -11 -6 -11 -5 0 0 0 0 0 0 0 0 0 0 ],1687784601.220607
CSI_DATA,STA,08:3A:F2:A8:E0:C1,-38,11,1,3,1,1,1,1,0,0,0,-95,1,1,1,10491769,0,110,0,0,10.6804,384,[110 96 6 0 0 0 0 0 0 0 0 0 -9 -25 -8 -24 -9 -23 -7 -24 -6 -22 -4 -21 -4 -21 -3 -20 -3 -20 -3 -18 -2 -19 -2 -18 -3 -17 -3 -16 -2 -15 -3 -15 -2 -14 -3 -13 -4 -13 -4 -12 -4 -11 -5 -11 -4 -10 -6 -10 -6 -10 -7 -9 0 0 -8 -9 -9 -9 -9 -9 -9 -8 -9 -8 -10 -9 -10 -9 -11 -8 -11 -9 -11 -8 -12 -8 -11 -8 -11 -8 -11 -8 -11 -8 -12 -8 -12 -8 -11 -7 -11 -8 -11 -7 -11 -8 -11 -8 -11 -8 -11 -7 -10 -8 -10 -7 0 0 0 0 0 0 0 0 0 0 ],1687784601.232256
CSI_DATA,STA,08:3A:F2:A8:E0:C1,-38,11,1,4,1,1,1,1,0,0,0,-95,1,1,1,10500372,0,110,0,0,10.689,384,[110 96 6 0 0 0 0 0 0 0 0 0 -14 -23 -13 -22 -13 -22 -11 -22 -10 -21 -9 -20 -7 -20 -7 -19 -7 -19 -6 -18 -6 -18 -5 -17 -6 -17 -6 -16 -5 -15 -6 -14 -5 -13 -5 -12 -6 -12 -6 -11 -6 -11 -7 -10 -6 -9 -8 -9 -8 -9 -9 -8 0 0 -9 -8 -10 -7 -10 -7 -11 -6 -11 -7 -12 -6 -12 -7 -12 -6 -13 -6 -12 -5 -13 -5 -12 -6 -13 -6 -13 -5 -13 -6 -13 -5 -13 -6 -13 -5 -13 -5 -12 -5 -12 -6 -12 -6 -12 -5 -12 -5 -11 -6 -11 -5 0 0 0 0 0 0 0 0 0 0 ],1687784601.239717
CSI_DATA,STA,08:3A:F2:A8:E0:C1,-39,11,1,5,1,1,1,1,0,0,0,-95,1,1,1,10510344,0,110,0,0,10.6991,384,[110 96 6 0 0 0 0 0 0 0 0 0 10 -23 10 -23 9 -22 11 -21 11 -19 11 -18 12 -17 11 -16 11 -16 10 -14 10 -15 10 -14 9 -13 9 -13 8 -12 8 -11 7 -11 6 -11 6 -11 5 -11 5 -10 4 -11 3 -10 2 -10 2 -11 2 -10 0 0 1 -11 0 -11 -1 -12 -1 -11 -1 -12 -1 -12 -1 -13 -2 -13 -2 -13 -3 -13 -3 -13 -3 -13 -2 -13 -3 -13 -3 -13 -3 -13 -3 -13 -3 -13 -2 -13 -3 -13 -2 -13 -2 -13 -2 -12 -3 -12 -2 -12 -3 -11 0 0 0 0 0 0 0 0 0 0 ],1687784601.249526
CSI_DATA,STA,08:3A:F2:A8:E0:C1,-38,11,1,4,1,1,1,1,0,0,0,-95,1,1,1,10519665,0,110,0,0,10.7084,384,[110 96 6 0 0 0 0 0 0 0 0 0 -10 21 -10 19 -10 19 -11 18 -11 17 -11 15 -12 15 -11 13 -11 13 -11 12 -11 13 -10 12 -9 11 -9 11 -9 10 -8 10 -7 9 -7 9 -6 9 -6 8 -5 8 -4 9 -4 8 -3 9 -3 9 -2 9 0 0 -2 10 -1 10 0 10 1 10 0 10 0 10 0 11 1 11 1 11 2 10 2 11 1 11 2 11 2 11 2 11 2 11 2 12 2 11 2 11 2 10 1 11 1 11 1 10 2 10 1 10 2 9 0 0 0 0 0 0 0 0 0 0 ],1687784601.257456
CSI_DATA,STA,08:3A:F2:A8:E0:C1,-39,11,1,5,1,1,1,1,0,0,0,-95,1,1,1,10530133,0,110,0,0,10.7189,384,[110 96 6 0 0 0 0 0 0 0 0 0 -24 6 -24 5 -23 5 -24 3 -22 3 -22 2 -20 1 -19 1 -19 0 -18 1 -18 1 -17 0 -17 0 -16 1 -16 0 -14 1 -14 1 -12 1 -12 2 -12 2 -11 2 -11 2 -10 3 -10 4 -10 4 -10 6 0 0 -9 6 -8 6 -9 7 -7 8 -9 8 -8 8 -9 8 -9 9 -8 9 -8 9 -8 9 -8 10 -8 10 -8 10 -8 10 -8 10 -8 10 -8 10 -8 10 -7 9 -8 9 -8 9 -7 9 -7 9 -7 8 -7 8 0 0 0 0 0 0 0 0 0 0 ],1687784601.2684119
CSI_DATA,STA,08:3A:F2:A8:E0:C1,-39,11,1,5,1,1,1,1,0,0,0,-95,1,1,1,10541555,0,110,0,0,10.7303,384,[110 96 6 0 0 0 0 0 0 0 0 0 22 -1 21 1 20 1 20 2 19 2 18 2 17 3 16 3 16 3 15 3 15 3 14 2 13 3 13 2 12 2 12 2 11 2 10 1 10 1 10 1 9 0 10 -1 9 -1 8 -2 9 -3 9 -3 0 0 8 -4 8 -4 8 -5 8 -5 8 -6 8 -6 9 -6 8 -7 8 -7 8 -7 8 -8 8 -8 9 -8 8 -8 8 -8 8 -8 9 -8 8 -8 8 -7 8 -8 8 -7 8 -7 8 -7 7 -8 7 -7 7 -7 0 0 0 0 0 0 0 0 0 0 ],1687784601.279957
CSI_DATA,STA,08:3A:F2:A8:E0:C1,-39,11,1,5,1,1,1,1,0,0,0,-95,1,1,1,10548917,0,110,0,0,10.7377,384,[110 96 6 0 0 0 0 0 0 0 0 0 23 9 21 9 22 9 20 10 20 10 17 10 17 10 15 10 15 10 15 10 14 9 13 9 13 9 13 8 12 8 12 7 11 6 11 5 10 5 10 4 10 4 10 4 10 3 10 2 10 1 10 0 0 0 10 -1 11 -1 11 -2 11 -2 11 -2 11 -3 12 -3 11 -3 12 -4 11 -4 12 -4 12 -4 12 -5 12 -4 12 -4 12 -5 12 -5 11 -5 11 -4 11 -4 11 -4 11 -4 11 -4 11 -5 10 -4 10 -4 0 0 0 0 0 0 0 0 0 0 ],1687784601.287502
CSI_DATA,STA,08:3A:F2:A8:E0:C1,-39,11,1,5,1,1,1,1,0,0,0,-95,1,1,1,10561187,0,110,0,0,10.7501,384,[110 96 6 0 0 0 0 0 0 0 0 0 19 -15 20 -14 19 -13 19 -12 19 -11 18 -10 17 -9 17 -8 17 -8 16 -7 16 -8 15 -8 14 -7 13 -7 13 -6 12 -6 11 -6 10 -7 9 -6 10 -6 9 -6 8 -6 7 -7 7 -8 7 -8 6 -9 0 0 6 -9 5 -9 5 -10 4 -11 4 -11 4 -11 5 -11 4 -12 4 -12 4 -12 3 -13 3 -13 3 -13 4 -13 4 -13 3 -12 3 -13 3 -13 3 -12 3 -12 4 -12 4 -12 4 -12 2 -12 3 -12 2 -11 0 0 0 0 0 0 0 0 0 0 ],1687784601.300044
CSI_DATA,STA,08:3A:F2:A8:E0:C1,-39,11,1,5,1,1,1,1,0,0,0,-95,1,1,1,10570050,0,110,0,0,10.7587,384,[110 96 6 0 0 0 0 0 0 0 0 0 -11 -23 -10 -22 -10 -22 -9 -22 -8 -21 -6 -20 -5 -20 -4 -19 -4 -19 -5 -18 -4 -18 -4 -17 -4 -16 -4 -15 -4 -14 -4 -14 -4 -13 -4 -12 -5 -12 -5 -11 -5 -11 -5 -10 -6 -9 -7 -9 -7 -9 -7 -8 0 0 -8 -8 -9 -7 -9 -7 -10 -7 -10 -7 -10 -7 -11 -7 -11 -7 -11 -7 -12 -7 -12 -6 -12 -7 -12 -7 -12 -6 -12 -7 -12 -6 -12 -7 -11 -6 -11 -6 -11 -6 -11 -7 -11 -6 -11 -7 -11 -6 -11 -6 -10 -6 0 0 0 0 0 0 0 0 0 0 ],1687784601.308678
CSI_DATA,STA,08:3A:F2:A8:E0:C1,-39,11,1,5,1,1,1,1,0,0,0,-95,1,1,1,10581949,0,110,0,0,10.7707,384,[110 96 6 0 0 0 0 0 0 0 0 0 -18 12 -19 11 -18 11 -19 10 -18 9 -17 8 -17 7 -16 6 -16 6 -15 6 -15 5 -14 5 -14 5 -13 5 -12 4 -12 5 -11 5 -10 5 -9 5 -9 5 -8 5 -8 5 -8 5 -7 6 -7 6 -6 7 0 0 -6 7 -5 8 -5 8 -4 9 -5 9 -4 9 -5 9 -4 9 -4 10 -4 10 -4 10 -4 10 -4 11 -3 11 -3 10 -3 10 -3 11 -3 10 -3 10 -3 10 -3 10 -4 10 -3 10 -3 10 -3 9 -3 9 0 0 0 0 0 0 0 0 0 0 ],1687784601.3213031
CSI_DATA,STA,08:3A:F2:A8:E0:C1,-39,11,1,5,1,1,1,1,0,0,0,-95,1,1,1,10590486,0,110,0,0,10.7791,384,[110 96 6 0 0 0 0 0 0 0 0 0 -25 6 -24 4 -24 4 -23 3 -23 2 -20 1 -20 1 -19 0 -19 0 -18 0 -17 0 -17 0 -16 -1 -16 0 -15 -1 -15 1 -13 0 -13 1 -12 1 -12 1 -11 1 -11 2 -11 3 -10 3 -10 4 -10 5 0 0 -10 6 -9 6 -9 6 -9 8 -8 7 -9 8 -10 8 -9 8 -9 9 -9 9 -8 9 -9 9 -9 10 -9 9 -9 9 -8 9 -9 10 -8 9 -8 9 -8 9 -9 9 -9 9 -9 9 -7 8 -8 8 -7 8 0 0 0 0 0 0 0 0 0 0 ],1687784601.328616
CSI_DATA,STA,08:3A:F2:A8:E0:C1,-38,11,1,4,1,1,1,1,0,0,0,-95,1,1,1,10604376,0,110,0,0,10.7931,384,[110 96 6 0 0 0 0 0 0 0 0 0 -12 22 -12 21 -12 20 -14 20 -13 18 -13 17 -13 16 -13 15 -13 14 -12 13 -13 13 -12 13 -11 11 -11 11 -10 10 -10 11 -10 10 -8 9 -8 9 -7 9 -7 9 -6 9 -5 9 -4 10 -4 10 -3 10 0 0 -2 11 -2 11 -1 11 -1 11 -1 11 -1 12 -1 12 0 12 0 12 0 12 0 12 0 13 0 13 1 13 0 13 1 13 1 13 1 12 1 12 1 12 0 12 0 12 0 12 1 11 0 11 1 11 0 0 0 0 0 0 0 0 0 0 ],1687784601.344409
CSI_DATA,STA,08:3A:F2:A8:E0:C1,-39,11,1,5,1,1,1,1,0,0,0,-95,1,1,1,10612586,0,110,0,0,10.8012,384,[110 96 6 0 0 0 0 0 0 0 0 0 -20 -16 -18 -16 -19 -16 -18 -16 -16 -15 -14 -16 -13 -16 -12 -16 -12 -15 -12 -15 -11 -15 -10 -14 -10 -13 -10 -13 -10 -12 -10 -11 -9 -10 -8 -10 -9 -9 -9 -9 -9 -8 -9 -8 -9 -7 -9 -6 -9 -6 -10 -5 0 0 -10 -5 -11 -4 -11 -3 -11 -3 -12 -3 -12 -3 -13 -3 -13 -3 -13 -2 -13 -2 -13 -2 -13 -2 -13 -2 -13 -2 -13 -3 -13 -2 -13 -3 -13 -2 -13 -2 -13 -2 -13 -3 -13 -2 -12 -3 -12 -2 -11 -2 -11 -2 0 0 0 0 0 0 0 0 0 0 ],1687784601.351586
CSI_DATA,STA,08:3A:F2:A8:E0:C1,-40,11,1,6,1,1,1,1,0,0,0,-95,1,1,1,10619538,0,110,0,0,10.8082,384,[110 96 6 0 0 0 0 0 0 0 0 0 -21 8 -22 7 -21 6 -22 5 -20 4 -19 4 -19 3 -18 2 -17 2 -16 2 -16 2 -16 1 -15 1 -14 1 -14 1 -13 2 -12 2 -11 2 -12 2 -11 2 -10 2 -10 3 -9 3 -9 4 -9 4 -9 5 0 0 -8 6 -7 6 -7 7 -7 7 -8 8 -8 8 -8 8 -7 8 -7 8 -7 8 -7 9 -7 9 -7 9 -7 10 -7 9 -7 10 -7 9 -7 9 -7 9 -7 9 -7 8 -7 9 -7 8 -6 9 -7 8 -6 8 0 0 0 0 0 0 0 0 0 0 ],1687784601.357806
CSI_DATA,STA,08:3A:F2:A8:E0:C1,-40,11,1,6,1,1,1,1,0,0,0,-95,1,1,1,10630544,0,110,0,0,10.8193,384,[110 96 6 0 0 0 0 0 0 0 0 0 -23 4 -22 1 -22 1 -22 0 -21 0 -19 0 -19 -1 -18 -2 -18 -1 -17 -1 -16 -1 -15 -1 -15 -2 -14 -1 -13 -2 -13 0 -13 0 -12 0 -11 0 -11 0 -10 1 -10 1 -10 2 -9 3 -9 3 -9 4 0 0 -9 5 -8 5 -8 6 -8 6 -8 6 -8 7 -9 7 -8 7 -8 8 -8 8 -8 8 -8 8 -8 9 -8 8 -8 8 -7 8 -8 9 -7 8 -8 8 -8 8 -8 8 -8 8 -7 8 -7 8 -7 8 -6 8 0 0 0 0 0 0 0 0 0 0 ],1687784601.368694
CSI_DATA,STA,08:3A:F2:A8:E0:C1,-39,11,1,5,1,1,1,1,0,0,0,-95,1,1,1,10641596,0,110,0,0,10.8303,384,[110 96 6 0 0 0 0 0 0 0 0 0 -18 -18 -16 -18 -17 -18 -15 -18 -15 -18 -12 -17 -12 -17 -11 -16 -11 -16 -10 -16 -9 -16 -9 -15 -9 -14 -9 -14 -9 -12 -9 -12 -7 -11 -8 -10 -8 -9 -8 -10 -8 -9 -9 -8 -9 -7 -9 -7 -10 -6 -10 -5 0 0 -10 -5 -11 -4 -10 -3 -11 -3 -12 -4 -12 -3 -13 -4 -13 -3 -12 -3 -13 -3 -13 -2 -13 -2 -13 -3 -13 -2 -13 -2 -13 -1 -14 -2 -13 -2 -13 -2 -13 -2 -12 -2 -12 -2 -12 -2 -12 -2 -12 -2 -11 -2 0 0 0 0 0 0 0 0 0 0 ],1687784601.380457
CSI_DATA,STA,08:3A:F2:A8:E0:C1,-40,11,1,6,1,1,1,1,0,0,0,-95,1,1,1,10648939,0,110,0,0,10.8375,384,[110 96 6 0 0 0 0 0 0 0 0 0 12 21 11 22 11 20 9 21 8 19 7 20 6 19 6 18 5 18 5 17 5 17 4 16 5 15 4 14 4 14 3 13 4 13 4 11 5 11 5 10 5 9 5 9 5 8 6 8 6 8 7 7 0 0 8 6 8 6 9 6 8 6 9 6 10 5 10 6 10 5 11 5 10 5 11 5 11 6 12 5 12 6 11 5 12 5 11 5 11 5 11 5 11 5 11 5 10 5 10 5 10 5 10 5 10 5 0 0 0 0 0 0 0 0 0 0 ],1687784601.3866
CSI_DATA,STA,08:3A:F2:A8:E0:C1,-40,11,1,6,1,1,1,1,0,0,0,-95,1,1,1,10663471,0,110,0,0,10.8524,384,[110 96 6 0 0 0 0 0 0 0 0 0 14 20 13 20 12 19 11 19 10 18 9 18 7 18 7 18 7 17 6 16 6 15 6 15 6 14 7 13 6 13 5 12 5 12 5 11 6 10 6 9 6 9 6 8 6 7 7 7 8 6 8 6 0 0 8 5 9 5 9 5 9 4 10 4 10 4 10 4 11 4 11 4 11 4 11 3 12 4 12 4 12 4 11 4 12 3 12 3 11 3 11 4 11 3 11 4 11 4 11 3 10 3 11 3 10 3 0 0 0 0 0 0 0 0 0 0 ],1687784601.401824
CSI_DATA,STA,08:3A:F2:A8:E0:C1,-40,11,1,6,1,1,1,1,0,0,0,-95,1,1,1,10671878,0,110,0,0,10.8605,384,[110 96 6 0 0 0 0 0 0 0 0 0 -13 19 -13 18 -12 16 -14 16 -13 14 -13 14 -13 13 -13 12 -13 12 -12 11 -12 11 -12 10 -11 9 -10 9 -10 9 -9 9 -8 8 -8 8 -7 8 -7 7 -6 7 -6 8 -5 8 -4 8 -4 8 -4 8 0 0 -3 9 -2 9 -2 9 -1 10 -1 10 -1 10 -1 10 0 10 -1 10 -1 11 0 11 0 11 0 11 0 11 0 11 0 11 0 11 0 11 0 11 0 10 0 11 0 10 0 10 0 10 0 9 0 9 0 0 0 0 0 0 0 0 0 0 ],1687784601.4104671
CSI_DATA,STA,08:3A:F2:A8:E0:C1,-40,11,1,6,1,1,1,1,0,0,0,-95,1,1,1,10678637,0,110,0,0,10.8673,384,[110 96 6 0 0 0 0 0 0 0 0 0 -23 6 -22 5 -21 5 -22 4 -20 3 -20 2 -18 2 -18 1 -18 1 -16 1 -16 1 -16 0 -15 0 -14 0 -14 1 -13 1 -13 1 -11 1 -11 1 -11 2 -10 2 -10 2 -9 3 -9 3 -9 4 -9 5 0 0 -8 5 -8 6 -8 6 -7 7 -8 7 -8 8 -8 8 -7 8 -8 8 -7 8 -7 9 -8 9 -8 9 -8 9 -8 8 -7 9 -7 9 -7 9 -7 9 -7 8 -7 9 -7 8 -7 8 -7 8 -7 8 -6 8 0 0 0 0 0 0 0 0 0 0 ],1687784601.416948
CSI_DATA,STA,08:3A:F2:A8:E0:C1,-38,11,1,4,1,1,1,1,0,0,0,-95,1,1,1,10696541,0,110,0,0,10.8856,384,[110 96 6 0 0 0 0 0 0 0 0 0 -10 -24 -9 -24 -9 -23 -8 -23 -7 -22 -5 -21 -4 -21 -4 -20 -2 -20 -4 -18 -4 -18 -4 -18 -4 -17 -4 -16 -3 -15 -3 -15 -3 -14 -3 -13 -4 -12 -4 -12 -4 -11 -5 -11 -4 -9 -7 -10 -7 -10 -7 -9 0 0 -8 -9 -8 -8 -9 -9 -9 -7 -10 -8 -10 -9 -10 -9 -11 -8 -11 -9 -11 -7 -12 -7 -11 -8 -12 -8 -12 -7 -11 -8 -12 -8 -12 -8 -11 -7 -11 -8 -11 -7 -11 -8 -11 -8 -11 -7 -11 -6 -10 -7 -10 -6 0 0 0 0 0 0 0 0 0 0 ],1687784601.435617
CSI_DATA,STA,08:3A:F2:A8:E0:C1,-40,11,1,6,1,1,1,1,0,0,0,-95,1,1,1,10703940,0,110,0,0,10.8926,384,[110 96 6 0 0 0 0 0 0 0 0 0 12 -23 12 -22 12 -21 12 -20 13 -19 12 -18 13 -16 12 -16 12 -15 12 -15 11 -14 11 -13 10 -12 10 -12 9 -11 9 -11 8 -11 7 -10 6 -10 6 -10 5 -10 5 -10 4 -10 3 -10 3 -10 3 -11 0 0 2 -11 1 -11 0 -11 0 -12 0 -12 0 -13 -1 -13 -1 -13 -1 -13 -1 -13 -1 -13 -1 -14 -1 -13 -1 -14 -1 -14 -2 -13 -1 -14 -1 -13 -1 -13 -2 -13 -1 -13 -1 -13 -1 -12 -1 -13 -1 -12 -1 -11 0 0 0 0 0 0 0 0 0 0 ],1687784601.441967
CSI_DATA,STA,08:3A:F2:A8:E0:C1,-38,11,1,4,1,1,1,1,0,0,0,-95,1,1,1,10713465,0,110,0,0,10.9021,384,[110 96 6 0 0 0 0 0 0 0 0 0 -9 24 -10 22 -10 22 -11 21 -11 20 -11 18 -12 17 -11 16 -11 16 -12 15 -11 15 -11 14 -10 12 -9 12 -9 11 -9 12 -8 11 -7 11 -6 10 -6 10 -6 9 -4 10 -4 9 -3 10 -3 10 -2 10 0 0 -1 10 0 11 1 10 1 11 1 11 1 12 1 12 1 12 2 12 2 12 2 13 2 13 2 12 2 12 2 13 3 12 3 13 3 12 3 12 2 11 2 12 2 12 1 12 3 11 1 11 2 10 0 0 0 0 0 0 0 0 0 0 ],1687784601.451604
CSI_DATA,STA,08:3A:F2:A8:E0:C1,-39,11,1,5,1,1,1,1,0,0,0,-95,1,1,1,10721518,0,110,0,0,10.9101,384,[110 96 6 0 0 0 0 0 0 0 0 0 22 11 20 11 20 10 19 11 18 11 16 11 15 12 14 12 14 12 13 12 12 11 12 11 12 10 11 10 11 9 10 8 10 7 9 7 10 6 10 6 9 5 9 5 9 4 9 3 10 3 10 2 0 0 10 1 11 1 10 0 11 -1 11 -1 11 -1 12 -1 12 -1 12 -1 12 -1 12 -2 12 -1 12 -2 12 -2 12 -2 12 -2 12 -2 12 -2 12 -1 12 -2 12 -1 12 -1 11 -1 11 -2 11 -1 10 -1 0 0 0 0 0 0 0 0 0 0 ],1687784601.4594529
CSI_DATA,STA,08:3A:F2:A8:E0:C1,-40,11,1,6,1,1,1,1,0,0,0,-95,1,1,1,10728988,0,110,0,0,10.9178,384,[110 96 6 0 0 0 0 0 0 0 0 0 -23 -1 -22 -2 -22 -2 -21 -3 -21 -3 -19 -4 -19 -4 -17 -4 -17 -4 -17 -4 -16 -4 -15 -4 -15 -4 -14 -4 -14 -4 -13 -3 -12 -3 -12 -2 -12 -2 -11 -2 -10 -1 -10 -1 -10 0 -10 0 -10 1 -10 2 0 0 -10 2 -10 3 -9 3 -10 4 -10 4 -10 5 -10 5 -10 5 -10 5 -10 6 -10 6 -10 6 -10 6 -10 6 -10 7 -10 6 -10 6 -10 6 -10 6 -10 6 -10 6 -9 6 -10 6 -9 6 -9 5 -9 5 0 0 0 0 0 0 0 0 0 0 ],1687784601.467511
CSI_DATA,STA,08:3A:F2:A8:E0:C1,-40,11,1,6,1,1,1,1,0,0,0,-95,1,1,1,10738986,0,110,0,0,10.9277,384,[110 96 6 0 0 0 0 0 0 0 0 0 4 22 2 22 2 21 1 21 1 19 0 19 -1 18 -2 18 -2 17 -1 16 -2 15 -1 15 -1 14 0 13 -1 13 -1 12 -1 12 -1 10 0 11 1 10 1 10 2 9 2 8 3 9 3 8 3 8 0 0 4 8 5 8 6 8 6 7 6 8 7 8 7 8 7 8 7 8 7 7 8 8 8 8 8 8 8 8 8 7 8 8 8 7 8 7 8 8 8 7 8 7 7 7 7 7 7 6 7 7 7 6 0 0 0 0 0 0 0 0 0 0 ],1687784601.477107
CSI_DATA,STA,08:3A:F2:A8:E0:C1,-40,11,1,6,1,1,1,1,0,0,0,-95,1,1,1,10750286,0,110,0,0,10.939,384,[110 96 6 0 0 0 0 0 0 0 0 0 19 12 17 12 17 12 16 13 15 12 13 13 11 13 11 13 11 13 11 12 10 11 10 11 10 10 10 10 9 9 8 8 8 8 7 7 8 7 8 6 8 6 8 5 7 4 8 4 8 3 8 3 0 0 8 2 9 1 10 1 9 0 10 1 10 1 10 1 11 0 11 0 11 -1 11 -1 11 -1 11 -1 11 0 11 -1 12 -1 11 -1 11 -1 11 0 10 0 11 0 11 0 10 0 10 -1 10 -1 10 -1 0 0 0 0 0 0 0 0 0 0 ],1687784601.4888508
CSI_DATA,STA,08:3A:F2:A8:E0:C1,-40,11,1,6,1,1,1,1,0,0,0,-95,1,1,1,10759110,0,110,0,0,10.9479,384,[110 96 6 0 0 0 0 0 0 0 0 0 22 -4 22 -2 21 -2 21 -1 20 -1 19 0 18 1 17 1 17 1 16 1 15 1 14 1 14 1 14 1 13 1 12 0 12 0 10 -1 10 -1 10 -2 10 -1 9 -2 9 -3 9 -3 8 -4 8 -5 0 0 8 -6 8 -6 8 -6 7 -7 7 -7 8 -7 8 -8 8 -8 8 -8 7 -8 7 -9 7 -9 8 -9 8 -9 8 -9 7 -9 8 -9 7 -9 7 -9 7 -9 7 -8 7 -8 7 -8 6 -9 6 -8 6 -8 0 0 0 0 0 0 0 0 0 0 ],1687784601.497668
CSI_DATA,STA,08:3A:F2:A8:E0:C1,-40,11,1,6,1,1,1,1,0,0,0,-95,1,1,1,10771609,0,110,0,0,10.9605,384,[110 96 6 0 0 0 0 0 0 0 0 0 13 -18 14 -17 13 -16 15 -16 14 -14 14 -13 13 -12 13 -12 13 -11 12 -11 12 -10 11 -10 11 -9 10 -9 10 -8 9 -8 9 -8 8 -8 7 -8 7 -8 6 -8 6 -8 5 -8 4 -8 4 -9 4 -9 0 0 3 -10 2 -9 2 -10 2 -10 1 -11 1 -11 1 -11 1 -11 1 -12 0 -12 0 -12 0 -12 0 -12 0 -12 0 -12 0 -12 0 -12 0 -12 1 -12 0 -11 1 -12 1 -11 0 -11 0 -11 0 -11 0 -11 0 0 0 0 0 0 0 0 0 0 ],1687784601.510612
CSI_DATA,STA,08:3A:F2:A8:E0:C1,-40,11,1,6,1,1,1,1,0,0,0,-95,1,1,1,10781146,0,110,0,0,10.97,384,[110 96 6 0 0 0 0 0 0 0 0 0 19 -17 18 -15 19 -15 18 -13 19 -13 17 -11 17 -10 17 -9 17 -8 16 -8 15 -9 15 -8 14 -7 13 -7 12 -6 12 -7 11 -6 11 -7 9 -7 9 -7 9 -7 8 -7 8 -8 6 -8 6 -9 6 -9 0 0 5 -9 5 -10 5 -10 4 -11 4 -11 4 -11 4 -12 4 -12 4 -12 4 -13 3 -13 3 -12 3 -13 4 -13 4 -13 3 -13 4 -13 3 -13 4 -12 3 -12 4 -12 4 -12 4 -12 3 -12 3 -11 3 -11 0 0 0 0 0 0 0 0 0 0 ],1687784601.521815
CSI_DATA,STA,08:3A:F2:A8:E0:C1,-39,11,1,5,1,1,1,1,0,0,0,-95,1,1,1,10795107,0,110,0,0,10.9838,384,[110 96 6 0 0 0 0 0 0 0 0 0 2 24 1 24 1 23 -1 23 -1 21 -2 21 -3 19 -3 19 -3 18 -3 17 -3 17 -3 16 -2 16 -2 15 -2 14 -2 13 -2 13 -2 12 0 11 0 11 0 11 1 10 1 9 2 10 3 10 3 9 0 0 4 9 5 9 5 9 6 9 6 9 6 9 6 10 7 9 7 10 7 9 8 9 8 10 8 9 8 10 7 10 8 9 8 9 8 9 7 9 7 9 7 9 7 9 7 9 7 8 7 8 7 8 0 0 0 0 0 0 0 0 0 0 ],1687784601.533549
CSI_DATA,STA,08:3A:F2:A8:E0:C1,-40,11,1,6,1,1,1,1,0,0,0,-95,1,1,1,10803160,0,110,0,0,10.9918,384,[110 96 6 0 0 0 0 0 0 0 0 0 21 -13 21 -12 21 -12 20 -10 20 -9 19 -8 19 -7 18 -7 18 -6 17 -5 16 -5 16 -5 15 -4 14 -4 14 -5 13 -5 12 -5 11 -6 10 -5 10 -5 9 -6 9 -6 8 -6 7 -7 7 -7 7 -8 0 0 6 -9 6 -9 6 -9 5 -10 5 -11 5 -11 5 -11 5 -11 5 -12 5 -12 5 -12 5 -12 5 -12 5 -12 5 -13 4 -12 5 -12 5 -12 5 -12 4 -12 5 -12 5 -12 4 -11 4 -11 5 -11 4 -11 0 0 0 0 0 0 0 0 0 0 ],1687784601.541417
CSI_DATA,STA,08:3A:F2:A8:E0:C1,-40,11,1,6,1,1,1,1,0,0,0,-95,1,1,1,10809871,0,110,0,0,10.9985,384,[110 96 6 0 0 0 0 0 0 0 0 0 -17 15 -17 14 -17 14 -17 13 -17 11 -16 10 -16 10 -16 8 -15 9 -15 8 -14 8 -14 7 -13 7 -12 6 -12 6 -11 6 -10 6 -10 6 -9 6 -8 6 -8 6 -7 6 -7 7 -6 7 -6 7 -5 8 0 0 -5 8 -4 9 -4 9 -3 9 -3 9 -3 10 -4 10 -3 10 -3 11 -3 10 -2 11 -3 11 -3 11 -2 11 -2 11 -2 11 -3 11 -2 11 -2 11 -2 10 -3 10 -2 10 -3 10 -2 10 -2 10 -2 9 0 0 0 0 0 0 0 0 0 0 ],1687784601.5484211
CSI_DATA,STA,08:3A:F2:A8:E0:C1,-40,11,1,6,1,1,1,1,0,0,0,-95,1,1,1,10819851,0,110,0,0,11.0086,384,[110 96 6 0 0 0 0 0 0 0 0 0 -17 -16 -16 -16 -16 -16 -14 -16 -14 -16 -12 -15 -11 -15 -11 -15 -10 -15 -10 -14 -9 -14 -9 -13 -9 -13 -8 -12 -8 -12 -8 -11 -7 -10 -7 -10 -8 -9 -8 -9 -8 -8 -8 -7 -8 -7 -8 -6 -9 -6 -9 -5 0 0 -9 -4 -10 -4 -10 -4 -10 -3 -11 -3 -11 -3 -11 -3 -11 -3 -12 -3 -12 -3 -12 -2 -12 -2 -12 -2 -12 -2 -12 -2 -12 -2 -12 -2 -12 -2 -12 -2 -12 -2 -11 -2 -12 -2 -11 -2 -11 -2 -11 -2 -10 -2 0 0 0 0 0 0 0 0 0 0 ],1687784601.558594
CSI_DATA,STA,08:3A:F2:A8:E0:C1,-39,11,1,5,1,1,1,1,0,0,0,-95,1,1,1,10831113,0,110,0,0,11.0198,384,[110 96 6 0 0 0 0 0 0 0 0 0 24 3 23 4 22 3 22 5 21 5 20 6 18 7 18 6 17 6 16 6 16 6 15 6 15 6 14 5 14 5 13 4 12 4 11 3 11 3 11 3 10 2 11 2 10 1 10 0 10 -1 10 -2 0 0 10 -3 10 -3 10 -4 10 -4 11 -4 11 -5 11 -5 11 -5 11 -6 11 -6 11 -7 11 -6 11 -6 12 -6 11 -6 11 -6 11 -6 11 -6 11 -6 10 -6 11 -5 10 -6 10 -5 9 -6 10 -5 9 -5 0 0 0 0 0 0 0 0 0 0 ],1687784601.569592
CSI_DATA,STA,08:3A:F2:A8:E0:C1,-40,11,1,6,1,1,1,1,0,0,0,-95,1,1,1,10841292,0,110,0,0,11.03,384,[110 96 6 0 0 0 0 0 0 0 0 0 -22 7 -22 6 -21 6 -21 5 -20 4 -19 3 -18 3 -18 2 -18 3 -17 1 -16 1 -16 1 -15 1 -15 1 -14 1 -13 2 -12 2 -11 2 -11 2 -10 3 -10 3 -9 3 -9 4 -8 4 -8 4 -8 5 0 0 -8 6 -7 7 -7 7 -7 8 -7 8 -6 8 -7 8 -7 9 -6 9 -6 9 -6 9 -6 10 -6 10 -6 10 -6 10 -5 10 -6 10 -6 9 -5 10 -6 10 -6 9 -6 9 -6 9 -5 9 -6 8 -5 8 0 0 0 0 0 0 0 0 0 0 ],1687784601.5804281
CSI_DATA,STA,08:3A:F2:A8:E0:C1,-40,11,1,6,1,1,1,1,0,0,0,-95,1,1,1,10849705,0,110,0,0,11.0384,384,[110 96 6 0 0 0 0 0 0 0 0 0 22 -6 21 -5 21 -5 20 -4 20 -3 19 -2 18 -1 17 -1 17 -1 16 -1 15 -1 15 -1 14 -1 14 -1 13 -1 12 -1 11 -1 11 -2 10 -2 10 -3 9 -3 9 -3 9 -4 8 -4 8 -5 8 -5 0 0 7 -7 7 -6 7 -7 7 -8 6 -8 7 -8 7 -9 7 -9 7 -9 6 -9 6 -10 6 -10 6 -10 7 -10 7 -10 6 -10 7 -10 6 -10 6 -10 6 -9 6 -10 6 -9 7 -9 5 -9 6 -9 5 -9 0 0 0 0 0 0 0 0 0 0 ],1687784601.587636
CSI_DATA,STA,08:3A:F2:A8:E0:C1,-40,11,1,6,1,1,1,1,0,0,0,-95,1,1,1,10859784,0,110,0,0,11.0486,384,[110 96 6 0 0 0 0 0 0 0 0 0 -1 26 -2 24 -2 23 -3 22 -4 21 -5 21 -5 20 -5 19 -5 19 -5 17 -5 17 -5 16 -5 15 -4 14 -4 14 -4 14 -4 12 -3 12 -2 11 -2 11 -1 11 0 11 0 10 1 10 1 10 2 10 0 0 3 10 4 10 4 9 5 9 5 10 6 10 6 10 6 10 6 10 6 11 6 10 7 10 7 11 7 10 7 10 7 10 7 11 7 10 7 10 7 10 6 10 6 10 6 10 6 9 6 10 6 9 0 0 0 0 0 0 0 0 0 0 ],1687784601.598567
CSI_DATA,STA,08:3A:F2:A8:E0:C1,-40,11,1,6,1,1,1,1,0,0,0,-95,1,1,1,10870051,0,110,0,0,11.0589,384,[110 96 6 0 0 0 0 0 0 0 0 0 -21 15 -21 13 -21 12 -21 11 -20 10 -19 9 -19 8 -18 7 -18 7 -17 7 -17 6 -16 6 -15 6 -15 6 -14 5 -14 6 -13 5 -12 5 -10 5 -10 5 -10 5 -9 6 -9 7 -8 6 -8 7 -7 8 0 0 -7 9 -6 9 -6 9 -5 10 -5 10 -5 10 -5 11 -5 11 -5 11 -5 11 -4 11 -4 12 -4 12 -5 12 -5 12 -5 12 -4 12 -4 11 -4 12 -4 11 -5 11 -5 11 -4 11 -4 11 -4 10 -4 10 0 0 0 0 0 0 0 0 0 0 ],1687784601.610006
CSI_DATA,STA,08:3A:F2:A8:E0:C1,-40,11,1,6,1,1,1,1,0,0,0,-95,1,1,1,10879692,0,110,0,0,11.0684,384,[110 96 6 0 0 0 0 0 0 0 0 0 -17 16 -17 14 -17 13 -17 12 -17 11 -16 10 -15 9 -15 9 -15 9 -14 8 -14 8 -14 7 -13 7 -13 7 -12 6 -11 7 -10 7 -10 7 -9 6 -8 6 -8 6 -7 6 -7 7 -6 7 -6 7 -5 8 0 0 -5 8 -4 9 -3 9 -3 10 -3 10 -3 10 -3 10 -2 10 -2 10 -2 11 -2 11 -2 11 -2 11 -2 11 -1 11 -1 11 -2 11 -1 11 -2 11 -1 11 -2 11 -2 10 -1 11 -1 10 -1 10 -1 9 0 0 0 0 0 0 0 0 0 0 ],1687784601.6200058
CSI_DATA,STA,08:3A:F2:A8:E0:C1,-40,11,1,6,1,1,1,1,0,0,0,-95,1,1,1,10897440,0,110,0,0,11.0864,384,[110 96 6 0 0 0 0 0 0 0 0 0 18 10 16 10 16 10 14 10 14 11 13 10 12 10 11 10 11 10 11 9 10 9 9 9 9 9 9 8 8 8 8 7 7 6 7 6 7 5 7 5 7 4 7 4 8 3 7 3 8 2 8 1 0 0 8 1 8 1 8 0 9 0 8 -1 9 -1 9 -1 9 -1 9 -2 9 -2 10 -2 10 -2 10 -2 10 -2 10 -2 10 -2 10 -2 9 -2 9 -2 9 -2 9 -2 9 -2 9 -2 9 -2 8 -2 8 -2 0 0 0 0 0 0 0 0 0 0 ],1687784601.636936
CSI_DATA,STA,08:3A:F2:A8:E0:C1,-40,11,1,6,1,1,1,1,0,0,0,-95,1,1,1,10904027,0,110,0,0,11.0926,384,[110 96 6 0 0 0 0 0 0 0 0 0 5 -22 6 -21 6 -21 7 -19 7 -19 7 -18 8 -17 8 -16 8 -16 7 -15 7 -15 7 -14 6 -13 6 -12 6 -12 6 -12 5 -11 5 -11 3 -10 3 -10 3 -10 2 -10 2 -10 0 -10 0 -10 0 -10 0 0 -1 -10 -2 -10 -2 -10 -3 -10 -3 -11 -3 -11 -3 -11 -4 -11 -4 -11 -4 -11 -4 -11 -4 -11 -4 -11 -4 -11 -5 -12 -5 -11 -4 -12 -4 -11 -5 -11 -4 -11 -4 -11 -4 -11 -4 -11 -4 -11 -4 -10 -4 -10 0 0 0 0 0 0 0 0 0 0 ],1687784601.642773
CSI_DATA,STA,08:3A:F2:A8:E0:C1,-39,11,1,5,1,1,1,1,0,0,0,-95,1,1,1,10912717,0,110,0,0,11.1013,384,[110 96 6 0 0 0 0 0 0 0 0 0 -25 -4 -23 -4 -24 -5 -23 -5 -23 -6 -20 -7 -19 -7 -18 -8 -17 -7 -18 -8 -16 -7 -16 -8 -15 -7 -15 -6 -14 -7 -14 -5 -12 -5 -12 -4 -12 -4 -12 -4 -12 -3 -11 -3 -12 -2 -11 -1 -11 -1 -11 0 0 0 -11 1 -11 2 -11 2 -12 3 -11 3 -12 3 -12 3 -12 3 -12 4 -12 4 -13 4 -13 4 -13 5 -12 4 -13 4 -12 5 -13 5 -12 4 -12 4 -12 4 -12 4 -12 4 -12 3 -11 4 -12 4 -10 3 0 0 0 0 0 0 0 0 0 0 ],1687784601.651124
CSI_DATA,STA,08:3A:F2:A8:E0:C1,-40,11,1,6,1,1,1,1,0,0,0,-95,1,1,1,10921503,0,110,0,0,11.1101,384,[110 96 6 0 0 0 0 0 0 0 0 0 4 22 3 21 3 21 2 20 2 20 1 18 0 18 -1 17 0 17 0 16 -1 16 -2 15 -1 14 0 13 0 13 0 12 0 11 0 11 1 10 1 10 2 9 2 9 2 9 3 9 3 8 3 8 0 0 4 8 5 8 6 7 6 7 6 7 7 7 7 7 7 7 7 7 7 7 7 8 8 8 8 7 8 7 8 8 8 7 8 8 8 7 8 7 8 7 8 7 8 7 8 7 7 7 7 7 7 6 0 0 0 0 0 0 0 0 0 0 ],1687784601.660825
CSI_DATA,STA,08:3A:F2:A8:E0:C1,-40,11,1,6,1,1,1,1,0,0,0,-95,1,1,1,10930001,0,110,0,0,11.1187,384,[110 96 6 0 0 0 0 0 0 0 0 0 -8 21 -9 20 -9 19 -9 19 -10 17 -9 17 -10 16 -10 15 -10 14 -9 13 -9 13 -9 12 -9 12 -8 11 -8 11 -7 11 -7 10 -6 10 -5 9 -5 9 -4 9 -4 9 -3 8 -2 9 -2 9 -2 9 0 0 -1 9 0 9 1 10 1 10 1 10 1 10 1 10 2 10 2 10 2 11 2 11 2 11 2 11 3 11 2 11 2 11 3 11 3 11 2 11 2 10 2 11 2 10 2 10 2 10 2 10 2 9 0 0 0 0 0 0 0 0 0 0 ],1687784601.668677
CSI_DATA,STA,08:3A:F2:A8:E0:C1,-40,11,1,6,1,1,1,1,0,0,0,-95,1,1,1,10942783,0,110,0,0,11.1315,384,[110 96 6 0 0 0 0 0 0 0 0 0 -25 -4 -23 -5 -24 -6 -23 -6 -22 -6 -20 -7 -19 -7 -18 -8 -17 -8 -17 -8 -16 -8 -15 -7 -16 -7 -15 -7 -14 -6 -14 -5 -12 -5 -12 -4 -12 -4 -12 -3 -11 -3 -11 -2 -11 -1 -11 -1 -11 -1 -11 1 0 0 -11 1 -11 2 -11 2 -11 3 -12 4 -11 3 -12 3 -12 4 -12 4 -12 4 -12 5 -12 5 -13 5 -12 5 -12 5 -12 5 -12 5 -12 5 -12 5 -12 4 -12 4 -12 4 -12 4 -11 5 -11 4 -11 4 0 0 0 0 0 0 0 0 0 0 ],1687784601.6814542
CSI_DATA,STA,08:3A:F2:A8:E0:C1,-39,11,1,5,1,1,1,1,0,0,0,-95,1,1,1,10951172,0,110,0,0,11.1398,384,[110 96 6 0 0 0 0 0 0 0 0 0 21 6 20 7 20 7 19 7 18 7 17 8 16 8 15 7 15 8 13 8 13 8 12 7 12 7 12 6 11 6 11 5 10 5 10 4 9 4 10 3 9 3 9 2 9 2 9 1 9 1 9 0 0 0 9 -1 9 -1 9 -2 9 -3 10 -3 10 -3 10 -3 10 -3 10 -4 10 -4 10 -4 10 -4 10 -4 10 -4 10 -4 10 -5 10 -5 10 -5 10 -4 10 -4 10 -4 10 -4 10 -4 10 -4 9 -4 9 -4 0 0 0 0 0 0 0 0 0 0 ],1687784601.688957
CSI_DATA,STA,08:3A:F2:A8:E0:C1,-39,11,1,5,1,1,1,1,0,0,0,-95,1,1,1,10961243,0,110,0,0,11.15,384,[110 96 6 0 0 0 0 0 0 0 0 0 24 5 23 6 22 6 22 7 21 7 18 8 17 9 16 9 16 9 15 8 15 7 14 7 14 6 14 6 13 6 12 5 11 5 11 3 11 4 11 4 10 3 10 3 10 1 10 0 11 0 10 -2 0 0 10 -2 10 -3 10 -3 10 -4 11 -4 11 -4 11 -4 11 -4 11 -5 11 -5 11 -6 11 -6 11 -6 11 -6 11 -6 11 -6 11 -7 11 -6 11 -5 11 -5 11 -5 11 -5 10 -5 10 -6 10 -6 9 -5 0 0 0 0 0 0 0 0 0 0 ],1687784601.6996539
CSI_DATA,STA,08:3A:F2:A8:E0:C1,-40,11,1,6,1,1,1,1,0,0,0,-95,1,1,1,10969846,0,110,0,0,11.1587,384,[110 96 6 0 0 0 0 0 0 0 0 0 -25 -7 -23 -8 -23 -8 -22 -9 -21 -9 -19 -10 -18 -10 -17 -10 -17 -10 -16 -9 -16 -9 -15 -9 -15 -8 -15 -7 -13 -8 -13 -6 -12 -6 -12 -5 -12 -5 -11 -5 -11 -5 -11 -4 -11 -3 -11 -2 -11 -1 -11 0 0 0 -11 0 -11 1 -11 1 -11 2 -12 2 -12 2 -12 2 -12 3 -12 3 -13 3 -12 4 -13 4 -13 4 -13 4 -13 4 -12 4 -13 4 -12 4 -12 3 -12 3 -12 3 -13 3 -12 3 -11 4 -11 3 -11 3 0 0 0 0 0 0 0 0 0 0 ],1687784601.718169
CSI_DATA,STA,08:3A:F2:A8:E0:C1,-40,11,1,6,1,1,1,1,0,0,0,-95,1,1,1,10979934,0,110,0,0,11.1687,384,[110 96 6 0 0 0 0 0 0 0 0 0 16 -20 16 -19 16 -17 16 -17 16 -15 16 -15 16 -13 15 -13 15 -12 14 -12 14 -11 13 -10 13 -10 12 -10 11 -9 11 -9 10 -8 9 -9 9 -9 8 -9 7 -8 7 -9 6 -9 5 -10 5 -10 4 -10 0 0 4 -11 3 -10 3 -11 2 -11 2 -12 2 -12 2 -13 1 -13 1 -13 1 -13 1 -14 1 -13 1 -13 1 -14 1 -14 1 -13 1 -14 1 -14 1 -13 0 -13 1 -13 1 -13 1 -12 1 -12 1 -12 1 -12 0 0 0 0 0 0 0 0 0 0 ],1687784601.718299
CSI_DATA,STA,08:3A:F2:A8:E0:C1,-40,11,1,6,1,1,1,1,0,0,0,-95,1,1,1,10989721,0,110,0,0,11.1784,384,[110 96 6 0 0 0 0 0 0 0 0 0 -23 12 -22 10 -22 10 -22 8 -21 8 -20 7 -20 6 -19 5 -19 5 -18 4 -18 4 -17 3 -16 3 -15 3 -15 3 -14 4 -13 4 -13 4 -12 3 -11 4 -11 4 -10 5 -10 5 -9 5 -9 6 -9 7 0 0 -8 7 -7 8 -7 8 -7 9 -7 9 -7 10 -7 10 -7 10 -7 10 -7 11 -7 10 -7 11 -7 11 -7 11 -7 11 -6 11 -7 11 -7 11 -6 11 -7 10 -7 11 -7 10 -7 10 -6 10 -6 9 -6 9 0 0 0 0 0 0 0 0 0 0 ],1687784601.728433
CSI_DATA,STA,08:3A:F2:A8:E0:C1,-39,11,1,5,1,1,1,1,0,0,0,-95,1,1,1,11001186,0,110,0,0,11.1899,384,[110 96 6 0 0 0 0 0 0 0 0 0 17 17 16 17 16 16 15 17 14 16 12 16 11 16 10 16 9 15 9 15 9 14 9 14 9 13 9 13 8 12 8 11 7 10 7 9 8 9 7 8 8 8 8 7 8 6 9 5 9 5 9 4 0 0 9 3 10 3 10 3 10 2 11 3 11 3 11 3 12 2 12 2 11 2 12 1 12 2 12 1 13 1 12 1 12 1 12 1 12 1 12 1 12 1 11 2 12 2 11 1 11 1 11 1 10 1 0 0 0 0 0 0 0 0 0 0 ],1687784601.739498
CSI_DATA,STA,08:3A:F2:A8:E0:C1,-40,11,1,6,1,1,1,1,0,0,0,-95,1,1,1,11009807,0,110,0,0,11.1985,384,[110 96 6 0 0 0 0 0 0 0 0 0 8 -25 8 -24 8 -23 9 -22 9 -20 9 -19 10 -18 10 -18 10 -17 9 -16 9 -15 9 -15 8 -14 7 -14 7 -13 7 -12 6 -12 5 -11 5 -12 4 -11 4 -11 3 -11 2 -11 1 -11 1 -11 0 -11 0 0 -1 -12 -1 -12 -2 -12 -2 -11 -3 -12 -3 -12 -2 -13 -3 -13 -3 -13 -4 -13 -4 -13 -4 -13 -4 -13 -4 -13 -4 -13 -4 -13 -4 -13 -4 -13 -3 -13 -4 -12 -3 -13 -4 -12 -3 -12 -4 -12 -4 -12 -4 -11 0 0 0 0 0 0 0 0 0 0 ],1687784601.748447
CSI_DATA,STA,08:3A:F2:A8:E0:C1,-40,11,1,6,1,1,1,1,0,0,0,-95,1,1,1,11019875,0,110,0,0,11.2086,384,[110 96 6 0 0 0 0 0 0 0 0 0 -11 -21 -11 -20 -10 -20 -9 -20 -9 -19 -7 -18 -7 -18 -6 -17 -6 -17 -5 -16 -4 -16 -4 -16 -4 -14 -4 -14 -4 -14 -4 -12 -4 -12 -4 -11 -5 -11 -5 -10 -6 -10 -6 -10 -5 -9 -6 -8 -6 -8 -7 -8 0 0 -7 -8 -8 -7 -9 -7 -9 -6 -9 -7 -10 -6 -10 -6 -10 -6 -10 -6 -10 -6 -11 -6 -10 -7 -11 -6 -11 -6 -11 -6 -11 -6 -11 -7 -11 -6 -10 -6 -11 -6 -10 -6 -10 -6 -10 -6 -10 -6 -9 -6 -9 -6 0 0 0 0 0 0 0 0 0 0 ],1687784601.758453
CSI_DATA,STA,08:3A:F2:A8:E0:C1,-40,11,1,6,1,1,1,1,0,0,0,-95,1,1,1,11029891,0,110,0,0,11.2186,384,[110 96 6 0 0 0 0 0 0 0 0 0 24 -5 24 -3 23 -3 23 -2 22 -2 21 -1 20 0 19 0 18 1 18 1 17 1 16 1 16 1 15 1 14 1 13 0 12 0 12 -1 12 0 11 -1 10 -1 11 -2 10 -2 10 -3 10 -3 9 -5 0 0 9 -5 9 -6 9 -7 9 -7 9 -7 9 -8 9 -8 9 -8 9 -8 9 -9 9 -9 10 -9 10 -9 10 -9 9 -9 9 -9 10 -9 9 -9 9 -9 9 -9 9 -8 9 -8 9 -8 9 -8 9 -7 9 -8 0 0 0 0 0 0 0 0 0 0 ],1687784601.768495
CSI_DATA,STA,08:3A:F2:A8:E0:C1,-40,11,1,6,1,1,1,1,0,0,0,-95,1,1,1,11039654,0,110,0,0,11.2284,384,[110 96 6 0 0 0 0 0 0 0 0 0 -3 -26 -2 -26 -2 -24 0 -24 0 -22 1 -23 2 -21 1 -20 2 -20 2 -18 2 -18 2 -17 2 -17 1 -16 1 -16 1 -14 1 -14 0 -13 0 -13 -1 -12 -1 -12 -2 -11 -2 -11 -3 -11 -3 -11 -4 -10 0 0 -5 -11 -6 -10 -6 -11 -7 -10 -7 -10 -7 -10 -7 -11 -8 -11 -8 -11 -8 -10 -9 -10 -9 -11 -9 -11 -9 -11 -8 -11 -9 -11 -9 -10 -9 -11 -9 -11 -9 -10 -8 -10 -8 -10 -8 -10 -8 -10 -7 -10 -8 -9 0 0 0 0 0 0 0 0 0 0 ],1687784601.778384
CSI_DATA,STA,08:3A:F2:A8:E0:C1,-40,11,1,6,1,1,1,1,0,0,0,-95,1,1,1,11049754,0,110,0,0,11.2385,384,[110 96 6 0 0 0 0 0 0 0 0 0 -5 -26 -4 -25 -4 -24 -3 -23 -2 -23 -1 -22 -1 -21 0 -20 0 -20 0 -19 1 -18 1 -18 0 -17 0 -16 0 -15 -1 -15 0 -13 -1 -14 -2 -12 -2 -12 -2 -12 -3 -11 -3 -11 -4 -11 -4 -10 -5 -10 0 0 -6 -10 -7 -10 -7 -9 -8 -9 -8 -9 -8 -9 -9 -10 -9 -10 -9 -9 -10 -10 -10 -10 -10 -10 -10 -9 -10 -10 -10 -10 -10 -9 -10 -10 -10 -9 -10 -9 -10 -9 -9 -9 -9 -9 -9 -9 -9 -9 -8 -9 -9 -9 0 0 0 0 0 0 0 0 0 0 ],1687784601.788461
CSI_DATA,STA,08:3A:F2:A8:E0:C1,-39,11,1,5,1,1,1,1,0,0,0,-95,1,1,1,11061210,0,110,0,0,11.2499,384,[110 96 6 0 0 0 0 0 0 0 0 0 17 18 15 17 15 18 14 17 13 17 11 17 10 16 9 16 9 16 8 15 8 14 8 14 8 13 8 13 7 12 7 11 7 10 6 9 7 9 7 8 7 8 7 7 7 7 8 6 9 6 9 5 0 0 9 4 10 4 10 3 10 3 11 3 11 2 12 3 11 2 12 2 12 2 12 1 12 2 13 2 13 1 12 2 12 1 13 1 12 1 12 1 12 1 12 2 11 2 11 1 11 1 11 1 10 1 0 0 0 0 0 0 0 0 0 0 ],1687784601.799427
CSI_DATA,STA,08:3A:F2:A8:E0:C1,-40,11,1,6,1,1,1,1,0,0,0,-95,1,1,1,11070361,0,110,0,0,11.2595,384,[110 96 6 0 0 0 0 0 0 0 0 0 22 -12 20 -11 21 -10 20 -9 20 -8 19 -7 18 -7 18 -6 18 -6 17 -5 16 -5 15 -5 15 -4 14 -4 13 -4 13 -5 12 -4 11 -5 10 -4 10 -5 9 -5 9 -5 8 -7 8 -7 7 -7 7 -8 0 0 7 -8 6 -9 5 -9 6 -10 5 -10 6 -10 5 -11 5 -11 5 -11 5 -12 5 -12 5 -12 5 -12 5 -12 5 -12 5 -12 5 -12 5 -11 5 -11 5 -12 5 -11 5 -11 5 -11 4 -11 4 -10 4 -10 0 0 0 0 0 0 0 0 0 0 ],1687784601.809474
CSI_DATA,STA,08:3A:F2:A8:E0:C1,-40,11,1,6,1,1,1,1,0,0,0,-95,1,1,1,11079834,0,110,0,0,11.2686,384,[110 96 6 0 0 0 0 0 0 0 0 0 24 -6 24 -4 23 -4 23 -2 22 -2 21 -2 20 -1 19 0 19 0 18 0 17 0 17 1 16 0 15 0 14 0 14 -1 13 -1 12 -2 11 -2 12 -2 10 -2 11 -3 10 -4 9 -4 9 -4 9 -5 0 0 9 -6 8 -7 8 -7 8 -8 8 -8 8 -9 8 -9 8 -9 8 -9 8 -9 8 -10 8 -10 8 -10 8 -10 8 -10 8 -11 8 -11 8 -11 8 -10 8 -10 8 -9 8 -10 8 -9 7 -10 7 -9 7 -9 0 0 0 0 0 0 0 0 0 0 ],1687784601.818656
CSI_DATA,STA,08:3A:F2:A8:E0:C1,-39,11,1,5,1,1,1,1,0,0,0,-95,1,1,1,11091123,0,110,0,0,11.2799,384,[110 96 6 0 0 0 0 0 0 0 0 0 -23 11 -22 9 -22 9 -22 7 -21 7 -20 6 -20 5 -18 4 -19 4 -18 4 -18 3 -17 3 -16 3 -15 3 -15 3 -14 4 -13 3 -12 4 -11 4 -11 4 -11 4 -10 5 -10 5 -9 6 -9 6 -9 7 0 0 -8 8 -7 8 -6 8 -7 9 -7 9 -6 10 -7 10 -6 10 -6 11 -6 11 -6 11 -6 11 -6 11 -6 11 -6 12 -5 11 -6 12 -5 11 -5 11 -5 10 -6 11 -6 11 -6 10 -5 11 -5 10 -4 9 0 0 0 0 0 0 0 0 0 0 ],1687784601.829497
CSI_DATA,STA,08:3A:F2:A8:E0:C1,-40,11,1,6,1,1,1,1,0,0,0,-95,1,1,1,11100897,0,110,0,0,11.2896,384,[110 96 6 0 0 0 0 0 0 0 0 0 -23 -13 -21 -13 -21 -13 -20 -13 -19 -13 -17 -13 -16 -14 -15 -14 -15 -13 -14 -13 -13 -13 -12 -12 -13 -12 -12 -11 -12 -10 -11 -10 -10 -9 -10 -8 -11 -8 -10 -7 -10 -7 -10 -6 -10 -5 -11 -4 -11 -4 -11 -3 0 0 -11 -3 -12 -2 -11 -1 -12 -1 -12 -1 -13 -1 -13 -1 -13 -1 -13 0 -13 0 -13 1 -14 0 -14 0 -14 1 -14 0 -14 0 -13 0 -14 0 -13 0 -13 0 -13 0 -13 0 -13 0 -13 0 -12 0 -12 0 0 0 0 0 0 0 0 0 0 0 ],1687784601.839776
CSI_DATA,STA,08:3A:F2:A8:E0:C1,-40,11,1,6,1,1,1,1,0,0,0,-95,1,1,1,11109888,0,110,0,0,11.2986,384,[110 96 6 0 0 0 0 0 0 0 0 0 -24 3 -22 2 -22 2 -21 1 -21 0 -19 0 -19 -1 -18 -1 -18 -2 -17 -2 -16 -2 -16 -2 -15 -2 -15 -2 -14 -2 -13 -1 -12 -1 -12 0 -12 0 -11 0 -11 0 -11 1 -10 2 -10 2 -10 3 -9 3 0 0 -9 4 -9 5 -9 5 -9 6 -9 6 -9 6 -9 7 -9 7 -9 7 -9 7 -9 7 -9 7 -9 7 -9 8 -9 7 -9 8 -9 8 -9 7 -9 7 -9 7 -9 7 -9 7 -9 7 -8 7 -8 7 -8 7 0 0 0 0 0 0 0 0 0 0 ],1687784601.8484359
CSI_DATA,STA,08:3A:F2:A8:E0:C1,-40,11,1,6,1,1,1,1,0,0,0,-95,1,1,1,11121290,0,110,0,0,11.31,384,[110 96 6 0 0 0 0 0 0 0 0 0 -4 24 -5 23 -5 23 -6 22 -7 21 -7 20 -8 19 -8 18 -8 17 -7 16 -7 16 -7 15 -6 14 -6 14 -6 13 -6 13 -6 12 -5 11 -4 11 -4 11 -3 11 -2 10 -2 10 -1 10 0 10 0 10 0 0 1 10 1 11 2 10 3 10 3 11 3 11 3 11 4 11 4 11 4 11 4 11 4 12 5 12 4 11 4 12 4 11 4 12 4 11 4 11 4 11 4 11 3 11 4 11 4 11 4 11 4 10 0 0 0 0 0 0 0 0 0 0 ],1687784601.859513
CSI_DATA,STA,08:3A:F2:A8:E0:C1,-40,11,1,6,1,1,1,1,0,0,0,-95,1,1,1,11132696,0,110,0,0,11.3215,384,[110 96 6 0 0 0 0 0 0 0 0 0 -8 23 -9 22 -9 22 -10 20 -9 19 -10 18 -10 17 -10 17 -10 16 -9 15 -10 14 -10 14 -9 13 -9 13 -8 12 -7 12 -7 11 -6 11 -5 10 -4 10 -4 10 -3 10 -3 10 -2 10 -2 10 -1 10 0 0 0 10 1 11 2 10 2 10 2 11 3 11 3 11 3 12 3 11 3 12 3 12 3 12 3 12 4 12 4 12 4 12 4 12 4 11 4 11 4 11 3 11 3 11 3 11 3 11 3 11 3 10 0 0 0 0 0 0 0 0 0 0 ],1687784601.871437
CSI_DATA,STA,08:3A:F2:A8:E0:C1,-39,11,1,5,1,1,1,1,0,0,0,-95,1,1,1,11140991,0,110,0,0,11.3296,384,[110 96 6 0 0 0 0 0 0 0 0 0 16 18 14 18 14 19 13 18 12 18 10 17 8 17 8 17 7 17 8 16 8 15 7 15 8 14 7 13 6 12 6 12 6 11 6 10 6 9 6 9 6 9 7 8 7 7 8 6 8 6 8 5 0 0 9 5 9 5 10 4 10 3 10 3 10 4 11 4 11 3 11 3 11 2 12 2 12 3 12 2 12 3 12 3 12 2 12 2 12 2 11 2 11 2 11 3 11 3 11 2 11 1 11 2 10 2 0 0 0 0 0 0 0 0 0 0 ],1687784601.8785
CSI_DATA,STA,08:3A:F2:A8:E0:C1,-40,11,1,6,1,1,1,1,0,0,0,-95,1,1,1,11151090,0,110,0,0,11.3399,384,[110 96 6 0 0 0 0 0 0 0 0 0 18 12 17 12 17 13 15 13 15 13 13 12 12 13 11 12 11 12 11 12 10 11 10 11 10 10 9 10 8 9 9 9 7 8 8 7 8 7 8 6 8 6 8 5 8 4 8 4 8 3 8 3 0 0 8 2 9 2 9 1 10 1 10 1 10 1 10 0 10 0 11 0 11 0 11 -1 11 -1 11 -1 11 -1 11 -1 11 -1 12 -1 11 -1 11 0 11 -1 11 0 11 0 11 -1 10 -1 10 -1 9 0 0 0 0 0 0 0 0 0 0 0 ],1687784601.889549
CSI_DATA,STA,08:3A:F2:A8:E0:C1,-40,11,1,6,1,1,1,1,0,0,0,-95,1,1,1,11159961,0,110,0,0,11.3487,384,[110 96 6 0 0 0 0 0 0 0 0 0 9 20 7 20 7 20 7 19 6 19 5 18 4 18 4 17 3 16 3 16 3 15 3 15 3 14 3 13 3 12 3 12 3 11 3 10 3 10 4 9 4 9 4 8 4 8 5 7 5 7 6 6 0 0 7 6 7 6 8 5 8 5 8 5 8 5 9 5 9 5 9 5 10 4 10 4 10 4 10 4 10 4 10 4 10 4 11 4 10 4 10 4 10 4 10 4 10 4 10 4 10 3 9 3 9 3 0 0 0 0 0 0 0 0 0 0 ],1687784601.89755
CSI_DATA,STA,08:3A:F2:A8:E0:C1,-40,11,1,6,1,1,1,1,0,0,0,-95,1,1,1,11169652,0,110,0,0,11.3584,384,[110 96 6 0 0 0 0 0 0 0 0 0 22 -4 22 -3 21 -3 21 -2 20 -1 19 0 18 1 17 0 17 1 16 1 15 1 15 1 14 1 14 1 13 1 12 0 11 0 11 -1 11 -1 10 -1 10 -1 10 -2 9 -3 9 -3 9 -3 9 -4 0 0 8 -5 8 -6 8 -6 8 -7 8 -7 8 -7 8 -7 8 -8 8 -8 8 -8 8 -8 8 -8 8 -8 9 -8 8 -9 8 -8 8 -9 8 -8 8 -8 8 -8 8 -8 8 -8 8 -8 7 -8 7 -7 7 -7 0 0 0 0 0 0 0 0 0 0 ],1687784601.9078379
CSI_DATA,STA,08:3A:F2:A8:E0:C1,-40,11,1,6,1,1,1,1,0,0,0,-95,1,1,1,11180108,0,110,0,0,11.369,384,[110 96 6 0 0 0 0 0 0 0 0 0 13 -19 13 -18 13 -17 14 -16 13 -15 13 -14 13 -13 13 -12 13 -12 12 -11 12 -11 11 -10 10 -10 10 -9 10 -9 9 -9 9 -8 8 -8 7 -8 7 -8 6 -8 6 -9 5 -8 4 -9 4 -9 3 -9 0 0 3 -10 2 -10 2 -10 2 -10 1 -10 1 -11 1 -11 0 -12 1 -12 0 -12 0 -12 0 -12 0 -12 0 -13 0 -12 0 -12 1 -12 0 -12 1 -12 0 -12 0 -12 0 -12 1 -11 0 -11 0 -11 0 -10 0 0 0 0 0 0 0 0 0 0 ],1687784601.9184089
CSI_DATA,STA,08:3A:F2:A8:E0:C1,-40,11,1,6,1,1,1,1,0,0,0,-95,1,1,1,11192621,0,110,0,0,11.3814,384,[110 96 6 0 0 0 0 0 0 0 0 0 19 -11 19 -10 19 -9 19 -8 18 -8 17 -6 17 -6 16 -5 16 -5 15 -5 15 -5 14 -4 13 -4 12 -4 12 -4 12 -5 11 -4 10 -5 9 -4 9 -5 8 -5 8 -6 7 -6 7 -6 7 -6 6 -7 0 0 6 -8 5 -8 5 -8 5 -10 4 -9 4 -10 4 -10 4 -10 4 -10 4 -11 4 -11 4 -11 4 -11 4 -11 4 -11 3 -11 4 -12 4 -11 3 -11 3 -11 4 -11 3 -10 4 -11 3 -11 3 -10 3 -10 0 0 0 0 0 0 0 0 0 0 ],1687784601.93069
CSI_DATA,STA,08:3A:F2:A8:E0:C1,-39,11,1,5,1,1,1,1,0,0,0,-95,1,1,1,11203992,0,110,0,0,11.3926,384,[110 96 6 0 0 0 0 0 0 0 0 0 -15 -21 -14 -20 -14 -20 -13 -20 -12 -19 -10 -19 -9 -18 -8 -18 -8 -18 -7 -17 -7 -17 -7 -16 -7 -15 -7 -15 -7 -14 -7 -13 -6 -12 -6 -11 -7 -12 -7 -11 -7 -10 -7 -10 -7 -8 -8 -8 -8 -8 -9 -7 0 0 -9 -6 -10 -6 -10 -5 -11 -5 -11 -5 -11 -5 -12 -6 -12 -5 -12 -5 -12 -5 -13 -4 -13 -5 -13 -4 -13 -4 -13 -5 -13 -4 -13 -4 -13 -4 -12 -4 -12 -5 -12 -5 -13 -5 -12 -4 -12 -4 -11 -4 -11 -4 0 0 0 0 0 0 0 0 0 0 ],1687784601.942423
CSI_DATA,STA,08:3A:F2:A8:E0:C1,-40,11,1,6,1,1,1,1,0,0,0,-95,1,1,1,11210959,0,110,0,0,11.3996,384,[110 96 6 0 0 0 0 0 0 0 0 0 23 9 21 9 22 9 21 10 20 10 17 11 17 10 16 11 15 10 15 10 14 10 13 10 13 9 13 8 12 8 12 7 11 6 11 5 10 5 11 4 10 4 10 3 10 3 10 2 10 1 10 0 0 0 10 -1 11 -1 10 -2 11 -2 11 -3 11 -3 12 -3 12 -3 12 -4 12 -4 12 -4 12 -4 12 -4 12 -4 12 -4 12 -5 12 -5 12 -4 12 -4 11 -4 11 -4 11 -4 11 -4 11 -4 11 -4 10 -4 0 0 0 0 0 0 0 0 0 0 ],1687784601.9494998
CSI_DATA,STA,08:3A:F2:A8:E0:C1,-40,11,1,6,1,1,1,1,0,0,0,-95,1,1,1,11222688,0,110,0,0,11.4114,384,[110 96 6 0 0 0 0 0 0 0 0 0 0 -26 0 -25 0 -24 2 -23 2 -22 3 -21 3 -20 4 -19 3 -19 4 -18 4 -17 4 -17 4 -16 3 -15 3 -14 2 -14 2 -13 2 -13 1 -12 1 -12 0 -12 0 -11 0 -11 -2 -11 -2 -11 -2 -11 0 0 -3 -11 -4 -11 -5 -11 -5 -10 -6 -11 -6 -11 -6 -11 -7 -11 -6 -11 -7 -11 -7 -12 -7 -12 -7 -11 -7 -11 -7 -12 -8 -12 -7 -12 -7 -12 -7 -11 -7 -11 -6 -11 -7 -11 -6 -11 -6 -11 -6 -11 -6 -10 0 0 0 0 0 0 0 0 0 0 ],1687784601.9614341
CSI_DATA,STA,08:3A:F2:A8:E0:C1,-40,11,1,6,1,1,1,1,0,0,0,-95,1,1,1,11229925,0,110,0,0,11.4185,384,[110 96 6 0 0 0 0 0 0 0 0 0 25 -2 24 -1 23 -1 23 0 22 1 21 2 19 3 18 3 18 4 17 3 16 3 16 2 15 3 15 3 14 3 14 1 13 2 12 1 12 1 12 0 11 1 11 0 10 -1 10 -2 10 -3 10 -3 0 0 10 -4 10 -4 9 -5 9 -6 10 -6 10 -6 10 -6 10 -7 11 -7 10 -7 10 -8 10 -7 10 -8 11 -8 11 -7 10 -8 10 -8 11 -7 10 -7 10 -7 10 -7 10 -7 10 -7 10 -7 10 -6 9 -6 0 0 0 0 0 0 0 0 0 0 ],1687784601.967971
CSI_DATA,STA,08:3A:F2:A8:E0:C1,-39,11,1,5,1,1,1,1,0,0,0,-95,1,1,1,11241137,0,110,0,0,11.4299,384,[110 96 6 0 0 0 0 0 0 0 0 0 20 12 20 13 19 12 19 13 17 13 16 13 14 13 14 12 13 13 12 11 12 12 11 11 11 11 11 10 11 10 10 9 9 8 8 7 9 7 9 6 9 6 9 5 8 4 9 4 9 3 10 2 0 0 10 1 10 2 11 1 11 0 11 0 11 0 12 0 12 -1 12 0 11 -1 12 -1 12 -1 13 -1 13 -1 12 -1 13 -1 12 -1 13 -1 12 -1 11 -1 12 -1 11 -1 11 -1 11 -1 11 -1 11 -1 0 0 0 0 0 0 0 0 0 0 ],1687784601.979448
CSI_DATA,STA,08:3A:F2:A8:E0:C1,-40,11,1,6,1,1,1,1,0,0,0,-95,1,1,1,11249749,0,110,0,0,11.4385,384,[110 96 6 0 0 0 0 0 0 0 0 0 2 -26 3 -25 3 -25 5 -23 5 -22 5 -21 6 -20 6 -19 6 -19 6 -18 6 -17 6 -16 5 -16 4 -15 4 -14 4 -14 4 -13 3 -13 2 -12 1 -12 1 -12 1 -12 0 -11 -1 -11 -1 -11 -1 -11 0 0 -3 -11 -4 -11 -4 -11 -5 -11 -5 -11 -5 -11 -6 -12 -6 -12 -6 -12 -7 -12 -7 -12 -7 -12 -7 -12 -6 -12 -7 -12 -7 -12 -7 -12 -7 -12 -7 -12 -7 -12 -6 -12 -6 -12 -6 -12 -6 -11 -6 -11 -6 -11 0 0 0 0 0 0 0 0 0 0 ],1687784601.988694
CSI_DATA,STA,08:3A:F2:A8:E0:C1,-38,11,1,4,1,1,1,1,0,0,0,-95,1,1,1,11263965,0,110,0,0,11.4527,384,[110 96 6 0 0 0 0 0 0 0 0 0 -18 -19 -17 -19 -16 -19 -16 -19 -14 -18 -12 -18 -11 -18 -10 -17 -10 -17 -9 -16 -9 -16 -9 -16 -9 -15 -8 -14 -8 -14 -8 -13 -8 -12 -7 -11 -8 -11 -8 -10 -8 -9 -8 -9 -8 -8 -9 -8 -10 -8 -10 -6 0 0 -10 -6 -11 -5 -11 -4 -11 -4 -12 -5 -12 -4 -13 -4 -12 -4 -13 -4 -13 -3 -14 -3 -13 -4 -14 -4 -13 -3 -13 -4 -14 -3 -14 -4 -13 -3 -13 -3 -13 -3 -13 -4 -12 -4 -12 -4 -12 -3 -12 -4 -11 -3 0 0 0 0 0 0 0 0 0 0 ],1687784602.00274
CSI_DATA,STA,08:3A:F2:A8:E0:C1,-40,11,1,6,1,1,1,1,0,0,0,-95,1,1,1,11271202,0,110,0,0,11.4599,384,[110 96 6 0 0 0 0 0 0 0 0 0 21 7 20 7 19 8 19 9 18 8 17 8 15 9 15 8 14 9 13 8 13 7 12 8 12 7 12 7 11 7 10 6 10 5 9 4 10 5 9 4 9 4 9 3 9 2 9 1 9 1 9 0 0 0 9 -1 9 -1 10 -2 9 -2 10 -2 10 -2 10 -3 11 -3 11 -3 10 -3 10 -4 11 -4 11 -4 11 -4 11 -3 11 -4 10 -4 11 -4 10 -4 10 -4 10 -3 10 -3 10 -3 10 -4 10 -3 9 -4 0 0 0 0 0 0 0 0 0 0 ],1687784602.00938
CSI_DATA,STA,08:3A:F2:A8:E0:C1,-40,11,1,6,1,1,1,1,0,0,0,-95,1,1,1,11280038,0,110,0,0,11.4689,384,[110 96 6 0 0 0 0 0 0 0 0 0 -19 12 -19 11 -19 10 -20 10 -18 8 -18 8 -17 7 -17 6 -16 6 -15 6 -15 6 -15 5 -14 5 -13 4 -13 4 -12 5 -12 4 -10 5 -10 5 -9 5 -9 5 -9 5 -8 5 -7 6 -7 6 -7 7 0 0 -6 8 -5 7 -5 8 -5 9 -5 9 -5 9 -5 10 -5 9 -5 10 -4 10 -4 11 -4 11 -4 11 -4 11 -4 10 -4 11 -4 11 -4 10 -4 10 -4 10 -4 10 -4 10 -4 10 -4 10 -4 9 -4 9 0 0 0 0 0 0 0 0 0 0 ],1687784602.018786
CSI_DATA,STA,08:3A:F2:A8:E0:C1,-40,11,1,6,1,1,1,1,0,0,0,-95,1,1,1,11291287,0,110,0,0,11.48,384,[110 96 6 0 0 0 0 0 0 0 0 0 -15 -21 -13 -21 -14 -21 -12 -20 -12 -19 -9 -19 -9 -19 -8 -19 -8 -18 -7 -18 -7 -17 -7 -17 -6 -16 -7 -15 -6 -14 -6 -13 -6 -12 -6 -12 -6 -11 -7 -10 -7 -10 -7 -9 -7 -9 -8 -8 -8 -8 -8 -7 0 0 -9 -7 -10 -6 -10 -5 -11 -5 -11 -6 -11 -6 -11 -6 -12 -6 -12 -5 -13 -5 -13 -5 -13 -6 -13 -5 -12 -5 -13 -5 -12 -5 -13 -5 -12 -5 -12 -5 -13 -5 -12 -5 -12 -5 -12 -5 -12 -4 -11 -5 -11 -4 0 0 0 0 0 0 0 0 0 0 ],1687784602.030258
CSI_DATA,STA,08:3A:F2:A8:E0:C1,-40,11,1,6,1,1,1,1,0,0,0,-95,1,1,1,11304724,0,110,0,0,11.4935,384,[110 96 6 0 0 0 0 0 0 0 0 0 -12 19 -12 18 -13 17 -13 17 -13 16 -13 15 -13 13 -12 12 -12 12 -12 12 -11 11 -11 11 -10 10 -10 10 -9 9 -9 9 -8 9 -8 8 -7 8 -6 8 -6 8 -5 8 -5 8 -4 9 -3 8 -3 9 0 0 -2 9 -2 10 -1 9 -1 10 0 10 0 11 0 11 0 10 0 10 0 11 1 11 1 11 1 11 1 11 0 11 1 11 1 11 1 11 1 11 1 11 1 11 0 10 1 10 1 10 1 10 1 9 0 0 0 0 0 0 0 0 0 0 ],1687784602.043564
CSI_DATA,STA,08:3A:F2:A8:E0:C1,-40,11,1,6,1,1,1,1,0,0,0,-95,1,1,1,11311366,0,110,0,0,11.5,384,[110 96 6 0 0 0 0 0 0 0 0 0 20 -4 20 -4 18 -3 19 -2 17 -2 17 -1 16 0 16 0 15 0 14 0 14 0 13 0 12 0 12 0 12 0 11 0 10 -1 9 -1 10 -2 9 -1 9 -2 8 -2 8 -3 8 -4 7 -4 8 -4 0 0 7 -5 7 -5 7 -6 6 -6 7 -7 7 -7 7 -7 7 -8 7 -7 6 -8 7 -8 6 -8 7 -8 7 -8 7 -8 6 -9 7 -8 6 -9 6 -8 6 -8 7 -8 6 -8 6 -8 6 -8 6 -8 5 -7 0 0 0 0 0 0 0 0 0 0 ],1687784602.04948
CSI_DATA,STA,08:3A:F2:A8:E0:C1,-40,11,1,6,1,1,1,1,0,0,0,-95,1,1,1,11319814,0,110,0,0,11.5085,384,[110 96 6 0 0 0 0 0 0 0 0 0 -22 -5 -22 -6 -22 -6 -21 -7 -19 -6 -19 -7 -18 -8 -17 -7 -16 -7 -15 -7 -15 -7 -14 -7 -14 -7 -13 -6 -13 -6 -12 -5 -12 -5 -11 -4 -12 -4 -11 -3 -10 -3 -10 -3 -10 -2 -10 -1 -10 -1 -10 0 0 0 -10 1 -10 2 -10 2 -10 3 -11 3 -11 3 -11 3 -11 3 -11 4 -11 4 -11 4 -11 4 -11 4 -11 4 -11 4 -11 5 -11 5 -11 4 -11 4 -11 4 -10 4 -11 4 -10 4 -10 5 -10 3 -10 4 0 0 0 0 0 0 0 0 0 0 ],1687784602.0585332
CSI_DATA,STA,08:3A:F2:A8:E0:C1,-39,11,1,5,1,1,1,1,0,0,0,-95,1,1,1,11331170,0,110,0,0,11.5199,384,[110 96 6 0 0 0 0 0 0 0 0 0 21 -13 21 -12 20 -11 21 -10 20 -9 19 -8 18 -7 18 -7 17 -6 16 -6 16 -6 16 -6 15 -5 14 -5 13 -5 13 -5 12 -5 11 -6 10 -5 10 -5 9 -6 9 -6 8 -7 7 -7 7 -8 7 -8 0 0 6 -9 6 -9 6 -10 5 -10 5 -10 5 -11 5 -12 5 -12 5 -12 4 -12 4 -12 4 -12 5 -12 4 -13 4 -12 4 -13 4 -12 4 -12 4 -12 4 -12 4 -12 4 -12 4 -11 3 -12 4 -11 3 -11 0 0 0 0 0 0 0 0 0 0 ],1687784602.0699892
CSI_DATA,STA,08:3A:F2:A8:E0:C1,-38,11,1,4,1,1,1,1,0,0,0,-95,1,1,1,11342407,0,110,0,0,11.5311,384,[110 96 6 0 0 0 0 0 0 0 0 0 14 -22 14 -20 14 -20 15 -19 14 -18 14 -16 15 -15 14 -14 14 -14 13 -13 13 -13 13 -12 11 -12 11 -12 11 -11 10 -11 9 -10 8 -10 7 -10 7 -10 6 -9 5 -10 5 -10 3 -10 4 -11 3 -11 0 0 2 -11 0 -12 0 -12 0 -12 0 -12 0 -13 0 -13 -1 -13 -1 -14 -2 -13 -2 -13 -2 -14 -2 -14 -2 -14 -2 -14 -3 -13 -3 -14 -3 -14 -2 -13 -2 -13 -2 -13 -2 -13 -2 -13 -3 -12 -2 -13 -2 -11 0 0 0 0 0 0 0 0 0 0 ],1687784602.081803
CSI_DATA,STA,08:3A:F2:A8:E0:C1,-39,11,1,5,1,1,1,1,0,0,0,-95,1,1,1,11352374,0,110,0,0,11.541,384,[110 96 6 0 0 0 0 0 0 0 0 0 -6 -24 -5 -24 -5 -23 -4 -23 -3 -22 -2 -21 -1 -20 -1 -20 0 -19 -1 -18 -1 -18 -1 -17 -1 -17 -2 -16 -1 -15 -1 -14 -1 -13 -1 -13 -3 -12 -2 -12 -3 -11 -3 -11 -3 -10 -5 -10 -5 -10 -5 -9 0 0 -6 -9 -7 -9 -8 -9 -8 -8 -9 -9 -8 -9 -9 -9 -9 -9 -9 -9 -10 -8 -10 -8 -11 -8 -11 -9 -10 -9 -10 -9 -11 -8 -10 -9 -10 -8 -10 -9 -10 -8 -10 -8 -10 -9 -9 -8 -10 -7 -9 -8 -9 -7 0 0 0 0 0 0 0 0 0 0 ],1687784602.091253
CSI_DATA,STA,08:3A:F2:A8:E0:C1,-40,11,1,6,1,1,1,1,0,0,0,-95,1,1,1,11361735,0,110,0,0,11.5506,384,[110 96 6 0 0 0 0 0 0 0 0 0 -7 -25 -6 -25 -6 -22 -5 -24 -3 -21 -2 -22 -2 -21 -2 -20 -1 -20 -2 -18 -1 -18 -1 -17 -1 -17 -2 -16 -1 -16 -1 -14 -1 -14 -2 -13 -3 -13 -3 -12 -3 -11 -3 -11 -4 -10 -5 -10 -5 -10 -6 -10 0 0 -7 -10 -7 -9 -8 -9 -8 -8 -8 -9 -9 -9 -9 -9 -9 -9 -9 -9 -10 -9 -10 -9 -10 -9 -10 -9 -11 -9 -10 -9 -10 -9 -10 -9 -10 -9 -10 -9 -10 -9 -10 -9 -10 -9 -9 -8 -10 -8 -9 -8 -9 -8 0 0 0 0 0 0 0 0 0 0 ],1687784602.100669
CSI_DATA,STA,08:3A:F2:A8:E0:C1,-40,11,1,6,1,1,1,1,0,0,0,-95,1,1,1,11370895,0,110,0,0,11.5596,384,[110 96 6 0 0 0 0 0 0 0 0 0 -20 -12 -19 -12 -19 -12 -18 -12 -17 -12 -15 -12 -14 -13 -13 -12 -13 -12 -13 -11 -12 -11 -12 -11 -12 -10 -11 -10 -10 -10 -10 -9 -9 -8 -9 -8 -10 -7 -9 -7 -9 -6 -9 -6 -9 -5 -9 -4 -10 -4 -10 -3 0 0 -10 -2 -10 -2 -10 -2 -11 -1 -11 -1 -11 -1 -11 -1 -12 -1 -12 -1 -12 0 -12 0 -12 0 -13 0 -12 0 -12 0 -12 0 -12 0 -12 0 -12 0 -12 0 -12 -1 -12 0 -12 0 -11 0 -11 0 -11 0 0 0 0 0 0 0 0 0 0 0 ],1687784602.109389
CSI_DATA,STA,08:3A:F2:A8:E0:C1,-40,11,1,6,1,1,1,1,0,0,0,-95,1,1,1,11381062,0,110,0,0,11.57,384,[110 96 6 0 0 0 0 0 0 0 0 0 8 -22 8 -21 8 -20 9 -18 9 -18 9 -17 9 -16 9 -16 9 -15 9 -14 9 -13 9 -13 8 -12 7 -12 7 -11 7 -11 6 -10 5 -10 4 -10 4 -10 4 -10 3 -10 2 -10 1 -9 1 -10 1 -10 0 0 0 -10 -1 -10 -1 -10 -2 -11 -2 -11 -2 -11 -2 -11 -3 -12 -2 -11 -3 -12 -3 -11 -3 -12 -3 -12 -3 -11 -3 -12 -3 -11 -3 -12 -3 -12 -3 -11 -3 -11 -3 -11 -3 -11 -3 -11 -3 -11 -3 -11 -3 -10 0 0 0 0 0 0 0 0 0 0 ],1687784602.1197598
CSI_DATA,STA,08:3A:F2:A8:E0:C1,-39,11,1,5,1,1,1,1,0,0,0,-95,1,1,1,11395031,0,110,0,0,11.5838,384,[110 96 6 0 0 0 0 0 0 0 0 0 -17 18 -17 16 -17 16 -17 15 -17 14 -17 12 -16 12 -15 11 -16 11 -15 10 -15 10 -14 9 -14 8 -13 8 -12 8 -12 8 -11 8 -10 8 -9 8 -8 7 -8 7 -7 8 -7 8 -6 8 -6 8 -5 9 0 0 -4 10 -3 10 -3 10 -3 10 -3 10 -2 11 -2 11 -2 11 -2 12 -2 12 -1 12 -2 12 -1 13 -1 12 -1 12 0 12 -1 13 -1 12 -1 12 -1 12 -1 12 -1 12 -1 11 -1 11 -1 11 0 10 0 0 0 0 0 0 0 0 0 0 ],1687784602.13341
CSI_DATA,STA,08:3A:F2:A8:E0:C1,-40,11,1,6,1,1,1,1,0,0,0,-95,1,1,1,11402029,0,110,0,0,11.5906,384,[110 96 6 0 0 0 0 0 0 0 0 0 -22 -15 -19 -15 -20 -15 -18 -15 -18 -15 -15 -15 -15 -15 -14 -15 -14 -15 -13 -15 -12 -13 -12 -14 -12 -13 -11 -12 -11 -12 -11 -10 -10 -9 -10 -9 -10 -8 -10 -8 -9 -7 -10 -7 -10 -6 -10 -5 -11 -5 -10 -4 0 0 -11 -3 -11 -2 -11 -2 -12 -2 -12 -1 -12 -1 -13 -1 -13 -1 -13 -1 -13 0 -13 0 -14 -1 -14 0 -13 0 -14 0 -13 0 -14 0 -13 0 -13 0 -13 0 -13 -1 -13 0 -13 0 -12 0 -12 -1 -12 -1 0 0 0 0 0 0 0 0 0 0 ],1687784602.140424
CSI_DATA,STA,08:3A:F2:A8:E0:C1,-40,11,1,6,1,1,1,1,0,0,0,-95,1,1,1,11410961,0,110,0,0,11.5997,384,[110 96 6 0 0 0 0 0 0 0 0 0 -22 -9 -20 -10 -20 -10 -19 -10 -19 -10 -17 -10 -16 -11 -15 -11 -14 -10 -14 -10 -13 -10 -13 -10 -13 -9 -12 -9 -12 -8 -11 -8 -10 -7 -10 -6 -10 -6 -10 -5 -10 -5 -9 -5 -9 -4 -10 -3 -10 -3 -10 -2 0 0 -10 -1 -10 -1 -11 -1 -11 0 -11 0 -11 0 -11 0 -11 1 -12 1 -12 1 -12 2 -12 2 -12 2 -12 1 -13 1 -12 2 -12 1 -12 1 -12 1 -12 1 -11 1 -12 1 -11 1 -11 2 -11 1 -10 1 0 0 0 0 0 0 0 0 0 0 ],1687784602.149427
CSI_DATA,STA,08:3A:F2:A8:E0:C1,-40,11,1,6,1,1,1,1,0,0,0,-95,1,1,1,11422348,0,110,0,0,11.6111,384,[110 96 6 0 0 0 0 0 0 0 0 0 14 17 12 17 12 17 11 17 10 16 9 16 9 16 7 15 7 15 7 14 6 14 6 14 6 13 6 12 5 11 5 11 5 10 5 9 5 9 6 8 6 8 6 7 6 7 6 6 6 6 7 5 0 0 7 5 8 5 8 4 9 4 9 4 9 4 9 4 10 4 10 3 10 3 11 4 10 4 11 3 10 4 11 3 11 3 11 3 11 3 10 3 10 3 10 4 9 3 9 3 9 3 9 3 8 3 0 0 0 0 0 0 0 0 0 0 ],1687784602.160662
CSI_DATA,STA,08:3A:F2:A8:E0:C1,-40,11,1,6,1,1,1,1,0,0,0,-95,1,1,1,11432169,0,110,0,0,11.6209,384,[110 96 6 0 0 0 0 0 0 0 0 0 -17 -19 -15 -20 -15 -19 -14 -19 -13 -19 -12 -18 -10 -18 -9 -18 -9 -17 -9 -16 -9 -16 -8 -16 -9 -14 -9 -14 -8 -13 -8 -12 -7 -11 -7 -11 -8 -10 -8 -10 -8 -9 -8 -9 -8 -7 -9 -7 -10 -6 -9 -6 0 0 -10 -5 -10 -5 -11 -4 -11 -4 -11 -4 -11 -5 -12 -4 -13 -4 -13 -4 -13 -3 -13 -2 -13 -3 -14 -3 -13 -3 -13 -3 -13 -3 -14 -3 -13 -3 -13 -3 -13 -3 -12 -3 -12 -3 -12 -3 -12 -2 -12 -2 -11 -2 0 0 0 0 0 0 0 0 0 0 ],1687784602.171817
CSI_DATA,STA,08:3A:F2:A8:E0:C1,-38,11,1,4,1,1,1,1,0,0,0,-95,1,1,1,11442964,0,110,0,0,11.6317,384,[110 96 6 0 0 0 0 0 0 0 0 0 2 25 2 24 2 24 0 24 0 22 -2 21 -2 21 -3 19 -3 19 -3 17 -3 18 -4 17 -3 16 -2 15 -3 14 -2 14 -2 13 -2 12 -1 12 0 12 0 11 1 11 1 10 2 10 3 10 3 9 0 0 4 9 5 10 5 10 6 9 6 10 7 10 7 10 7 10 7 10 7 9 8 10 7 10 8 10 8 10 8 10 8 9 9 10 8 9 8 10 8 9 7 10 7 10 7 9 7 8 7 9 7 8 0 0 0 0 0 0 0 0 0 0 ],1687784602.191995
CSI_DATA,STA,08:3A:F2:A8:E0:C1,-40,11,1,6,1,1,1,1,0,0,0,-95,1,1,1,11450147,0,110,0,0,11.6389,384,[110 96 6 0 0 0 0 0 0 0 0 0 13 -20 13 -18 13 -18 13 -16 13 -15 13 -15 13 -13 13 -13 12 -12 11 -11 12 -11 11 -11 11 -10 10 -10 10 -9 9 -9 8 -9 7 -9 7 -9 6 -9 6 -8 5 -9 5 -8 4 -9 3 -9 3 -10 0 0 3 -10 2 -10 2 -10 1 -10 1 -11 1 -11 1 -11 0 -12 1 -12 0 -12 0 -12 0 -12 0 -12 0 -12 0 -12 0 -12 0 -12 -1 -12 0 -12 -1 -12 0 -12 0 -11 0 -11 -1 -11 0 -11 -1 -11 0 0 0 0 0 0 0 0 0 0 ],1687784602.19202
CSI_DATA,STA,08:3A:F2:A8:E0:C1,-40,11,1,6,1,1,1,1,0,0,0,-95,1,1,1,11462281,0,110,0,0,11.651,384,[110 96 6 0 0 0 0 0 0 0 0 0 9 -24 10 -23 10 -21 11 -21 10 -19 11 -18 11 -17 11 -17 11 -16 10 -15 10 -14 10 -14 8 -13 8 -13 8 -12 8 -12 8 -11 6 -11 5 -11 5 -11 4 -10 4 -11 3 -11 2 -11 2 -11 1 -11 0 0 1 -11 0 -11 -1 -12 -1 -11 -2 -12 -2 -12 -2 -12 -3 -13 -2 -13 -3 -12 -3 -13 -3 -13 -3 -13 -4 -13 -3 -13 -3 -13 -3 -13 -3 -13 -3 -13 -3 -13 -3 -13 -2 -12 -3 -12 -3 -12 -3 -12 -3 -11 0 0 0 0 0 0 0 0 0 0 ],1687784602.200469
CSI_DATA,STA,08:3A:F2:A8:E0:C1,-40,11,1,6,1,1,1,1,0,0,0,-95,1,1,1,11472055,0,110,0,0,11.6608,384,[110 96 6 0 0 0 0 0 0 0 0 0 22 4 20 4 21 5 19 5 19 6 17 6 16 6 15 6 15 7 15 6 14 6 13 6 13 6 13 5 12 5 11 4 10 4 10 3 10 3 10 3 9 2 9 2 9 1 9 0 9 0 9 -1 0 0 9 -2 9 -2 9 -3 9 -3 9 -3 10 -4 10 -4 9 -4 10 -4 10 -5 10 -5 10 -5 11 -5 10 -5 10 -5 10 -5 10 -5 10 -5 10 -5 10 -5 10 -4 10 -4 10 -4 9 -5 9 -4 8 -4 0 0 0 0 0 0 0 0 0 0 ],1687784602.2104
CSI_DATA,STA,08:3A:F2:A8:E0:C1,-40,11,1,6,1,1,1,1,0,0,0,-95,1,1,1,11487912,0,110,0,0,11.677,384,[110 96 6 0 0 0 0 0 0 0 0 0 16 19 14 19 14 18 13 19 11 18 10 18 9 18 9 17 8 17 8 16 7 16 7 15 7 14 7 13 6 13 6 12 6 11 5 10 7 9 7 9 6 9 7 8 7 7 8 6 8 6 8 6 0 0 9 5 9 5 10 4 10 4 11 4 11 4 11 4 12 3 11 3 12 3 12 3 12 3 12 3 12 3 12 3 12 3 12 3 12 3 12 3 11 3 11 3 11 3 11 3 11 2 11 3 10 2 0 0 0 0 0 0 0 0 0 0 ],1687784602.2267032
CSI_DATA,STA,08:3A:F2:A8:E0:C1,-38,11,1,4,1,1,1,1,0,0,0,-95,1,1,1,11499714,0,110,0,0,11.6886,384,[110 96 6 0 0 0 0 0 0 0 0 0 7 -22 7 -21 7 -21 8 -20 8 -19 8 -17 8 -17 8 -15 8 -16 9 -14 9 -14 8 -14 7 -12 7 -12 6 -12 6 -12 5 -11 5 -11 4 -10 4 -10 3 -10 3 -10 2 -9 1 -10 1 -10 1 -10 0 0 0 -10 -1 -10 -2 -10 -2 -11 -2 -11 -3 -11 -2 -12 -3 -11 -3 -11 -3 -11 -4 -12 -3 -12 -3 -12 -4 -11 -4 -12 -4 -11 -4 -13 -4 -11 -4 -11 -4 -11 -3 -11 -3 -11 -3 -11 -4 -11 -3 -11 -3 -10 0 0 0 0 0 0 0 0 0 0 ],1687784602.238409
CSI_DATA,STA,08:3A:F2:A8:E0:C1,-39,11,1,5,1,1,1,1,0,0,0,-95,2,1,1,11511505,0,110,0,0,11.7002,384,[110 96 6 0 0 0 0 0 0 0 0 0 12 21 10 20 10 21 9 20 8 20 7 19 5 19 5 18 4 18 4 17 4 17 4 16 4 15 4 14 3 13 4 13 4 12 3 11 4 10 4 10 4 10 5 9 5 8 6 8 6 8 6 7 0 0 7 7 8 7 8 6 9 6 9 6 9 6 10 6 10 6 10 6 10 6 11 5 11 6 11 6 11 6 11 6 11 5 11 5 11 5 11 5 10 5 10 5 10 5 10 5 10 5 9 5 9 5 0 0 0 0 0 0 0 0 0 0 ],1687784602.24937
CSI_DATA,STA,08:3A:F2:A8:E0:C1,-40,11,1,6,1,1,1,1,0,0,0,-95,1,1,1,11520688,0,110,0,0,11.7094,384,[110 96 6 0 0 0 0 0 0 0 0 0 -15 -18 -14 -18 -14 -18 -12 -18 -12 -17 -10 -17 -10 -17 -9 -16 -9 -16 -8 -15 -8 -15 -7 -14 -8 -14 -7 -13 -7 -13 -7 -11 -6 -11 -6 -10 -7 -9 -7 -9 -7 -8 -7 -8 -7 -7 -8 -6 -8 -6 -8 -6 0 0 -9 -5 -9 -5 -10 -4 -10 -4 -11 -3 -11 -4 -11 -3 -11 -3 -11 -3 -12 -3 -12 -2 -12 -3 -12 -3 -12 -2 -12 -3 -12 -2 -12 -2 -12 -2 -12 -2 -12 -2 -11 -3 -12 -2 -11 -2 -11 -2 -11 -2 -10 -2 0 0 0 0 0 0 0 0 0 0 ],1687784602.259715
CSI_DATA,STA,08:3A:F2:A8:E0:C1,-40,11,1,6,1,1,1,1,0,0,0,-95,1,1,1,11530757,0,110,0,0,11.7195,384,[110 96 6 0 0 0 0 0 0 0 0 0 -12 -20 -11 -20 -11 -19 -10 -19 -9 -19 -8 -18 -7 -18 -6 -17 -6 -17 -6 -16 -6 -15 -6 -15 -6 -15 -6 -14 -5 -13 -5 -12 -5 -11 -5 -11 -6 -10 -6 -10 -6 -10 -6 -9 -6 -8 -7 -8 -8 -7 -8 -6 0 0 -8 -6 -9 -6 -9 -5 -10 -5 -10 -5 -10 -5 -10 -5 -11 -5 -11 -5 -11 -4 -11 -4 -12 -4 -12 -4 -12 -4 -12 -4 -11 -4 -12 -4 -11 -4 -11 -4 -11 -4 -11 -4 -11 -4 -11 -4 -11 -3 -10 -4 -10 -4 0 0 0 0 0 0 0 0 0 0 ],1687784602.269731
CSI_DATA,STA,08:3A:F2:A8:E0:C1,-40,11,1,6,1,1,1,1,0,0,0,-95,1,1,1,11542194,0,110,0,0,11.7309,384,[110 96 6 0 0 0 0 0 0 0 0 0 -18 -15 -17 -15 -17 -15 -16 -15 -15 -15 -13 -14 -12 -14 -12 -14 -11 -14 -11 -13 -10 -13 -10 -13 -10 -12 -10 -11 -9 -11 -9 -10 -8 -9 -8 -8 -9 -8 -8 -8 -8 -7 -8 -7 -8 -6 -9 -5 -9 -5 -9 -4 0 0 -9 -3 -10 -3 -10 -3 -10 -2 -11 -2 -11 -2 -11 -2 -11 -2 -12 -1 -12 -1 -12 -1 -12 -1 -12 -1 -12 -1 -12 -1 -12 -1 -12 -1 -12 -1 -12 -1 -12 -1 -11 -1 -11 -1 -11 -1 -11 -1 -11 -1 -10 -1 0 0 0 0 0 0 0 0 0 0 ],1687784602.280852
CSI_DATA,STA,08:3A:F2:A8:E0:C1,-39,11,1,5,1,1,1,1,0,0,0,-95,1,1,1,11550176,0,110,0,0,11.7389,384,[110 96 6 0 0 0 0 0 0 0 0 0 15 17 13 16 13 16 12 16 11 16 9 15 9 15 8 15 7 15 7 14 7 13 7 13 7 13 7 12 6 11 6 11 5 9 5 9 6 8 6 8 6 8 6 7 6 6 7 6 7 5 7 4 0 0 8 4 8 4 8 4 9 3 9 4 10 3 10 3 10 3 10 3 10 3 10 2 10 3 11 2 11 2 11 2 11 2 11 2 10 2 10 3 10 2 10 3 10 3 10 2 10 2 9 2 9 2 0 0 0 0 0 0 0 0 0 0 ],1687784602.288634
CSI_DATA,STA,08:3A:F2:A8:E0:C1,-38,11,1,4,1,1,1,1,0,0,0,-95,1,1,1,11561854,0,110,0,0,11.7506,384,[110 96 6 0 0 0 0 0 0 0 0 0 -3 22 -4 21 -4 21 -5 21 -5 19 -6 18 -6 17 -6 16 -6 16 -6 15 -6 15 -6 15 -6 13 -5 13 -5 12 -5 12 -4 11 -4 11 -2 10 -3 10 -3 9 -2 9 -2 9 0 9 0 10 1 9 0 0 1 9 2 9 3 9 3 9 3 10 4 10 4 10 4 10 4 10 4 10 5 10 4 10 5 10 5 10 5 10 6 10 5 10 6 9 5 9 5 9 5 10 4 10 4 9 5 9 4 9 4 8 0 0 0 0 0 0 0 0 0 0 ],1687784602.3005068
CSI_DATA,STA,08:3A:F2:A8:E0:C1,-39,11,1,5,1,1,1,1,0,0,0,-95,1,1,1,11570828,0,110,0,0,11.7595,384,[110 96 6 0 0 0 0 0 0 0 0 0 14 23 13 23 13 22 12 22 10 21 8 21 7 21 7 20 7 19 6 18 5 19 5 18 5 17 6 15 5 15 6 14 5 13 5 12 5 11 6 11 6 10 6 10 6 9 7 8 8 8 8 8 0 0 9 7 10 6 10 6 10 5 11 6 12 6 12 6 12 5 12 5 12 5 13 5 13 5 13 5 13 5 13 5 13 4 14 5 13 4 12 5 12 4 12 5 12 4 12 4 12 4 11 5 11 4 0 0 0 0 0 0 0 0 0 0 ],1687784602.308803
CSI_DATA,STA,08:3A:F2:A8:E0:C1,-38,11,1,4,1,1,1,1,0,0,0,-95,1,1,1,11583571,0,110,0,0,11.7724,384,[110 96 6 0 0 0 0 0 0 0 0 0 -25 -4 -24 -5 -24 -4 -24 -6 -23 -6 -21 -7 -20 -7 -18 -7 -18 -7 -17 -7 -17 -7 -16 -7 -16 -7 -15 -6 -14 -7 -14 -5 -13 -4 -12 -4 -13 -4 -12 -4 -11 -3 -11 -3 -11 -2 -11 -1 -12 0 -11 1 0 0 -12 2 -11 2 -11 3 -11 4 -12 3 -12 4 -12 4 -12 4 -12 5 -12 5 -12 6 -12 5 -12 5 -12 5 -12 5 -12 6 -13 6 -12 6 -12 5 -11 5 -12 5 -12 5 -11 5 -11 5 -11 4 -10 5 0 0 0 0 0 0 0 0 0 0 ],1687784602.3227751
CSI_DATA,STA,08:3A:F2:A8:E0:C1,-38,11,1,4,1,1,1,1,0,0,0,-95,1,1,1,11592322,0,110,0,0,11.781,384,[110 96 6 0 0 0 0 0 0 0 0 0 12 22 11 21 11 21 10 22 8 20 6 20 6 20 5 18 5 18 5 18 5 18 4 17 5 16 5 15 4 14 4 14 4 12 4 12 5 11 5 10 4 10 5 9 5 8 7 8 7 8 7 7 0 0 8 7 9 6 9 6 10 5 10 6 10 6 11 6 11 6 11 6 11 5 12 5 12 5 12 5 12 5 12 5 12 5 12 5 12 4 12 5 11 4 11 5 11 5 11 5 11 4 10 5 10 4 0 0 0 0 0 0 0 0 0 0 ],1687784602.3310342
CSI_DATA,STA,08:3A:F2:A8:E0:C1,-39,11,1,5,1,1,1,1,0,0,0,-95,1,1,1,11600918,0,110,0,0,11.7897,384,[110 96 6 0 0 0 0 0 0 0 0 0 16 19 14 19 14 19 12 18 12 18 10 17 9 18 8 17 8 17 8 16 7 15 7 15 7 14 7 13 6 12 6 12 6 11 6 10 6 9 7 9 6 8 7 8 7 7 8 6 8 6 8 5 0 0 9 5 10 4 10 3 10 3 10 4 11 4 11 4 11 3 11 3 12 2 12 2 12 2 12 2 12 2 13 3 12 2 12 2 12 2 11 3 11 2 12 3 11 3 12 2 11 2 11 2 10 2 0 0 0 0 0 0 0 0 0 0 ],1687784602.3403652
CSI_DATA,STA,08:3A:F2:A8:E0:C1,-39,11,1,5,1,1,1,1,0,0,0,-95,1,1,1,11615503,0,110,0,0,11.8042,384,[110 96 6 0 0 0 0 0 0 0 0 0 -25 2 -24 0 -24 0 -23 -1 -23 -1 -21 -2 -20 -2 -19 -2 -19 -3 -18 -3 -17 -3 -17 -3 -17 -3 -16 -3 -15 -3 -15 -2 -13 -2 -13 -1 -12 -1 -12 -1 -12 0 -11 0 -11 1 -11 1 -11 2 -11 3 0 0 -10 4 -10 4 -10 5 -10 5 -10 6 -10 6 -11 7 -10 6 -10 7 -11 7 -11 7 -11 7 -11 7 -10 8 -11 7 -10 7 -11 8 -11 7 -10 7 -10 7 -10 7 -11 6 -10 7 -10 6 -10 6 -9 6 0 0 0 0 0 0 0 0 0 0 ],1687784602.35469
CSI_DATA,STA,08:3A:F2:A8:E0:C1,-39,11,1,5,1,1,1,1,0,0,0,-95,1,1,1,11622428,0,110,0,0,11.811,384,[110 96 6 0 0 0 0 0 0 0 0 0 -23 1 -22 0 -22 0 -22 -1 -21 -1 -19 -2 -18 -3 -17 -3 -17 -3 -17 -3 -16 -3 -16 -3 -15 -4 -14 -3 -14 -3 -13 -2 -12 -2 -12 -1 -12 -1 -11 -1 -11 -1 -10 0 -10 1 -10 1 -10 2 -9 3 0 0 -9 3 -9 4 -9 4 -9 5 -9 5 -9 6 -10 6 -10 6 -9 7 -9 6 -10 7 -10 6 -10 7 -10 7 -10 6 -9 7 -10 7 -9 6 -9 6 -9 6 -9 6 -9 6 -9 6 -8 6 -9 6 -8 5 0 0 0 0 0 0 0 0 0 0 ],1687784602.360963
CSI_DATA,STA,08:3A:F2:A8:E0:C1,-39,11,1,5,1,1,1,1,0,0,0,-95,1,1,1,11630781,0,110,0,0,11.8195,384,[110 96 6 0 0 0 0 0 0 0 0 0 9 23 8 22 8 22 7 22 6 21 4 20 4 19 3 19 3 18 3 18 2 17 2 17 2 16 3 15 2 14 2 13 2 12 3 12 3 11 3 11 3 10 4 10 4 9 5 9 5 9 5 8 0 0 6 7 8 7 8 7 9 7 9 7 9 7 9 7 10 7 10 7 10 7 10 7 10 7 10 7 10 7 11 7 10 6 11 7 10 6 10 6 10 6 10 7 10 6 9 6 10 6 9 6 8 5 0 0 0 0 0 0 0 0 0 0 ],1687784602.369397
CSI_DATA,STA,08:3A:F2:A8:E0:C1,-39,11,1,5,1,1,1,1,0,0,0,-95,1,1,1,11640853,0,110,0,0,11.8296,384,[110 96 6 0 0 0 0 0 0 0 0 0 -20 12 -19 12 -19 11 -19 10 -18 9 -18 8 -17 7 -17 7 -16 6 -16 5 -16 5 -15 5 -14 4 -14 4 -13 5 -13 5 -11 4 -11 5 -10 5 -9 5 -9 5 -8 5 -8 5 -7 6 -7 6 -7 7 0 0 -6 8 -6 8 -5 8 -5 8 -5 9 -5 9 -5 10 -4 9 -4 10 -5 10 -5 10 -5 10 -5 11 -5 11 -4 10 -4 11 -4 11 -4 11 -4 10 -4 10 -4 10 -4 10 -4 9 -4 10 -4 9 -4 9 0 0 0 0 0 0 0 0 0 0 ],1687784602.379818
CSI_DATA,STA,08:3A:F2:A8:E0:C1,-39,11,1,5,1,1,1,1,0,0,0,-95,1,1,1,11652175,0,110,0,0,11.8409,384,[110 96 6 0 0 0 0 0 0 0 0 0 22 -10 22 -8 22 -8 22 -7 21 -6 20 -5 20 -4 18 -4 18 -3 17 -3 17 -3 16 -3 16 -3 15 -3 14 -2 13 -3 12 -3 11 -3 11 -4 11 -4 10 -4 10 -5 9 -5 8 -6 8 -6 8 -7 0 0 8 -8 7 -8 7 -9 7 -9 7 -9 7 -10 7 -10 6 -10 7 -11 6 -11 6 -11 6 -11 6 -12 6 -12 6 -11 6 -12 6 -12 6 -12 6 -11 6 -11 6 -11 6 -10 6 -10 5 -11 5 -10 5 -10 0 0 0 0 0 0 0 0 0 0 ],1687784602.390796
CSI_DATA,STA,08:3A:F2:A8:E0:C1,-39,11,1,5,1,1,1,1,0,0,0,-95,1,1,1,11660787,0,110,0,0,11.8495,384,[110 96 6 0 0 0 0 0 0 0 0 0 -22 -9 -20 -10 -21 -9 -20 -10 -19 -10 -16 -10 -16 -10 -14 -10 -14 -11 -14 -10 -14 -9 -13 -10 -13 -9 -12 -9 -11 -8 -11 -7 -10 -7 -10 -6 -10 -6 -10 -6 -10 -5 -10 -5 -10 -4 -10 -3 -10 -2 -10 -1 0 0 -10 -1 -10 0 -10 0 -11 1 -11 1 -11 1 -11 1 -12 1 -12 2 -12 2 -12 3 -12 3 -12 3 -12 3 -12 2 -12 3 -12 3 -12 2 -11 2 -11 2 -11 2 -11 2 -11 2 -10 3 -10 2 -10 2 0 0 0 0 0 0 0 0 0 0 ],1687784602.3995368
CSI_DATA,STA,08:3A:F2:A8:E0:C1,-39,11,1,5,1,1,1,1,0,0,0,-95,1,1,1,11672077,0,110,0,0,11.8608,384,[110 96 6 0 0 0 0 0 0 0 0 0 0 25 -1 24 -1 23 -2 23 -3 21 -4 21 -4 20 -4 18 -5 18 -4 17 -5 17 -5 16 -4 15 -4 15 -4 14 -3 13 -3 13 -3 12 -2 11 -2 11 -1 11 0 10 0 10 1 10 1 10 2 10 0 0 3 10 4 10 4 10 4 9 5 10 5 10 5 10 6 10 6 10 6 10 6 10 6 11 6 11 7 11 6 11 7 11 7 11 7 10 6 10 6 9 6 10 6 10 6 10 6 9 5 9 6 9 0 0 0 0 0 0 0 0 0 0 ],1687784602.4105248
CSI_DATA,STA,08:3A:F2:A8:E0:C1,-39,11,1,5,1,1,1,1,0,0,0,-95,1,1,1,11682004,0,110,0,0,11.8708,384,[110 96 6 0 0 0 0 0 0 0 0 0 0 25 -1 24 -1 23 -2 22 -3 21 -3 20 -4 19 -4 19 -4 18 -4 17 -4 17 -4 16 -4 15 -3 14 -3 13 -3 13 -3 12 -2 12 -1 12 -1 11 -1 10 0 10 1 10 2 10 2 10 2 10 0 0 3 9 4 10 5 9 5 9 6 9 6 10 6 10 6 10 6 9 7 9 7 9 7 10 7 10 7 10 7 10 7 9 8 10 7 9 7 9 7 9 7 10 7 9 6 9 7 9 6 9 6 8 0 0 0 0 0 0 0 0 0 0 ],1687784602.4199722
CSI_DATA,STA,08:3A:F2:A8:E0:C1,-39,11,1,5,1,1,1,1,0,0,0,-95,1,1,1,11692570,0,110,0,0,11.8815,384,[110 96 6 0 0 0 0 0 0 0 0 0 -13 21 -13 20 -13 19 -14 19 -13 17 -13 16 -14 15 -13 14 -13 14 -12 13 -12 13 -12 12 -11 11 -10 11 -10 11 -9 11 -9 10 -8 10 -7 9 -7 9 -6 9 -5 9 -5 9 -3 9 -3 9 -3 10 0 0 -2 10 -1 10 0 10 0 10 0 11 1 11 0 12 1 12 1 12 2 11 2 12 2 12 2 12 2 12 2 12 3 12 2 12 3 11 2 11 2 11 2 11 2 12 2 11 3 10 2 11 3 10 0 0 0 0 0 0 0 0 0 0 ],1687784602.432308
CSI_DATA,STA,08:3A:F2:A8:E0:C1,-39,11,1,5,1,1,1,1,0,0,0,-95,1,1,1,11700445,0,110,0,0,11.8892,384,[110 96 6 0 0 0 0 0 0 0 0 0 -14 -21 -14 -22 -13 -20 -12 -22 -11 -20 -9 -20 -9 -19 -8 -18 -7 -18 -7 -17 -6 -17 -6 -17 -6 -16 -6 -15 -6 -14 -5 -13 -5 -13 -5 -12 -6 -12 -7 -11 -7 -10 -7 -10 -6 -9 -8 -9 -8 -9 -8 -8 0 0 -9 -7 -9 -7 -10 -7 -10 -6 -11 -6 -11 -6 -11 -6 -12 -6 -12 -6 -12 -5 -13 -6 -12 -6 -12 -6 -13 -6 -12 -6 -13 -6 -12 -6 -12 -6 -12 -6 -12 -5 -12 -6 -11 -6 -11 -5 -11 -5 -11 -6 -11 -5 0 0 0 0 0 0 0 0 0 0 ],1687784602.439373
CSI_DATA,STA,08:3A:F2:A8:E0:C1,-39,11,1,5,1,1,1,1,0,0,0,-95,1,1,1,11718127,0,110,0,0,11.9071,384,[110 96 6 0 0 0 0 0 0 0 0 0 -17 18 -17 17 -16 16 -17 15 -17 14 -16 13 -16 12 -15 11 -15 11 -15 9 -15 10 -14 9 -14 8 -13 8 -12 8 -12 8 -11 8 -10 8 -9 7 -9 7 -8 7 -7 8 -7 8 -6 8 -6 8 -5 9 0 0 -4 9 -4 10 -3 10 -3 10 -3 11 -2 11 -3 11 -2 12 -2 12 -2 12 -2 12 -2 12 -2 12 -2 13 -2 12 -1 12 -2 12 -1 12 -1 12 -1 11 -2 12 -2 11 -2 11 -1 11 -2 11 -1 10 0 0 0 0 0 0 0 0 0 0 ],1687784602.4564328
CSI_DATA,STA,08:3A:F2:A8:E0:C1,-39,11,1,5,1,1,1,1,0,0,0,-95,1,1,1,11725101,0,110,0,0,11.9137,384,[110 96 6 0 0 0 0 0 0 0 0 0 18 -13 18 -12 17 -12 18 -11 17 -9 17 -9 16 -8 16 -7 16 -6 15 -7 15 -7 14 -6 13 -6 12 -6 12 -5 11 -5 10 -5 10 -5 9 -6 9 -6 8 -6 8 -6 7 -6 6 -7 6 -7 6 -8 0 0 5 -9 4 -9 4 -9 4 -10 4 -10 4 -10 4 -10 4 -11 4 -11 3 -11 3 -11 3 -11 3 -12 3 -12 3 -12 3 -12 3 -12 3 -12 3 -11 3 -11 3 -11 3 -11 3 -11 2 -11 2 -11 2 -10 0 0 0 0 0 0 0 0 0 0 ],1687784602.4634812
CSI_DATA,STA,08:3A:F2:A8:E0:C1,-39,11,1,5,1,1,1,1,0,0,0,-95,1,1,1,11731650,0,110,0,0,11.9203,384,[110 96 6 0 0 0 0 0 0 0 0 0 -1 -26 0 -25 0 -24 1 -24 2 -23 3 -22 3 -21 3 -19 3 -19 3 -18 3 -18 4 -17 3 -16 2 -16 3 -15 2 -14 2 -14 1 -13 1 -13 0 -12 0 -12 -1 -11 -1 -11 -3 -11 -3 -11 -3 -11 0 0 -4 -11 -5 -11 -6 -10 -6 -10 -6 -10 -7 -11 -7 -11 -7 -11 -7 -11 -8 -11 -8 -11 -8 -11 -8 -11 -8 -11 -8 -11 -8 -11 -8 -11 -8 -11 -8 -11 -8 -11 -7 -11 -7 -11 -7 -11 -8 -10 -7 -10 -7 -10 0 0 0 0 0 0 0 0 0 0 ],1687784602.4735
CSI_DATA,STA,08:3A:F2:A8:E0:C1,-39,11,1,5,1,1,1,1,0,0,0,-95,1,1,1,11740784,0,110,0,0,11.9295,384,[110 96 6 0 0 0 0 0 0 0 0 0 15 -20 16 -19 15 -18 17 -18 15 -16 16 -15 15 -13 15 -12 15 -12 14 -11 14 -12 13 -11 12 -10 12 -10 11 -9 11 -9 10 -9 9 -9 8 -9 8 -9 7 -8 7 -9 6 -9 5 -10 5 -10 4 -10 0 0 4 -11 2 -11 3 -11 2 -11 2 -12 2 -12 2 -13 2 -13 1 -13 1 -13 0 -13 1 -13 1 -13 1 -14 1 -13 1 -14 1 -14 1 -14 1 -13 1 -13 2 -13 2 -12 2 -12 0 -12 1 -12 0 -12 0 0 0 0 0 0 0 0 0 0 ],1687784602.4794922
CSI_DATA,STA,08:3A:F2:A8:E0:C1,-38,11,1,4,1,1,1,1,0,0,0,-95,1,1,1,11752272,0,110,0,0,11.941,384,[110 96 6 0 0 0 0 0 0 0 0 0 3 25 2 25 3 24 1 24 1 22 -1 21 -1 21 -2 19 -2 19 -2 18 -3 18 -3 17 -2 16 -2 16 -2 15 -1 14 -1 13 -1 12 0 12 0 11 0 11 1 11 1 10 3 10 3 10 4 10 0 0 5 10 5 10 6 9 7 9 6 9 7 9 7 10 7 10 8 10 8 9 9 9 8 10 9 10 9 10 8 9 9 9 9 10 9 9 9 9 8 8 8 9 8 9 7 9 8 8 7 9 7 8 0 0 0 0 0 0 0 0 0 0 ],1687784602.4906828
CSI_DATA,STA,08:3A:F2:A8:E0:C1,-39,11,1,5,1,1,1,1,0,0,0,-95,1,1,1,11760815,0,110,0,0,11.9495,384,[110 96 6 0 0 0 0 0 0 0 0 0 -13 -22 -12 -22 -11 -22 -10 -22 -9 -21 -8 -20 -7 -20 -7 -19 -6 -19 -6 -18 -5 -18 -5 -17 -5 -16 -6 -15 -5 -15 -6 -14 -5 -13 -5 -12 -6 -11 -6 -11 -6 -10 -6 -10 -6 -9 -8 -9 -8 -9 -8 -8 0 0 -9 -7 -10 -7 -10 -6 -10 -6 -11 -6 -11 -6 -11 -6 -12 -6 -12 -6 -12 -6 -13 -5 -13 -6 -13 -5 -12 -5 -13 -6 -12 -5 -13 -5 -13 -5 -12 -6 -12 -5 -12 -5 -12 -5 -12 -5 -12 -4 -11 -5 -11 -5 0 0 0 0 0 0 0 0 0 0 ],1687784602.499784
CSI_DATA,STA,08:3A:F2:A8:E0:C1,-40,11,1,6,1,1,1,1,0,0,0,-95,1,1,1,11770736,0,110,0,0,11.9595,384,[110 96 6 0 0 0 0 0 0 0 0 0 -20 12 -19 11 -20 11 -19 9 -19 9 -18 8 -18 7 -17 6 -16 6 -16 5 -15 5 -15 5 -14 5 -13 4 -13 4 -12 5 -11 5 -11 5 -10 5 -10 4 -9 5 -9 5 -8 6 -7 6 -7 6 -7 7 0 0 -6 7 -6 8 -5 8 -5 9 -5 9 -5 9 -5 10 -5 10 -5 10 -5 10 -4 11 -4 11 -4 11 -4 11 -5 11 -4 11 -4 11 -4 10 -4 10 -4 10 -4 10 -4 10 -4 10 -3 10 -3 9 -4 9 0 0 0 0 0 0 0 0 0 0 ],1687784602.509144
CSI_DATA,STA,08:3A:F2:A8:E0:C1,-40,11,1,6,1,1,1,1,0,0,0,-95,1,1,1,11780769,0,110,0,0,11.9695,384,[110 96 6 0 0 0 0 0 0 0 0 0 -21 9 -21 8 -20 7 -21 6 -19 5 -19 5 -18 4 -18 4 -17 3 -16 3 -16 3 -15 2 -15 2 -14 2 -14 2 -13 3 -12 3 -11 3 -11 3 -10 3 -10 3 -9 4 -9 4 -8 5 -8 5 -8 6 0 0 -7 7 -7 7 -7 8 -6 8 -6 9 -6 9 -6 9 -6 9 -6 9 -6 9 -6 10 -6 10 -6 10 -6 11 -6 10 -5 10 -5 10 -5 10 -6 10 -5 10 -6 9 -5 10 -5 9 -5 9 -5 9 -5 9 0 0 0 0 0 0 0 0 0 0 ],1687784602.5199099
CSI_DATA,STA,08:3A:F2:A8:E0:C1,-40,11,1,6,1,1,1,1,0,0,0,-95,1,1,1,11790968,0,110,0,0,11.9799,384,[110 96 6 0 0 0 0 0 0 0 0 0 -22 -6 -22 -6 -21 -7 -20 -7 -20 -7 -18 -8 -17 -7 -16 -7 -16 -8 -15 -8 -14 -8 -14 -8 -14 -7 -13 -7 -13 -6 -12 -5 -11 -5 -11 -4 -11 -4 -11 -4 -10 -3 -10 -3 -10 -2 -10 -2 -10 -1 -10 0 0 0 -10 1 -10 1 -10 2 -10 2 -11 2 -10 3 -11 3 -11 3 -11 3 -11 4 -11 4 -11 4 -12 4 -11 4 -11 4 -11 4 -11 5 -11 4 -11 4 -11 4 -11 4 -11 4 -11 4 -10 4 -10 3 -10 3 0 0 0 0 0 0 0 0 0 0 ],1687784602.530059
CSI_DATA,STA,08:3A:F2:A8:E0:C1,-40,11,1,6,1,1,1,1,0,0,0,-95,1,1,1,11802323,0,110,0,0,11.9911,384,[110 96 6 0 0 0 0 0 0 0 0 0 2 22 1 22 1 21 0 20 -1 19 -2 18 -2 18 -2 17 -3 16 -2 16 -3 15 -3 15 -2 14 -2 14 -2 13 -2 12 -2 12 -1 11 -1 11 0 10 0 10 1 9 1 8 2 9 2 9 3 8 0 0 4 8 4 8 5 8 5 8 6 8 6 8 6 8 6 8 7 8 7 8 7 8 7 9 8 8 8 8 7 8 8 8 7 8 8 7 7 8 7 7 7 8 7 8 7 7 7 7 6 7 7 7 0 0 0 0 0 0 0 0 0 0 ],1687784602.541229
CSI_DATA,STA,08:3A:F2:A8:E0:C1,-40,11,1,6,1,1,1,1,0,0,0,-95,1,1,1,11818452,0,110,0,0,12.0075,384,[110 96 6 0 0 0 0 0 0 0 0 0 15 16 13 17 13 17 12 17 11 16 10 16 9 15 8 15 7 15 8 14 7 13 7 13 7 12 7 12 6 11 6 10 6 9 6 9 6 9 6 8 6 8 6 7 6 6 7 6 8 5 7 5 0 0 8 4 8 4 9 3 9 3 10 3 10 3 10 3 10 3 10 2 11 2 11 1 11 2 11 2 11 1 11 1 11 2 11 1 11 1 11 2 10 2 11 2 10 2 10 1 10 1 10 1 9 1 0 0 0 0 0 0 0 0 0 0 ],1687784602.5563798
CSI_DATA,STA,08:3A:F2:A8:E0:C1,-40,11,1,6,1,1,1,1,0,0,0,-95,1,1,1,11830612,0,110,0,0,12.0194,384,[110 96 6 0 0 0 0 0 0 0 0 0 21 -7 21 -6 20 -5 20 -4 19 -3 19 -3 18 -3 18 -2 17 -1 16 -2 15 -1 15 -1 14 -1 13 -1 13 -1 12 -1 12 -1 11 -2 10 -2 10 -3 9 -3 9 -3 8 -4 8 -4 8 -5 8 -5 0 0 7 -6 7 -6 7 -7 7 -8 7 -8 7 -8 7 -8 7 -9 7 -9 7 -9 7 -9 7 -9 7 -9 7 -10 7 -10 7 -9 7 -10 7 -10 7 -9 7 -9 7 -9 7 -9 7 -9 6 -9 6 -8 6 -8 0 0 0 0 0 0 0 0 0 0 ],1687784602.56908
CSI_DATA,STA,08:3A:F2:A8:E0:C1,-40,11,1,6,1,1,1,1,0,0,0,-95,1,1,1,11831291,0,110,0,0,12.0238,384,[110 96 6 0 0 0 0 0 0 0 0 0 2 25 1 24 1 24 0 22 0 21 -2 20 -2 20 -3 19 -3 19 -3 18 -3 17 -3 16 -2 16 -2 15 -2 14 -2 14 -2 12 -1 12 0 11 0 11 0 11 1 10 1 10 3 10 3 10 4 9 0 0 4 9 5 9 5 9 6 9 6 9 7 9 7 9 7 9 7 10 7 9 8 9 8 9 8 9 8 9 9 9 8 9 9 10 8 9 8 9 8 9 8 9 7 9 7 8 8 8 7 9 7 8 0 0 0 0 0 0 0 0 0 0 ],1687784602.573291
CSI_DATA,STA,08:3A:F2:A8:E0:C1,-40,11,1,6,1,1,1,1,0,0,0,-95,1,1,1,11841295,0,110,0,0,12.0299,384,[110 96 6 0 0 0 0 0 0 0 0 0 -8 24 -9 23 -9 22 -10 21 -10 19 -11 19 -11 18 -11 16 -10 16 -10 15 -9 15 -9 14 -8 14 -8 13 -8 13 -7 12 -7 12 -6 11 -5 11 -5 11 -4 11 -3 10 -2 10 -1 10 -2 10 -1 10 0 0 0 11 1 10 2 11 2 10 2 12 3 11 3 11 3 12 3 12 4 11 4 12 4 12 5 12 4 12 4 12 4 12 4 11 4 11 4 12 4 11 4 11 3 11 4 11 4 10 4 11 4 10 0 0 0 0 0 0 0 0 0 0 ],1687784602.579395
CSI_DATA,STA,08:3A:F2:A8:E0:C1,-40,11,1,6,1,1,1,1,0,0,0,-95,1,1,1,11850782,0,110,0,0,12.0395,384,[110 96 6 0 0 0 0 0 0 0 0 0 14 -19 14 -17 14 -17 14 -15 14 -15 14 -14 14 -13 13 -12 13 -11 13 -10 12 -11 11 -10 11 -9 10 -9 10 -9 10 -9 8 -8 8 -9 7 -8 7 -8 6 -8 6 -9 5 -8 4 -9 4 -9 3 -9 0 0 3 -10 2 -10 1 -10 1 -11 1 -11 1 -11 1 -11 0 -12 0 -12 0 -12 -1 -12 0 -12 0 -12 0 -12 -1 -12 -1 -12 0 -13 -1 -12 0 -12 -1 -12 0 -12 0 -11 0 -12 -1 -11 -1 -11 -1 -10 0 0 0 0 0 0 0 0 0 0 ],1687784602.589389
CSI_DATA,STA,08:3A:F2:A8:E0:C1,-40,11,1,6,1,1,1,1,0,0,0,-95,1,1,1,11860730,0,110,0,0,12.0495,384,[110 96 6 0 0 0 0 0 0 0 0 0 1 25 0 25 -1 23 -2 23 -2 21 -3 21 -3 20 -4 19 -4 19 -3 17 -4 18 -4 17 -3 16 -3 15 -3 15 -2 13 -3 13 -2 12 -1 12 -1 12 -1 11 1 10 1 10 2 10 2 10 3 10 0 0 4 10 4 9 5 9 5 9 5 10 6 10 6 10 7 10 7 10 7 9 7 10 8 10 8 10 8 10 7 10 8 10 8 10 8 10 7 10 7 9 7 10 7 9 7 9 7 9 6 9 7 8 0 0 0 0 0 0 0 0 0 0 ],1687784602.599283
CSI_DATA,STA,08:3A:F2:A8:E0:C1,-40,11,1,6,1,1,1,1,0,0,0,-95,1,1,1,11872430,0,110,0,0,12.0612,384,[110 96 6 0 0 0 0 0 0 0 0 0 19 -13 19 -12 18 -11 19 -10 18 -8 17 -8 16 -7 16 -7 16 -6 15 -5 15 -5 14 -5 13 -5 13 -5 12 -4 11 -5 11 -4 10 -5 9 -5 9 -5 8 -5 8 -5 7 -6 7 -6 7 -7 6 -7 0 0 6 -8 5 -8 5 -9 5 -9 5 -10 5 -10 4 -10 4 -11 4 -11 4 -11 4 -11 4 -11 4 -11 4 -11 4 -11 4 -11 4 -11 4 -11 4 -11 3 -11 4 -10 4 -10 4 -10 4 -10 4 -10 3 -10 0 0 0 0 0 0 0 0 0 0 ],1687784602.6105778
CSI_DATA,STA,08:3A:F2:A8:E0:C1,-40,11,1,6,1,1,1,1,0,0,0,-95,1,1,1,11880815,0,110,0,0,12.0695,384,[110 96 6 0 0 0 0 0 0 0 0 0 -21 -16 -19 -16 -19 -16 -18 -17 -17 -16 -15 -16 -14 -16 -13 -15 -12 -15 -12 -15 -11 -14 -11 -14 -11 -13 -11 -12 -10 -12 -10 -11 -9 -10 -9 -9 -10 -9 -10 -9 -9 -8 -10 -7 -10 -6 -10 -5 -10 -5 -10 -4 0 0 -10 -4 -12 -3 -11 -2 -12 -2 -12 -2 -12 -2 -13 -2 -13 -1 -13 -1 -13 -1 -13 0 -14 -1 -14 0 -13 0 -14 -1 -14 0 -14 0 -13 -1 -13 0 -13 -1 -13 -1 -13 -1 -13 -1 -13 0 -12 -1 -11 -1 0 0 0 0 0 0 0 0 0 0 ],1687784602.619547
CSI_DATA,STA,08:3A:F2:A8:E0:C1,-39,11,1,5,1,1,1,1,0,0,0,-95,1,1,1,11893483,0,110,0,0,12.0824,384,[110 96 6 0 0 0 0 0 0 0 0 0 -24 -6 -24 -7 -23 -6 -23 -7 -21 -7 -20 -8 -19 -8 -17 -9 -17 -9 -16 -9 -16 -9 -15 -9 -15 -8 -15 -8 -14 -7 -13 -6 -12 -6 -12 -5 -12 -5 -12 -4 -11 -4 -11 -3 -11 -2 -11 -2 -11 -1 -11 0 0 0 -11 1 -11 2 -11 2 -11 2 -12 3 -12 3 -12 3 -12 3 -12 4 -12 4 -13 4 -13 4 -13 4 -13 4 -13 4 -12 4 -13 4 -12 4 -12 4 -12 4 -12 3 -12 3 -12 3 -11 4 -11 3 -11 3 0 0 0 0 0 0 0 0 0 0 ],1687784602.632482
CSI_DATA,STA,08:3A:F2:A8:E0:C1,-40,11,1,6,1,1,1,1,0,0,0,-95,1,1,1,11901036,0,110,0,0,12.0897,384,[110 96 6 0 0 0 0 0 0 0 0 0 -17 19 -17 17 -18 16 -17 15 -17 14 -17 13 -17 12 -16 11 -16 10 -16 10 -15 10 -15 10 -13 9 -13 9 -12 8 -12 8 -11 8 -10 8 -9 8 -9 7 -8 7 -7 8 -7 8 -6 9 -6 9 -5 9 0 0 -5 9 -4 10 -3 10 -3 10 -3 11 -3 11 -3 11 -2 12 -2 12 -2 12 -2 12 -2 13 -2 13 -2 13 -2 13 -2 13 -1 13 -2 13 -2 12 -2 12 -2 12 -3 12 -2 11 -1 11 -2 11 -1 10 0 0 0 0 0 0 0 0 0 0 ],1687784602.639801
CSI_DATA,STA,08:3A:F2:A8:E0:C1,-38,11,1,4,1,1,1,1,0,0,0,-95,1,1,1,11913424,0,110,0,0,12.1022,384,[110 96 6 0 0 0 0 0 0 0 0 0 0 -24 1 -22 1 -23 2 -21 2 -21 3 -18 3 -19 4 -17 4 -17 3 -17 4 -16 4 -16 3 -15 3 -14 3 -13 2 -13 2 -12 2 -12 0 -11 0 -11 0 -11 -1 -10 -1 -10 -2 -10 -2 -10 -3 -9 0 0 -4 -10 -5 -10 -5 -9 -6 -9 -6 -9 -6 -10 -6 -10 -7 -10 -7 -10 -7 -10 -8 -10 -7 -10 -8 -10 -7 -9 -8 -10 -8 -9 -8 -10 -8 -9 -8 -9 -8 -9 -7 -10 -7 -9 -7 -9 -8 -8 -7 -9 -7 -8 0 0 0 0 0 0 0 0 0 0 ],1687784602.652511
CSI_DATA,STA,08:3A:F2:A8:E0:C1,-40,11,1,6,1,1,1,1,0,0,0,-95,1,1,1,11920703,0,110,0,0,12.1093,384,[110 96 6 0 0 0 0 0 0 0 0 0 -23 -2 -22 -3 -22 -3 -22 -4 -20 -4 -19 -5 -18 -5 -18 -5 -17 -5 -16 -5 -16 -5 -15 -5 -15 -5 -15 -4 -14 -5 -13 -3 -12 -3 -11 -3 -12 -3 -11 -2 -11 -2 -10 -2 -10 0 -10 0 -10 1 -10 2 0 0 -10 3 -10 3 -10 3 -9 4 -10 4 -10 4 -10 4 -10 5 -10 5 -10 5 -10 6 -10 6 -10 6 -11 6 -10 6 -10 6 -10 6 -10 5 -10 6 -10 5 -10 5 -10 5 -10 5 -9 5 -9 5 -9 5 0 0 0 0 0 0 0 0 0 0 ],1687784602.6599638
CSI_DATA,STA,08:3A:F2:A8:E0:C1,-40,11,1,6,1,1,1,1,0,0,0,-95,1,1,1,11930817,0,110,0,0,12.1196,384,[110 96 6 0 0 0 0 0 0 0 0 0 22 -7 21 -5 21 -5 21 -3 19 -4 19 -2 19 -1 17 -1 17 -1 16 -1 15 -1 15 -2 14 -1 14 -1 13 -1 13 -2 11 -2 11 -2 10 -2 10 -2 9 -2 9 -3 9 -4 8 -5 8 -5 8 -6 0 0 8 -6 7 -6 7 -7 7 -8 7 -8 7 -8 7 -9 7 -9 7 -9 7 -10 6 -10 6 -10 6 -10 7 -10 6 -10 6 -10 6 -10 6 -10 6 -10 6 -10 6 -9 6 -9 6 -9 5 -10 6 -9 5 -9 0 0 0 0 0 0 0 0 0 0 ],1687784602.670484
CSI_DATA,STA,08:3A:F2:A8:E0:C1,-40,11,1,6,1,1,1,1,0,0,0,-95,1,1,1,11946321,0,110,0,0,12.1351,384,[110 96 6 0 0 0 0 0 0 0 0 0 -10 -24 -9 -23 -9 -23 -7 -22 -7 -21 -5 -21 -5 -21 -4 -19 -4 -19 -3 -18 -3 -18 -2 -17 -3 -16 -3 -15 -3 -15 -3 -14 -3 -13 -3 -13 -4 -12 -4 -12 -4 -11 -5 -11 -5 -10 -6 -9 -6 -9 -6 -9 0 0 -7 -9 -8 -8 -8 -8 -9 -8 -10 -8 -10 -8 -10 -8 -10 -8 -10 -8 -11 -8 -11 -7 -11 -8 -11 -8 -11 -8 -11 -8 -11 -8 -11 -8 -11 -8 -11 -8 -11 -8 -10 -8 -10 -7 -10 -8 -10 -7 -9 -8 -10 -7 0 0 0 0 0 0 0 0 0 0 ],1687784602.6853912
CSI_DATA,STA,08:3A:F2:A8:E0:C1,-40,11,1,6,1,1,1,1,0,0,0,-95,1,1,1,11954819,0,110,0,0,12.1435,384,[110 96 6 0 0 0 0 0 0 0 0 0 17 -16 17 -14 16 -14 16 -13 16 -12 15 -11 15 -10 15 -9 15 -9 14 -8 13 -8 13 -8 12 -7 12 -7 11 -7 11 -7 9 -6 9 -7 8 -7 8 -7 7 -7 7 -7 7 -7 5 -8 6 -8 5 -8 0 0 4 -9 4 -9 3 -9 3 -10 3 -10 3 -10 3 -11 3 -11 3 -11 2 -11 2 -11 2 -12 2 -12 2 -12 2 -12 2 -12 2 -12 2 -12 2 -12 2 -11 2 -11 2 -11 2 -11 2 -11 2 -11 2 -10 0 0 0 0 0 0 0 0 0 0 ],1687784602.693384
CSI_DATA,STA,08:3A:F2:A8:E0:C1,-40,11,1,6,1,1,1,1,0,0,0,-95,1,1,1,11962511,0,110,0,0,12.1511,384,[110 96 6 0 0 0 0 0 0 0 0 0 15 -17 15 -16 15 -15 16 -14 15 -13 15 -12 15 -11 14 -11 14 -11 13 -10 13 -9 12 -9 12 -9 11 -8 10 -8 10 -8 10 -8 9 -7 8 -7 7 -7 7 -7 7 -8 6 -8 5 -8 5 -8 4 -9 0 0 4 -9 3 -9 3 -10 3 -10 2 -10 2 -11 2 -11 2 -11 2 -11 1 -11 1 -12 2 -12 1 -12 1 -12 2 -12 1 -12 1 -12 1 -12 2 -12 1 -12 2 -11 2 -12 2 -11 1 -11 1 -11 1 -10 0 0 0 0 0 0 0 0 0 0 ],1687784602.700402
CSI_DATA,STA,08:3A:F2:A8:E0:C1,-40,11,1,6,1,1,1,1,0,0,0,-95,1,1,1,11970896,0,110,0,0,12.1596,384,[110 96 6 0 0 0 0 0 0 0 0 0 -22 5 -22 4 -22 4 -22 3 -21 2 -19 1 -19 1 -18 0 -17 0 -17 0 -16 0 -16 0 -15 -1 -15 0 -14 -1 -13 0 -12 0 -12 1 -12 1 -11 1 -10 1 -10 1 -10 2 -9 3 -9 3 -9 4 0 0 -9 5 -9 6 -8 6 -8 6 -8 6 -8 7 -8 7 -8 8 -8 8 -8 8 -8 8 -9 8 -9 9 -8 8 -8 8 -8 8 -8 8 -8 8 -8 8 -8 8 -8 8 -8 8 -8 8 -8 8 -8 7 -7 7 0 0 0 0 0 0 0 0 0 0 ],1687784602.7097259
CSI_DATA,STA,08:3A:F2:A8:E0:C1,-40,11,1,6,1,1,1,1,0,0,0,-95,1,1,1,11980750,0,110,0,0,12.1695,384,[110 96 6 0 0 0 0 0 0 0 0 0 22 -6 21 -5 21 -5 21 -3 20 -3 19 -2 18 -1 17 -1 17 0 16 -1 15 -1 15 -1 14 0 13 0 13 0 12 -1 11 -1 11 -2 10 -2 10 -2 9 -2 9 -3 9 -3 8 -4 8 -4 8 -5 0 0 8 -6 7 -7 7 -7 7 -7 7 -8 7 -8 8 -8 7 -9 7 -9 7 -9 7 -9 7 -9 7 -9 7 -10 7 -10 7 -9 8 -10 7 -9 7 -9 7 -9 7 -9 7 -9 7 -9 6 -9 6 -8 6 -8 0 0 0 0 0 0 0 0 0 0 ],1687784602.718414
CSI_DATA,STA,08:3A:F2:A8:E0:C1,-39,11,1,5,1,1,1,1,0,0,0,-95,1,1,1,11993889,0,110,0,0,12.1828,384,[110 96 6 0 0 0 0 0 0 0 0 0 23 7 22 8 21 8 21 9 20 8 18 9 17 10 16 10 15 9 15 9 14 9 13 9 13 8 12 8 12 7 11 6 10 6 10 5 10 6 10 5 10 4 10 3 10 2 9 2 10 1 10 0 0 0 10 0 10 -1 10 -1 10 -2 11 -1 11 -2 11 -2 11 -2 11 -3 11 -3 12 -3 12 -3 12 -3 12 -3 12 -3 12 -3 12 -3 12 -3 12 -2 11 -3 11 -2 11 -2 11 -3 10 -3 11 -2 10 -3 0 0 0 0 0 0 0 0 0 0 ],1687784602.732758
CSI_DATA,STA,08:3A:F2:A8:E0:C1,-40,11,1,6,1,1,1,1,0,0,0,-95,1,1,1,12001064,0,110,0,0,12.1897,384,[110 96 6 0 0 0 0 0 0 0 0 0 -21 -3 -20 -3 -20 -3 -19 -4 -19 -5 -17 -5 -17 -5 -15 -5 -15 -5 -15 -5 -14 -5 -14 -5 -13 -5 -12 -5 -12 -5 -12 -3 -11 -3 -10 -3 -11 -3 -10 -2 -10 -2 -10 -2 -9 -1 -9 -1 -9 0 -9 1 0 0 -9 2 -9 2 -9 3 -9 3 -9 3 -9 3 -9 4 -9 4 -9 4 -10 5 -10 5 -10 5 -10 5 -10 5 -10 5 -9 5 -10 5 -9 5 -9 5 -9 5 -9 4 -9 5 -9 4 -9 4 -9 4 -8 4 0 0 0 0 0 0 0 0 0 0 ],1687784602.739724
CSI_DATA,STA,08:3A:F2:A8:E0:C1,-40,11,1,6,1,1,1,1,0,0,0,-95,1,1,1,12010899,0,110,0,0,12.1996,384,[110 96 6 0 0 0 0 0 0 0 0 0 -11 -21 -10 -21 -9 -20 -8 -20 -7 -19 -6 -19 -5 -18 -5 -18 -4 -18 -5 -16 -4 -16 -4 -15 -4 -15 -4 -14 -4 -14 -4 -13 -3 -12 -4 -11 -5 -11 -5 -11 -5 -10 -5 -10 -5 -8 -6 -8 -6 -8 -7 -7 0 0 -7 -7 -8 -7 -9 -7 -9 -6 -9 -6 -10 -6 -10 -6 -11 -6 -10 -6 -11 -6 -11 -5 -11 -6 -11 -6 -11 -6 -11 -6 -11 -5 -11 -6 -11 -6 -11 -6 -11 -5 -11 -6 -11 -6 -11 -5 -11 -5 -10 -5 -10 -5 0 0 0 0 0 0 0 0 0 0 ],1687784602.7498372
CSI_DATA,STA,08:3A:F2:A8:E0:C1,-39,11,1,5,1,1,1,1,0,0,0,-95,1,1,1,12025735,0,110,0,0,12.2145,384,[110 96 6 0 0 0 0 0 0 0 0 0 1 25 0 23 0 23 -1 22 -2 21 -3 20 -3 20 -4 19 -4 18 -3 17 -3 17 -4 16 -3 15 -3 15 -3 14 -3 13 -3 12 -2 12 -1 11 0 11 -1 11 0 10 0 10 2 10 2 9 3 9 0 0 3 9 4 10 4 9 5 9 5 9 6 9 6 10 6 10 6 10 7 10 7 10 7 10 8 10 7 10 7 10 7 9 8 10 7 9 7 10 7 9 7 10 6 10 6 9 7 9 7 9 6 8 0 0 0 0 0 0 0 0 0 0 ],1687784602.763861
CSI_DATA,STA,08:3A:F2:A8:E0:C1,-40,11,1,6,1,1,1,1,0,0,0,-95,1,1,1,12032416,0,110,0,0,12.221,384,[110 96 6 0 0 0 0 0 0 0 0 0 24 1 24 2 24 2 23 3 22 3 20 4 19 5 18 5 18 5 16 5 16 5 15 5 15 4 15 4 14 4 13 2 12 2 12 2 12 2 11 1 11 1 11 0 10 -1 10 -2 10 -2 10 -3 0 0 10 -4 9 -5 10 -5 9 -6 10 -6 10 -6 10 -6 10 -7 10 -7 10 -7 10 -8 10 -8 10 -8 11 -8 10 -8 10 -9 11 -8 11 -9 10 -7 10 -7 10 -7 10 -7 10 -7 9 -8 9 -7 9 -7 0 0 0 0 0 0 0 0 0 0 ],1687784602.771492
CSI_DATA,STA,08:3A:F2:A8:E0:C1,-39,11,1,5,1,1,1,1,0,0,0,-95,1,1,1,12043452,0,110,0,0,12.2322,384,[110 96 6 0 0 0 0 0 0 0 0 0 22 -11 22 -10 21 -9 21 -8 21 -7 19 -6 19 -5 18 -5 18 -4 17 -5 16 -5 16 -5 15 -4 14 -4 14 -4 13 -4 12 -3 11 -4 10 -4 10 -4 10 -4 9 -5 9 -6 8 -6 8 -7 7 -8 0 0 7 -9 6 -8 7 -9 6 -9 6 -10 6 -10 6 -10 6 -11 6 -11 5 -11 5 -12 6 -11 6 -12 6 -12 6 -11 6 -12 6 -12 5 -11 6 -11 5 -11 6 -11 6 -11 5 -11 4 -11 5 -11 4 -10 0 0 0 0 0 0 0 0 0 0 ],1687784602.782411
CSI_DATA,STA,08:3A:F2:A8:E0:C1,-39,11,1,5,1,1,1,1,0,0,0,-95,1,1,1,12051812,0,110,0,0,12.2404,384,[110 96 6 0 0 0 0 0 0 0 0 0 22 -10 22 -9 21 -8 22 -7 20 -6 20 -5 19 -4 18 -4 18 -4 17 -3 16 -4 16 -3 15 -3 15 -3 14 -3 13 -4 12 -3 11 -4 11 -4 11 -4 10 -4 10 -4 9 -5 8 -6 8 -6 8 -7 0 0 8 -8 7 -8 7 -9 6 -9 7 -9 7 -10 7 -10 7 -10 7 -11 6 -11 6 -11 6 -11 6 -11 7 -12 6 -11 6 -12 6 -11 6 -12 6 -11 6 -11 6 -11 6 -10 6 -10 5 -11 5 -10 5 -10 0 0 0 0 0 0 0 0 0 0 ],1687784602.7899032
CSI_DATA,STA,08:3A:F2:A8:E0:C1,-40,11,1,6,1,1,1,1,0,0,0,-95,1,1,1,12065028,0,110,0,0,12.2538,384,[110 96 6 0 0 0 0 0 0 0 0 0 1 24 0 24 0 23 -1 22 -2 21 -3 20 -3 20 -4 19 -3 18 -3 17 -3 16 -4 16 -3 15 -2 15 -2 14 -3 13 -3 13 -1 12 -1 12 0 11 0 10 1 10 1 10 2 10 2 10 3 9 0 0 4 9 4 9 5 9 5 9 6 9 6 9 6 9 7 9 7 10 7 9 7 9 8 10 8 9 8 10 8 9 8 9 8 9 8 9 8 9 7 9 7 9 7 9 7 9 7 8 7 9 7 8 0 0 0 0 0 0 0 0 0 0 ],1687784602.802905
CSI_DATA,STA,08:3A:F2:A8:E0:C1,-40,11,1,6,1,1,1,1,0,0,0,-95,1,1,1,12071490,0,110,0,0,12.2601,384,[110 96 6 0 0 0 0 0 0 0 0 0 -23 -3 -22 -4 -22 -4 -21 -6 -20 -6 -18 -6 -18 -6 -17 -6 -16 -6 -16 -6 -15 -6 -15 -6 -14 -6 -14 -6 -13 -5 -12 -4 -12 -4 -11 -3 -11 -4 -11 -3 -10 -3 -10 -2 -10 -1 -10 -1 -10 0 -10 1 0 0 -10 2 -9 2 -10 2 -10 3 -10 3 -10 3 -11 4 -11 4 -10 4 -11 5 -11 5 -11 5 -11 5 -11 5 -11 5 -11 5 -11 5 -11 5 -11 5 -10 5 -10 5 -11 5 -10 5 -10 5 -10 4 -10 4 0 0 0 0 0 0 0 0 0 0 ],1687784602.8099682
CSI_DATA,STA,08:3A:F2:A8:E0:C1,-40,11,1,6,1,1,1,1,0,0,0,-95,1,1,1,12080787,0,110,0,0,12.2695,384,[110 96 6 0 0 0 0 0 0 0 0 0 -16 -17 -15 -17 -15 -17 -13 -17 -12 -16 -11 -16 -10 -16 -9 -16 -9 -15 -9 -15 -8 -14 -8 -14 -8 -14 -8 -13 -7 -12 -7 -11 -7 -10 -7 -10 -7 -9 -8 -9 -7 -8 -7 -8 -7 -7 -8 -7 -8 -6 -8 -5 0 0 -9 -5 -10 -5 -10 -4 -10 -3 -11 -4 -11 -4 -11 -3 -11 -3 -12 -3 -11 -3 -12 -3 -12 -3 -12 -3 -12 -3 -12 -3 -12 -2 -12 -3 -12 -3 -12 -3 -12 -2 -11 -3 -11 -2 -11 -3 -11 -2 -11 -3 -10 -2 0 0 0 0 0 0 0 0 0 0 ],1687784602.820329
CSI_DATA,STA,08:3A:F2:A8:E0:C1,-40,11,1,6,1,1,1,1,0,0,0,-95,1,1,1,12090685,0,110,0,0,12.2795,384,[110 96 6 0 0 0 0 0 0 0 0 0 -12 -23 -11 -23 -11 -21 -10 -22 -9 -20 -7 -22 -6 -20 -6 -20 -5 -19 -6 -18 -4 -18 -4 -17 -5 -16 -5 -16 -5 -15 -5 -14 -5 -13 -5 -12 -6 -12 -5 -11 -6 -11 -6 -10 -6 -9 -8 -9 -8 -9 -8 -8 0 0 -9 -7 -9 -7 -10 -7 -10 -6 -11 -7 -11 -6 -11 -6 -12 -6 -11 -6 -12 -6 -12 -6 -12 -6 -12 -6 -13 -6 -12 -6 -13 -6 -12 -6 -13 -6 -12 -6 -12 -6 -12 -6 -12 -6 -11 -5 -12 -5 -11 -5 -11 -5 0 0 0 0 0 0 0 0 0 0 ],1687784602.829741
CSI_DATA,STA,08:3A:F2:A8:E0:C1,-40,11,1,6,1,1,1,1,0,0,0,-95,1,1,1,12100993,0,110,0,0,12.2899,384,[110 96 6 0 0 0 0 0 0 0 0 0 3 25 2 24 2 23 1 22 1 22 -1 21 -1 20 -2 19 -2 19 -2 19 -2 17 -2 17 -1 16 -1 15 -1 14 -1 14 -1 13 0 12 0 12 1 11 1 11 2 10 2 10 3 10 3 9 4 9 0 0 4 9 6 9 6 8 6 9 7 8 7 8 7 9 8 8 8 9 8 8 8 8 9 9 9 9 9 9 9 9 9 8 9 8 9 8 9 8 9 8 8 8 8 8 8 8 9 8 8 8 8 7 0 0 0 0 0 0 0 0 0 0 ],1687784602.840052
CSI_DATA,STA,08:3A:F2:A8:E0:C1,-39,11,1,5,1,1,1,1,0,0,0,-95,1,1,1,12112080,0,110,0,0,12.3008,384,[110 96 6 0 0 0 0 0 0 0 0 0 -6 -25 -5 -25 -5 -24 -3 -24 -3 -22 -2 -21 -1 -21 -1 -20 0 -20 -1 -18 0 -18 0 -17 -1 -17 0 -16 0 -15 0 -14 0 -14 -1 -13 -2 -12 -2 -12 -2 -11 -3 -11 -3 -10 -4 -10 -4 -10 -5 -10 0 0 -6 -10 -6 -9 -7 -9 -7 -9 -8 -9 -9 -10 -9 -10 -9 -9 -9 -10 -9 -9 -10 -9 -10 -10 -10 -10 -10 -10 -9 -9 -10 -9 -10 -10 -10 -9 -9 -9 -10 -9 -9 -9 -9 -9 -9 -9 -9 -8 -8 -9 -9 -8 0 0 0 0 0 0 0 0 0 0 ],1687784602.85125
CSI_DATA,STA,08:3A:F2:A8:E0:C1,-38,11,1,4,1,1,1,1,0,0,0,-95,1,1,1,12126620,0,110,0,0,12.3154,384,[110 96 6 0 0 0 0 0 0 0 0 0 -6 22 -7 21 -6 20 -8 20 -7 18 -8 17 -8 16 -8 15 -9 15 -7 14 -8 14 -7 14 -7 13 -6 13 -6 12 -6 11 -6 11 -5 10 -4 10 -4 9 -3 9 -3 9 -2 8 -1 9 -1 10 0 9 0 0 1 9 1 9 2 10 2 9 2 10 3 10 3 10 3 10 3 10 4 9 4 10 4 10 4 11 5 11 4 10 4 10 4 10 5 10 4 10 4 9 4 10 3 10 4 9 5 9 4 9 4 9 0 0 0 0 0 0 0 0 0 0 ],1687784602.864815
CSI_DATA,STA,08:3A:F2:A8:E0:C1,-40,11,1,6,1,1,1,1,0,0,0,-95,1,1,1,12133069,0,110,0,0,12.3217,384,[110 96 6 0 0 0 0 0 0 0 0 0 -1 22 -2 22 -2 21 -4 21 -3 19 -4 19 -4 18 -4 17 -5 16 -4 16 -4 15 -5 15 -4 14 -4 13 -3 13 -3 12 -3 11 -3 11 -2 10 -1 10 -1 10 0 9 0 9 1 9 1 9 2 9 0 0 3 8 3 8 4 8 4 8 5 8 5 9 5 9 6 9 5 9 6 9 6 9 6 9 7 9 7 9 6 9 7 9 7 9 7 9 6 9 6 8 6 9 6 9 6 8 6 8 6 8 6 8 0 0 0 0 0 0 0 0 0 0 ],1687784602.870738
CSI_DATA,STA,08:3A:F2:A8:E0:C1,-40,11,1,6,1,1,1,1,0,0,0,-95,1,1,1,12140879,0,110,0,0,12.3296,384,[110 96 6 0 0 0 0 0 0 0 0 0 9 -22 9 -21 9 -20 10 -19 10 -18 10 -17 10 -16 10 -15 10 -15 9 -14 9 -14 9 -13 8 -12 7 -12 8 -11 7 -11 6 -10 6 -10 5 -10 4 -10 4 -10 3 -10 3 -10 2 -10 2 -10 1 -10 0 0 1 -10 0 -10 -1 -11 -1 -10 -1 -11 -1 -11 -2 -11 -2 -12 -2 -12 -2 -12 -3 -12 -3 -12 -3 -12 -3 -12 -2 -12 -3 -12 -3 -12 -3 -12 -2 -12 -3 -11 -2 -11 -2 -12 -2 -11 -2 -11 -2 -11 -3 -10 0 0 0 0 0 0 0 0 0 0 ],1687784602.879897
CSI_DATA,STA,08:3A:F2:A8:E0:C1,-40,11,1,6,1,1,1,1,0,0,0,-95,1,1,1,12152371,0,110,0,0,12.3411,384,[110 96 6 0 0 0 0 0 0 0 0 0 -17 -16 -16 -16 -16 -16 -15 -16 -14 -16 -12 -15 -11 -16 -10 -15 -10 -15 -10 -14 -9 -13 -9 -13 -9 -12 -9 -12 -8 -11 -8 -11 -7 -10 -8 -9 -8 -9 -8 -8 -7 -8 -8 -7 -8 -6 -9 -6 -9 -6 -9 -4 0 0 -9 -4 -10 -4 -10 -3 -10 -2 -11 -3 -11 -3 -11 -3 -12 -3 -12 -2 -12 -2 -12 -1 -12 -1 -12 -2 -12 -1 -12 -2 -12 -1 -12 -1 -12 -1 -12 -1 -12 -2 -11 -2 -11 -2 -12 -1 -11 -1 -11 -1 -10 -1 0 0 0 0 0 0 0 0 0 0 ],1687784602.8912551
CSI_DATA,STA,08:3A:F2:A8:E0:C1,-40,11,1,6,1,1,1,1,0,0,0,-95,1,1,1,12160468,0,110,0,0,12.3493,384,[110 96 6 0 0 0 0 0 0 0 0 0 -4 -26 -4 -25 -4 -24 -2 -24 -2 -22 -1 -23 0 -21 0 -21 1 -20 0 -18 1 -18 1 -17 0 -17 0 -16 0 -16 -1 -14 0 -14 -1 -13 -2 -13 -2 -12 -2 -12 -3 -11 -3 -10 -5 -10 -5 -10 -5 -10 0 0 -6 -10 -6 -9 -7 -9 -7 -9 -9 -9 -9 -10 -9 -10 -9 -10 -9 -10 -10 -9 -10 -9 -10 -9 -10 -9 -10 -10 -10 -9 -11 -9 -10 -10 -10 -9 -10 -9 -10 -8 -10 -9 -10 -9 -9 -9 -10 -8 -9 -9 -9 -8 0 0 0 0 0 0 0 0 0 0 ],1687784602.89962
CSI_DATA,STA,08:3A:F2:A8:E0:C1,-40,11,1,6,1,1,1,1,0,0,0,-95,1,1,1,12170653,0,110,0,0,12.3594,384,[110 96 6 0 0 0 0 0 0 0 0 0 -21 11 -20 10 -20 9 -20 8 -20 7 -18 6 -18 5 -17 5 -17 5 -16 4 -16 4 -15 3 -15 3 -14 3 -13 3 -13 4 -12 4 -11 4 -10 4 -10 4 -9 4 -9 5 -8 5 -7 5 -7 6 -7 6 0 0 -7 7 -6 7 -5 8 -6 9 -5 9 -5 9 -5 9 -5 9 -5 10 -5 10 -5 10 -5 10 -4 11 -5 11 -4 11 -4 11 -4 10 -4 10 -4 10 -4 10 -4 10 -4 10 -4 9 -4 10 -4 10 -4 9 0 0 0 0 0 0 0 0 0 0 ],1687784602.909102
CSI_DATA,STA,08:3A:F2:A8:E0:C1,-38,11,1,4,1,1,1,1,0,0,0,-95,1,1,1,12183347,0,110,0,0,12.3721,384,[110 96 6 0 0 0 0 0 0 0 0 0 21 2 21 3 20 4 21 5 19 5 18 5 17 5 16 5 15 6 14 5 15 5 14 5 13 5 13 5 12 5 12 3 11 4 10 3 10 2 10 2 10 2 10 1 9 0 9 0 10 -1 9 -2 0 0 9 -3 8 -3 9 -4 9 -5 9 -4 10 -5 10 -5 9 -5 10 -6 9 -6 9 -7 10 -6 10 -6 10 -7 10 -6 10 -7 10 -7 9 -7 9 -6 9 -6 9 -6 9 -6 9 -6 8 -6 8 -5 8 -6 0 0 0 0 0 0 0 0 0 0 ],1687784602.921033
CSI_DATA,STA,08:3A:F2:A8:E0:C1,-38,11,1,4,1,1,1,1,0,0,0,-95,1,1,1,12193155,0,110,0,0,12.382,384,[110 96 6 0 0 0 0 0 0 0 0 0 -10 20 -11 19 -11 18 -12 18 -11 16 -12 15 -12 14 -11 13 -12 13 -11 12 -11 12 -11 12 -9 11 -9 11 -9 10 -8 10 -8 9 -7 8 -6 9 -6 8 -6 8 -5 8 -4 8 -3 8 -3 9 -3 9 0 0 -2 9 -1 9 0 10 0 10 0 10 0 10 0 11 0 11 1 11 1 10 2 11 1 11 1 11 1 11 1 11 2 11 2 11 2 11 1 10 2 10 1 11 0 11 1 10 2 10 1 10 1 9 0 0 0 0 0 0 0 0 0 0 ],1687784602.9319448
CSI_DATA,STA,08:3A:F2:A8:E0:C1,-40,11,1,6,1,1,1,1,0,0,0,-95,1,1,1,12201436,0,110,0,0,12.3903,384,[110 96 6 0 0 0 0 0 0 0 0 0 -12 22 -13 21 -12 20 -13 19 -13 18 -13 17 -13 15 -13 15 -13 14 -11 14 -12 13 -11 12 -10 12 -9 12 -9 11 -9 10 -9 10 -8 10 -6 10 -6 9 -6 9 -5 9 -4 9 -3 10 -3 10 -2 10 0 0 -2 10 -1 10 0 11 0 10 0 11 1 12 1 11 2 12 1 12 2 12 3 12 3 12 2 12 3 13 2 12 2 12 3 12 3 12 2 12 2 11 2 12 1 11 2 11 3 11 2 11 2 10 0 0 0 0 0 0 0 0 0 0 ],1687784602.940467
CSI_DATA,STA,08:3A:F2:A8:E0:C1,-40,11,1,6,1,1,1,1,0,0,0,-95,1,1,1,12210955,0,110,0,0,12.3997,384,[110 96 6 0 0 0 0 0 0 0 0 0 23 -1 21 1 21 1 20 2 20 2 18 2 17 3 17 3 16 4 16 3 15 3 14 3 14 3 14 3 13 3 12 2 11 2 11 1 10 1 10 1 10 0 10 0 9 -1 9 -2 9 -2 9 -4 0 0 9 -4 8 -4 8 -5 8 -6 8 -6 9 -6 9 -6 9 -7 9 -7 9 -7 9 -7 9 -8 9 -8 9 -7 9 -7 9 -7 9 -8 9 -8 9 -7 8 -7 9 -7 9 -7 8 -7 8 -7 8 -7 7 -7 0 0 0 0 0 0 0 0 0 0 ],1687784602.948572
CSI_DATA,STA,08:3A:F2:A8:E0:C1,-39,11,1,5,1,1,1,1,0,0,0,-95,1,1,1,12224558,0,110,0,0,12.4133,384,[110 96 6 0 0 0 0 0 0 0 0 0 23 -10 23 -9 22 -8 22 -7 21 -6 20 -5 20 -4 19 -4 18 -4 17 -4 17 -4 17 -3 15 -3 14 -3 14 -3 13 -3 13 -3 12 -3 11 -4 11 -4 9 -4 10 -4 9 -6 8 -6 8 -6 8 -7 0 0 7 -8 6 -8 7 -9 6 -9 7 -9 7 -10 7 -10 7 -11 6 -11 6 -11 6 -12 6 -11 6 -11 6 -12 7 -12 6 -11 6 -12 6 -12 6 -11 6 -11 6 -11 6 -11 6 -11 5 -11 6 -10 5 -10 0 0 0 0 0 0 0 0 0 0 ],1687784602.964295
CSI_DATA,STA,08:3A:F2:A8:E0:C1,-40,11,1,6,1,1,1,1,0,0,0,-95,1,1,1,12232776,0,110,0,0,12.4214,384,[110 96 6 0 0 0 0 0 0 0 0 0 -11 -23 -10 -23 -9 -22 -8 -23 -8 -21 -6 -21 -5 -20 -4 -20 -4 -19 -4 -18 -3 -18 -3 -17 -3 -16 -4 -15 -4 -15 -3 -14 -4 -13 -4 -12 -4 -12 -4 -12 -5 -11 -5 -10 -5 -10 -6 -10 -6 -9 -7 -9 0 0 -7 -9 -8 -8 -9 -8 -9 -7 -9 -8 -10 -8 -10 -8 -11 -8 -10 -8 -11 -8 -11 -7 -11 -8 -11 -8 -11 -8 -11 -8 -11 -8 -11 -8 -11 -8 -11 -8 -11 -7 -10 -8 -10 -8 -10 -8 -10 -7 -9 -7 -10 -7 0 0 0 0 0 0 0 0 0 0 ],1687784602.973003
CSI_DATA,STA,08:3A:F2:A8:E0:C1,-40,11,1,6,1,1,1,1,0,0,0,-95,1,1,1,12243472,0,110,0,0,12.4323,384,[110 96 6 0 0 0 0 0 0 0 0 0 -13 -22 -13 -22 -12 -21 -10 -21 -9 -20 -8 -20 -7 -20 -7 -19 -6 -19 -7 -17 -6 -17 -6 -16 -6 -16 -6 -15 -6 -15 -5 -13 -5 -13 -5 -12 -6 -11 -6 -11 -6 -10 -7 -10 -7 -9 -8 -8 -8 -8 -8 -8 0 0 -9 -7 -9 -6 -10 -6 -10 -6 -11 -6 -11 -6 -11 -6 -12 -6 -12 -6 -12 -5 -12 -5 -13 -5 -13 -5 -13 -5 -12 -5 -13 -5 -12 -5 -12 -5 -12 -5 -12 -5 -12 -5 -12 -5 -11 -5 -11 -4 -11 -5 -11 -4 0 0 0 0 0 0 0 0 0 0 ],1687784602.983279
CSI_DATA,STA,08:3A:F2:A8:E0:C1,-40,11,1,6,1,1,1,1,0,0,0,-95,1,1,1,12250918,0,110,0,0,12.4395,384,[110 96 6 0 0 0 0 0 0 0 0 0 -10 21 -10 20 -10 19 -11 17 -11 16 -11 16 -11 15 -11 14 -11 14 -11 13 -10 12 -10 12 -9 11 -9 11 -9 10 -8 10 -7 10 -7 9 -6 9 -6 9 -5 8 -4 8 -4 8 -3 9 -3 9 -2 9 0 0 -1 9 0 9 0 9 0 10 1 10 1 10 1 10 1 10 1 10 1 11 2 11 2 11 2 11 2 11 2 11 2 11 2 11 2 10 2 11 2 10 2 10 2 10 2 10 2 9 2 10 2 9 0 0 0 0 0 0 0 0 0 0 ],1687784602.9884312
CSI_DATA,STA,08:3A:F2:A8:E0:C1,-39,11,1,5,1,1,1,1,0,0,0,-95,1,1,1,12263563,0,110,0,0,12.4523,384,[110 96 6 0 0 0 0 0 0 0 0 0 -24 -7 -23 -8 -23 -8 -22 -9 -21 -9 -19 -9 -18 -9 -17 -9 -16 -9 -16 -9 -16 -8 -15 -9 -15 -8 -14 -7 -13 -8 -13 -6 -12 -6 -12 -5 -12 -5 -11 -4 -11 -4 -11 -4 -11 -3 -11 -2 -11 -1 -11 0 0 0 -11 1 -11 2 -11 2 -11 3 -12 3 -12 3 -12 3 -12 3 -12 4 -12 4 -12 5 -13 4 -13 5 -12 5 -12 4 -12 5 -12 5 -12 4 -12 4 -12 4 -12 4 -12 4 -11 4 -11 4 -11 4 -10 4 0 0 0 0 0 0 0 0 0 0 ],1687784603.001952
CSI_DATA,STA,08:3A:F2:A8:E0:C1,-40,11,1,6,1,1,1,1,0,0,0,-95,1,1,1,12270916,0,110,0,0,12.4595,384,[110 96 6 0 0 0 0 0 0 0 0 0 -24 -3 -21 -3 -23 -4 -20 -4 -21 -5 -18 -5 -18 -6 -17 -6 -17 -6 -16 -6 -16 -6 -14 -6 -14 -6 -14 -6 -13 -5 -13 -4 -11 -4 -12 -4 -11 -3 -11 -3 -10 -2 -10 -2 -10 -1 -10 -1 -10 0 -10 1 0 0 -10 1 -10 2 -10 2 -10 3 -10 3 -10 3 -11 4 -11 4 -11 4 -11 4 -11 4 -11 4 -11 5 -11 4 -11 5 -10 5 -11 5 -11 4 -11 4 -11 4 -11 4 -10 4 -11 4 -10 4 -10 4 -9 4 0 0 0 0 0 0 0 0 0 0 ],1687784603.0098429
CSI_DATA,STA,08:3A:F2:A8:E0:C1,-40,11,1,6,1,1,1,1,0,0,0,-95,1,1,1,12280782,0,110,0,0,12.4695,384,[110 96 6 0 0 0 0 0 0 0 0 0 -21 10 -20 9 -20 8 -20 7 -19 7 -18 6 -18 5 -17 4 -17 4 -16 4 -16 4 -15 4 -15 4 -14 4 -13 3 -13 4 -12 3 -11 4 -10 4 -10 4 -10 4 -9 4 -9 5 -8 6 -8 5 -7 6 0 0 -7 7 -6 7 -6 8 -6 9 -6 9 -5 9 -6 9 -5 9 -5 10 -5 10 -5 10 -5 10 -5 11 -5 11 -5 10 -5 10 -5 11 -4 10 -4 10 -5 10 -5 10 -4 10 -4 10 -3 10 -4 9 -3 9 0 0 0 0 0 0 0 0 0 0 ],1687784603.020268
CSI_DATA,STA,08:3A:F2:A8:E0:C1,-39,11,1,5,1,1,1,1,0,0,0,-95,1,1,1,12295000,0,110,0,0,12.4838,384,[110 96 6 0 0 0 0 0 0 0 0 0 -23 9 -23 8 -23 8 -23 7 -22 5 -20 4 -20 4 -19 3 -19 3 -17 2 -18 2 -17 2 -16 1 -16 2 -15 1 -14 3 -13 3 -12 2 -12 3 -11 3 -11 3 -10 4 -10 4 -9 5 -9 5 -9 6 0 0 -8 7 -8 7 -7 7 -7 9 -8 9 -7 9 -8 9 -7 9 -7 10 -7 10 -7 10 -8 10 -7 11 -7 11 -7 10 -7 10 -7 10 -7 10 -7 10 -6 10 -7 10 -7 10 -7 10 -6 9 -7 9 -6 9 0 0 0 0 0 0 0 0 0 0 ],1687784603.033589
CSI_DATA,STA,08:3A:F2:A8:E0:C1,-40,11,1,6,1,1,1,1,0,0,0,-95,1,1,1,12303303,0,110,0,0,12.4921,384,[110 96 6 0 0 0 0 0 0 0 0 0 21 -8 20 -6 21 -6 20 -5 20 -4 18 -4 18 -3 17 -2 17 -2 16 -2 15 -2 15 -2 14 -1 14 -2 13 -1 12 -2 11 -2 11 -2 10 -2 10 -2 9 -3 9 -3 9 -4 8 -5 8 -5 8 -5 0 0 7 -6 7 -7 7 -7 6 -8 6 -8 7 -8 7 -8 7 -9 7 -9 7 -10 6 -10 7 -9 6 -10 7 -10 6 -10 6 -10 7 -10 6 -9 6 -9 6 -9 6 -9 6 -9 6 -9 5 -9 6 -8 6 -8 0 0 0 0 0 0 0 0 0 0 ],1687784603.0426939
CSI_DATA,STA,08:3A:F2:A8:E0:C1,-39,11,1,5,1,1,1,1,0,0,0,-95,1,1,1,12312733,0,110,0,0,12.5015,384,[110 96 6 0 0 0 0 0 0 0 0 0 11 -20 10 -19 11 -19 11 -17 11 -17 11 -15 12 -14 11 -13 11 -13 11 -13 10 -12 10 -12 9 -11 8 -10 8 -10 8 -10 7 -10 7 -10 5 -9 5 -9 5 -9 4 -9 4 -9 3 -9 2 -9 2 -9 0 0 1 -10 0 -10 0 -10 -1 -11 -1 -11 -1 -11 -1 -11 -1 -12 -1 -11 -2 -12 -2 -12 -2 -12 -2 -12 -2 -12 -2 -12 -3 -12 -2 -12 -2 -12 -2 -11 -2 -11 -2 -11 -2 -11 -2 -11 -3 -11 -2 -10 -2 -10 0 0 0 0 0 0 0 0 0 0 ],1687784603.050893
CSI_DATA,STA,08:3A:F2:A8:E0:C1,-40,11,1,6,1,1,1,1,0,0,0,-95,1,1,1,12322318,0,110,0,0,12.5111,384,[110 96 6 0 0 0 0 0 0 0 0 0 -25 -6 -24 -6 -23 -7 -23 -7 -22 -7 -20 -8 -19 -9 -18 -9 -17 -9 -17 -8 -16 -8 -15 -8 -15 -7 -15 -7 -14 -7 -13 -6 -12 -5 -12 -4 -12 -4 -12 -4 -11 -4 -11 -3 -11 -2 -11 -1 -11 0 -11 0 0 0 -11 1 -11 2 -11 2 -11 3 -12 3 -12 4 -12 3 -12 4 -12 4 -12 5 -12 5 -12 5 -12 5 -12 5 -12 5 -12 5 -13 5 -12 5 -12 5 -12 4 -12 4 -12 4 -11 4 -11 5 -11 4 -10 4 0 0 0 0 0 0 0 0 0 0 ],1687784603.060637
CSI_DATA,STA,08:3A:F2:A8:E0:C1,-39,11,1,5,1,1,1,1,0,0,0,-95,1,1,1,12331981,0,110,0,0,12.5207,384,[110 96 6 0 0 0 0 0 0 0 0 0 -19 16 -20 15 -19 13 -20 13 -19 11 -18 10 -18 9 -17 9 -18 8 -16 8 -16 7 -16 7 -15 6 -14 6 -14 6 -13 6 -12 6 -11 6 -10 6 -10 6 -9 6 -9 6 -8 7 -7 7 -7 8 -7 9 0 0 -6 9 -5 9 -5 10 -5 10 -5 10 -4 11 -5 11 -5 11 -4 12 -4 11 -4 12 -4 12 -4 12 -4 12 -4 12 -4 12 -4 12 -3 12 -4 12 -3 11 -4 11 -4 11 -4 11 -3 10 -4 10 -4 10 0 0 0 0 0 0 0 0 0 0 ],1687784603.070476
CSI_DATA,STA,08:3A:F2:A8:E0:C1,-40,11,1,6,1,1,1,1,0,0,0,-95,1,1,1,12342195,0,110,0,0,12.5309,384,[110 96 6 0 0 0 0 0 0 0 0 0 5 -25 6 -24 6 -23 7 -22 7 -21 7 -20 7 -19 7 -18 7 -18 8 -17 8 -16 8 -15 6 -15 6 -14 6 -14 5 -13 5 -12 4 -12 3 -12 3 -12 2 -11 2 -11 1 -11 0 -11 0 -11 -1 -11 0 0 -2 -11 -3 -11 -3 -11 -4 -11 -4 -11 -5 -12 -5 -12 -5 -12 -5 -12 -6 -12 -6 -12 -5 -13 -6 -12 -6 -12 -6 -13 -6 -12 -6 -13 -5 -12 -6 -12 -6 -12 -5 -12 -5 -12 -5 -12 -5 -11 -5 -11 -5 -11 0 0 0 0 0 0 0 0 0 0 ],1687784603.0804522
CSI_DATA,STA,08:3A:F2:A8:E0:C1,-40,11,1,6,1,1,1,1,0,0,0,-95,1,1,1,12350725,0,110,0,0,12.5395,384,[110 96 6 0 0 0 0 0 0 0 0 0 22 -12 21 -12 21 -10 21 -9 20 -9 20 -8 19 -7 19 -6 18 -6 17 -5 17 -5 16 -4 15 -4 15 -4 14 -4 13 -5 12 -4 11 -5 11 -5 10 -5 10 -5 9 -6 8 -6 8 -6 8 -7 7 -8 0 0 7 -9 6 -9 6 -9 6 -10 6 -10 6 -11 6 -11 5 -11 5 -12 5 -12 6 -11 6 -12 6 -12 5 -13 6 -12 5 -12 6 -12 6 -12 5 -12 5 -12 6 -11 6 -12 5 -11 5 -11 5 -10 5 -10 0 0 0 0 0 0 0 0 0 0 ],1687784603.089473
CSI_DATA,STA,08:3A:F2:A8:E0:C1,-39,11,1,5,1,1,1,1,0,0,0,-95,1,1,1,12362223,0,110,0,0,12.5509,384,[110 96 6 0 0 0 0 0 0 0 0 0 -22 4 -22 3 -22 2 -22 1 -20 1 -20 0 -18 -1 -18 -1 -17 -2 -17 -1 -16 -1 -16 -1 -15 -2 -15 -1 -14 -2 -13 -1 -12 -1 -12 0 -12 0 -11 0 -10 0 -10 1 -10 2 -10 2 -9 3 -9 4 0 0 -9 4 -9 5 -9 5 -8 6 -9 6 -9 6 -9 6 -9 7 -9 7 -8 7 -8 8 -9 8 -9 8 -9 8 -9 7 -9 8 -8 8 -8 8 -8 7 -8 7 -8 7 -8 7 -8 7 -8 7 -8 7 -7 7 0 0 0 0 0 0 0 0 0 0 ],1687784603.100422
CSI_DATA,STA,08:3A:F2:A8:E0:C1,-40,11,1,6,1,1,1,1,0,0,0,-95,1,1,1,12372389,0,110,0,0,12.5611,384,[110 96 6 0 0 0 0 0 0 0 0 0 -26 2 -25 1 -24 0 -24 -1 -23 -1 -21 -2 -20 -2 -20 -4 -19 -3 -18 -4 -18 -3 -17 -3 -17 -3 -16 -3 -15 -3 -15 -2 -13 -1 -13 -1 -13 -1 -12 0 -12 0 -12 0 -11 2 -11 2 -11 3 -11 3 0 0 -10 4 -10 5 -9 5 -10 6 -10 6 -10 6 -10 7 -10 7 -10 8 -10 8 -10 8 -10 8 -10 9 -10 9 -10 9 -10 8 -10 9 -10 8 -10 8 -10 8 -10 8 -10 8 -9 8 -9 8 -9 7 -8 7 0 0 0 0 0 0 0 0 0 0 ],1687784603.110558
CSI_DATA,STA,08:3A:F2:A8:E0:C1,-39,11,1,5,1,1,1,1,0,0,0,-95,1,1,1,12382098,0,110,0,0,12.5708,384,[110 96 6 0 0 0 0 0 0 0 0 0 -1 25 -2 24 -2 23 -3 23 -4 21 -4 20 -4 19 -5 19 -4 18 -5 17 -5 16 -6 16 -5 15 -5 14 -4 13 -4 14 -4 12 -3 12 -2 11 -2 11 -1 11 -1 10 0 10 1 10 1 10 2 10 0 0 2 10 3 10 4 10 4 10 5 10 5 10 5 10 6 10 5 10 6 10 6 10 6 11 6 11 6 11 6 11 7 10 6 11 7 10 6 10 6 10 6 10 5 10 5 10 6 10 5 10 5 9 0 0 0 0 0 0 0 0 0 0 ],1687784603.121047
CSI_DATA,STA,08:3A:F2:A8:E0:C1,-40,11,1,6,1,1,1,1,0,0,0,-95,1,1,1,12390693,0,110,0,0,12.5794,384,[110 96 6 0 0 0 0 0 0 0 0 0 -7 22 -9 20 -9 20 -9 18 -9 18 -9 16 -10 16 -10 15 -9 14 -9 14 -9 13 -9 13 -8 12 -7 11 -7 11 -7 11 -6 10 -6 10 -5 9 -4 9 -4 9 -3 9 -3 9 -2 9 -2 9 -1 9 0 0 -1 9 1 10 1 9 1 10 2 10 2 10 2 10 2 10 2 10 3 11 2 10 3 11 3 11 3 11 3 11 3 10 3 11 3 10 3 10 3 10 2 11 3 10 3 10 3 10 3 10 2 9 0 0 0 0 0 0 0 0 0 0 ],1687784603.129525
CSI_DATA,STA,08:3A:F2:A8:E0:C1,-40,11,1,6,1,1,1,1,0,0,0,-95,1,1,1,12401892,0,110,0,0,12.5911,384,[110 96 6 0 0 0 0 0 0 0 0 0 -25 -6 -24 -6 -24 -7 -22 -7 -22 -7 -19 -8 -19 -7 -18 -8 -18 -8 -17 -8 -16 -8 -15 -8 -15 -8 -14 -7 -14 -7 -14 -5 -12 -5 -12 -5 -12 -4 -11 -4 -11 -3 -11 -2 -11 -1 -11 -1 -11 0 -11 0 0 0 -11 1 -11 2 -10 2 -11 3 -11 3 -11 4 -12 4 -12 4 -11 5 -12 5 -12 5 -12 5 -12 5 -12 5 -12 5 -12 5 -12 5 -11 5 -11 5 -12 5 -11 5 -12 5 -11 5 -11 5 -10 4 -10 4 0 0 0 0 0 0 0 0 0 0 ],1687784603.140617
CSI_DATA,STA,08:3A:F2:A8:E0:C1,-39,11,1,5,1,1,1,1,0,0,0,-95,1,1,1,12411994,0,110,0,0,12.6008,384,[110 96 6 0 0 0 0 0 0 0 0 0 -24 -9 -23 -10 -22 -9 -22 -10 -21 -10 -19 -11 -17 -11 -17 -11 -16 -11 -15 -10 -15 -10 -14 -10 -14 -9 -14 -9 -13 -8 -12 -7 -12 -7 -11 -6 -12 -6 -11 -6 -11 -5 -11 -5 -10 -3 -11 -3 -11 -2 -11 -1 0 0 -11 0 -11 0 -11 0 -11 1 -12 1 -12 1 -13 1 -12 2 -13 2 -13 2 -13 3 -13 3 -13 3 -13 3 -13 3 -13 3 -13 3 -13 2 -12 3 -12 2 -13 2 -13 2 -12 2 -11 3 -12 2 -11 2 0 0 0 0 0 0 0 0 0 0 ],1687784603.150681
CSI_DATA,STA,08:3A:F2:A8:E0:C1,-39,11,1,5,1,1,1,1,0,0,0,-95,1,1,1,12420810,0,110,0,0,12.6095,384,[110 96 6 0 0 0 0 0 0 0 0 0 18 16 17 16 16 16 16 17 15 16 13 16 12 16 11 15 10 15 10 14 9 14 9 14 10 13 9 12 9 12 8 10 8 10 7 9 8 8 8 8 7 8 8 7 8 6 9 5 9 5 9 4 0 0 10 3 10 3 10 2 11 2 11 2 11 2 11 2 12 1 12 1 12 1 12 0 12 1 13 1 13 1 12 1 13 1 13 1 12 0 12 1 12 1 12 1 12 1 11 0 11 0 11 1 10 1 0 0 0 0 0 0 0 0 0 0 ],1687784603.1596658
CSI_DATA,STA,08:3A:F2:A8:E0:C1,-39,11,1,5,1,1,1,1,0,0,0,-95,1,1,1,12432002,0,110,0,0,12.6207,384,[110 96 6 0 0 0 0 0 0 0 0 0 24 6 23 7 22 7 22 8 21 7 19 8 18 9 17 8 16 8 15 8 14 8 14 9 13 8 13 7 12 7 12 5 11 5 11 4 11 5 11 3 10 3 10 3 10 2 10 1 10 1 10 -1 0 0 10 -1 10 -2 10 -3 10 -3 11 -3 11 -3 12 -3 11 -4 12 -4 11 -5 12 -5 12 -4 12 -5 12 -5 12 -5 12 -5 12 -6 11 -5 11 -5 11 -5 11 -4 11 -4 11 -5 10 -5 10 -4 10 -4 0 0 0 0 0 0 0 0 0 0 ],1687784603.170775
CSI_DATA,STA,08:3A:F2:A8:E0:C1,-39,11,1,5,1,1,1,1,0,0,0,-95,1,1,1,12440787,0,110,0,0,12.6295,384,[110 96 6 0 0 0 0 0 0 0 0 0 -11 -24 -9 -23 -10 -23 -8 -22 -7 -22 -5 -20 -4 -21 -3 -20 -3 -20 -4 -19 -3 -18 -3 -17 -4 -16 -3 -16 -3 -15 -4 -15 -3 -13 -4 -14 -4 -12 -4 -12 -4 -11 -5 -10 -5 -10 -7 -9 -7 -9 -7 -9 0 0 -7 -9 -9 -8 -8 -8 -10 -8 -9 -8 -10 -9 -10 -8 -10 -8 -11 -8 -11 -8 -11 -7 -12 -8 -11 -7 -11 -7 -12 -8 -11 -7 -12 -8 -11 -7 -11 -8 -11 -8 -11 -8 -11 -8 -10 -7 -10 -7 -10 -7 -10 -7 0 0 0 0 0 0 0 0 0 0 ],1687784603.1799512
CSI_DATA,STA,08:3A:F2:A8:E0:C1,-39,11,1,5,1,1,1,1,0,0,0,-95,1,1,1,12450752,0,110,0,0,12.6395,384,[110 96 6 0 0 0 0 0 0 0 0 0 2 -23 3 -23 3 -22 4 -21 4 -19 5 -20 6 -18 5 -18 6 -17 5 -15 5 -16 5 -15 4 -14 4 -14 4 -13 3 -13 3 -12 2 -11 2 -11 2 -11 1 -10 0 -10 0 -10 -1 -10 -1 -10 -2 -10 0 0 -3 -10 -4 -10 -4 -10 -4 -9 -5 -11 -5 -10 -5 -10 -5 -10 -6 -11 -6 -10 -7 -10 -7 -10 -7 -10 -6 -11 -6 -11 -7 -10 -7 -11 -7 -11 -6 -10 -6 -10 -6 -10 -6 -10 -6 -10 -7 -9 -6 -9 -6 -9 0 0 0 0 0 0 0 0 0 0 ],1687784603.1898549
CSI_DATA,STA,08:3A:F2:A8:E0:C1,-38,11,1,4,1,1,1,1,0,0,0,-95,1,1,1,12462267,0,110,0,0,12.651,384,[110 96 6 0 0 0 0 0 0 0 0 0 4 26 3 24 3 24 2 24 0 22 -1 21 -1 21 -2 19 -2 19 -2 18 -2 18 -3 17 -1 16 -1 16 -2 15 -1 15 -1 13 0 13 1 12 1 11 1 11 2 10 2 10 4 10 3 10 4 9 0 0 5 10 6 9 7 9 7 9 7 9 8 9 8 9 8 9 8 9 8 9 9 8 9 9 9 9 9 9 9 9 10 8 10 9 9 8 9 8 9 8 8 9 9 9 8 8 9 7 8 8 8 7 0 0 0 0 0 0 0 0 0 0 ],1687784603.2004852
CSI_DATA,STA,08:3A:F2:A8:E0:C1,-38,11,1,4,1,1,1,1,0,0,0,-95,1,1,1,12472075,0,110,0,0,12.6608,384,[110 96 6 0 0 0 0 0 0 0 0 0 -21 -11 -20 -11 -20 -11 -19 -13 -18 -12 -15 -11 -15 -12 -14 -11 -13 -12 -13 -11 -13 -11 -12 -11 -12 -10 -12 -10 -11 -9 -11 -8 -10 -8 -10 -7 -10 -7 -9 -6 -9 -6 -10 -5 -9 -4 -10 -3 -10 -3 -10 -2 0 0 -10 -1 -11 -1 -11 -1 -11 0 -11 0 -11 0 -12 0 -12 1 -12 1 -12 1 -12 2 -12 1 -13 2 -12 2 -12 1 -12 2 -12 2 -11 2 -12 2 -11 1 -12 1 -12 1 -11 2 -11 2 -11 1 -10 1 0 0 0 0 0 0 0 0 0 0 ],1687784603.210756
CSI_DATA,STA,08:3A:F2:A8:E0:C1,-39,11,1,5,1,1,1,1,0,0,0,-95,1,1,1,12480730,0,110,0,0,12.6695,384,[110 96 6 0 0 0 0 0 0 0 0 0 -26 0 -25 -1 -24 -1 -24 -2 -23 -3 -21 -4 -20 -4 -19 -5 -19 -5 -18 -4 -18 -4 -17 -4 -16 -4 -16 -4 -15 -4 -15 -3 -14 -2 -13 -2 -12 -2 -12 -2 -12 -1 -11 -1 -11 0 -11 1 -11 2 -11 3 0 0 -11 4 -10 4 -10 5 -10 5 -10 6 -11 6 -11 6 -10 6 -11 7 -11 7 -10 8 -11 8 -11 8 -11 8 -11 7 -10 8 -11 8 -10 8 -10 7 -10 7 -10 7 -10 7 -10 7 -9 7 -9 7 -9 7 0 0 0 0 0 0 0 0 0 0 ],1687784603.223388
CSI_DATA,STA,08:3A:F2:A8:E0:C1,-39,11,1,5,1,1,1,1,0,0,0,-95,1,1,1,12493901,0,110,0,0,12.6826,384,[110 96 6 0 0 0 0 0 0 0 0 0 -25 -6 -24 -7 -24 -6 -24 -7 -22 -7 -20 -8 -19 -8 -18 -9 -17 -8 -17 -9 -16 -9 -16 -8 -15 -8 -15 -8 -14 -7 -13 -6 -12 -6 -12 -5 -12 -5 -12 -4 -11 -4 -11 -4 -11 -3 -11 -2 -11 -1 -11 0 0 0 -11 1 -11 1 -11 2 -11 2 -12 2 -12 3 -13 2 -12 3 -12 4 -12 3 -13 4 -13 4 -13 4 -13 4 -13 3 -13 4 -13 4 -12 4 -13 4 -12 4 -12 3 -12 3 -12 3 -11 4 -12 3 -11 3 0 0 0 0 0 0 0 0 0 0 ],1687784603.2324858
CSI_DATA,STA,08:3A:F2:A8:E0:C1,-39,11,1,5,1,1,1,1,0,0,0,-95,1,1,1,12503917,0,110,0,0,12.6937,384,[110 96 6 0 0 0 0 0 0 0 0 0 -25 2 -23 2 -23 1 -23 0 -22 0 -20 -1 -20 -1 -19 -2 -19 -2 -18 -2 -18 -3 -16 -3 -16 -3 -15 -2 -14 -2 -14 -1 -13 -1 -13 0 -12 -1 -11 0 -11 0 -11 0 -11 1 -10 2 -10 2 -10 3 0 0 -10 4 -9 5 -9 5 -9 6 -9 6 -9 7 -10 7 -9 7 -9 8 -10 7 -10 8 -10 8 -10 8 -10 8 -10 8 -9 8 -10 8 -9 8 -9 8 -9 8 -9 8 -9 8 -9 7 -8 7 -8 7 -8 7 0 0 0 0 0 0 0 0 0 0 ],1687784603.243786
CSI_DATA,STA,08:3A:F2:A8:E0:C1,-39,11,1,5,1,1,1,1,0,0,0,-95,1,1,1,12513559,0,110,0,0,12.7022,384,[110 96 6 0 0 0 0 0 0 0 0 0 -2 -26 -1 -25 0 -24 0 -24 1 -22 2 -22 3 -20 3 -20 3 -19 3 -18 3 -18 3 -17 2 -16 2 -16 2 -15 2 -14 2 -13 1 -13 0 -12 0 -12 0 -12 -1 -11 -2 -11 -3 -11 -3 -11 -3 -11 0 0 -4 -10 -5 -10 -6 -10 -6 -10 -7 -11 -7 -11 -7 -11 -7 -11 -8 -11 -8 -10 -8 -10 -8 -11 -8 -11 -8 -11 -8 -11 -9 -10 -8 -11 -8 -11 -8 -10 -8 -10 -8 -11 -7 -10 -7 -10 -8 -9 -7 -10 -7 -9 0 0 0 0 0 0 0 0 0 0 ],1687784603.252744
CSI_DATA,STA,08:3A:F2:A8:E0:C1,-39,11,1,5,1,1,1,1,0,0,0,-95,1,1,1,12520796,0,110,0,0,12.7094,384,[110 96 6 0 0 0 0 0 0 0 0 0 24 7 22 7 22 7 21 8 20 8 19 9 17 9 16 9 16 9 16 9 15 8 14 8 14 7 14 7 13 7 12 6 11 5 11 4 11 4 11 4 10 3 10 3 10 1 10 1 10 0 10 -1 0 0 10 -2 10 -2 10 -3 10 -4 11 -3 11 -4 11 -4 11 -5 11 -5 11 -6 11 -6 12 -5 11 -6 11 -6 12 -5 11 -6 11 -6 11 -6 11 -6 11 -6 11 -6 11 -5 10 -6 10 -6 10 -5 9 -5 0 0 0 0 0 0 0 0 0 0 ],1687784603.2592819
CSI_DATA,STA,08:3A:F2:A8:E0:C1,-39,11,1,5,1,1,1,1,0,0,0,-95,1,1,1,12534474,0,110,0,0,12.7232,384,[110 96 6 0 0 0 0 0 0 0 0 0 25 2 24 2 24 2 23 3 22 4 20 5 19 5 18 5 18 6 17 6 15 5 15 6 15 6 14 5 14 5 13 3 12 3 11 3 11 3 12 2 11 2 11 1 10 0 10 0 10 -1 10 -2 0 0 10 -3 10 -3 10 -4 10 -4 11 -4 11 -5 11 -5 11 -5 11 -6 11 -6 11 -6 12 -6 12 -6 12 -6 12 -6 11 -6 11 -6 11 -6 11 -6 10 -6 11 -5 11 -5 11 -5 10 -5 10 -5 9 -5 0 0 0 0 0 0 0 0 0 0 ],1687784603.277287
CSI_DATA,STA,08:3A:F2:A8:E0:C1,-39,11,1,5,1,1,1,1,0,0,0,-95,1,1,1,12541197,0,110,0,0,12.7298,384,[110 96 6 0 0 0 0 0 0 0 0 0 8 21 6 20 6 21 5 20 4 19 3 18 2 17 2 17 1 17 2 16 1 15 2 15 2 14 2 14 2 13 2 12 2 11 2 11 3 10 3 10 3 9 3 9 3 8 4 8 5 8 5 7 0 0 6 7 7 7 7 6 7 6 7 6 8 6 8 7 8 6 8 6 9 6 9 6 9 6 10 6 9 6 9 6 9 6 9 6 9 5 9 6 9 5 9 6 8 6 9 6 8 5 8 5 8 5 0 0 0 0 0 0 0 0 0 0 ],1687784603.279414
CSI_DATA,STA,08:3A:F2:A8:E0:C1,-39,11,1,5,1,1,1,1,0,0,0,-95,1,1,1,12550797,0,110,0,0,12.7395,384,[110 96 6 0 0 0 0 0 0 0 0 0 0 25 -2 24 -2 23 -3 23 -3 21 -4 21 -5 20 -4 19 -5 18 -4 17 -5 17 -5 16 -4 15 -3 15 -3 14 -4 13 -3 13 -2 11 -1 12 -1 11 -1 11 0 10 0 10 2 10 2 10 2 10 0 0 3 10 4 10 5 10 5 9 6 10 6 10 6 10 6 10 6 10 6 9 7 9 7 10 8 10 8 10 7 10 8 10 8 10 8 10 7 10 7 9 7 10 6 10 6 9 7 9 6 9 6 8 0 0 0 0 0 0 0 0 0 0 ],1687784603.288544
CSI_DATA,STA,08:3A:F2:A8:E0:C1,-38,11,1,4,1,1,1,1,0,0,0,-95,1,1,1,12562024,0,110,0,0,12.7507,384,[110 96 6 0 0 0 0 0 0 0 0 0 21 -7 22 -5 20 -5 21 -4 20 -3 19 -3 18 -1 17 -1 17 -1 15 -1 16 -1 15 -1 14 -1 14 -1 13 -1 13 -2 12 -1 11 -2 10 -2 10 -2 9 -2 9 -3 8 -3 8 -5 8 -5 8 -6 0 0 8 -7 7 -7 7 -8 6 -8 7 -8 7 -9 8 -9 7 -9 7 -9 6 -9 6 -11 6 -10 6 -10 6 -11 6 -10 6 -11 6 -10 6 -11 6 -10 5 -9 6 -10 6 -9 6 -9 5 -10 5 -9 5 -9 0 0 0 0 0 0 0 0 0 0 ],1687784603.3005
CSI_DATA,STA,08:3A:F2:A8:E0:C1,-38,11,1,4,1,1,1,1,0,0,0,-95,1,1,1,12572019,0,110,0,0,12.7608,384,[110 96 6 0 0 0 0 0 0 0 0 0 22 2 21 3 22 3 21 4 20 4 17 4 17 5 16 5 16 5 15 5 15 5 14 5 14 5 13 5 12 4 12 4 10 3 11 3 10 2 10 2 10 2 10 1 9 0 9 0 10 -1 9 -2 0 0 9 -3 9 -3 9 -4 10 -4 9 -5 10 -5 10 -5 10 -5 10 -6 9 -6 10 -6 10 -6 10 -6 10 -6 10 -6 9 -6 11 -7 10 -6 9 -6 9 -6 9 -5 9 -5 10 -6 9 -6 9 -5 8 -5 0 0 0 0 0 0 0 0 0 0 ],1687784603.3096871
CSI_DATA,STA,08:3A:F2:A8:E0:C1,-39,11,1,5,1,1,1,1,0,0,0,-95,1,1,1,12580732,0,110,0,0,12.7695,384,[110 96 6 0 0 0 0 0 0 0 0 0 -13 -16 -12 -16 -12 -16 -11 -16 -10 -15 -9 -15 -9 -15 -8 -14 -7 -15 -7 -14 -6 -13 -6 -13 -6 -12 -6 -12 -5 -11 -6 -10 -5 -9 -5 -9 -6 -9 -6 -8 -6 -8 -6 -8 -6 -7 -6 -7 -7 -6 -7 -5 0 0 -8 -5 -8 -5 -8 -4 -9 -4 -9 -4 -9 -5 -10 -5 -10 -4 -10 -4 -10 -4 -10 -4 -10 -4 -11 -4 -10 -3 -10 -4 -10 -3 -11 -4 -10 -4 -10 -3 -10 -3 -10 -4 -10 -4 -10 -4 -9 -3 -9 -4 -9 -3 0 0 0 0 0 0 0 0 0 0 ],1687784603.319417
CSI_DATA,STA,08:3A:F2:A8:E0:C1,-39,11,1,5,1,1,1,1,0,0,0,-95,1,1,1,12590893,0,110,0,0,12.7796,384,[110 96 6 0 0 0 0 0 0 0 0 0 -15 -22 -13 -22 -13 -21 -12 -21 -11 -20 -9 -20 -8 -19 -8 -19 -7 -19 -7 -17 -6 -17 -6 -17 -6 -16 -6 -15 -6 -14 -6 -13 -5 -13 -6 -12 -7 -11 -6 -11 -6 -10 -7 -10 -6 -9 -8 -8 -8 -9 -8 -7 0 0 -9 -7 -9 -7 -10 -7 -10 -6 -11 -6 -11 -6 -12 -6 -12 -6 -12 -6 -12 -5 -12 -5 -13 -6 -12 -6 -13 -5 -13 -6 -13 -5 -13 -6 -13 -5 -12 -6 -12 -5 -12 -6 -12 -5 -11 -5 -11 -5 -11 -5 -11 -5 0 0 0 0 0 0 0 0 0 0 ],1687784603.329396
CSI_DATA,STA,08:3A:F2:A8:E0:C1,-38,11,1,4,1,1,1,1,0,0,0,-95,1,1,1,12603841,0,110,0,0,12.7926,384,[110 96 6 0 0 0 0 0 0 0 0 0 3 -23 3 -22 3 -22 4 -22 5 -20 5 -19 6 -18 6 -17 7 -16 5 -16 6 -16 5 -15 4 -14 4 -14 5 -13 4 -13 4 -12 3 -11 2 -11 2 -10 2 -10 1 -11 1 -9 -1 -10 -1 -11 -2 -10 0 0 -2 -11 -3 -10 -4 -10 -4 -10 -4 -10 -4 -11 -4 -11 -5 -11 -5 -11 -5 -10 -6 -11 -6 -11 -6 -11 -6 -11 -5 -11 -6 -11 -6 -11 -6 -11 -5 -11 -6 -10 -5 -11 -5 -10 -5 -10 -6 -10 -5 -10 -5 -9 0 0 0 0 0 0 0 0 0 0 ],1687784603.34272
CSI_DATA,STA,08:3A:F2:A8:E0:C1,-39,11,1,5,1,1,1,1,0,0,0,-95,1,1,1,12615519,0,110,0,0,12.8044,384,[110 96 6 0 0 0 0 0 0 0 0 0 -23 11 -23 9 -23 9 -22 7 -22 7 -20 6 -20 5 -19 4 -19 4 -18 4 -18 4 -17 3 -16 3 -15 3 -15 3 -15 4 -13 3 -13 3 -11 3 -11 3 -10 4 -10 4 -10 5 -9 5 -9 6 -9 7 0 0 -8 7 -7 8 -7 8 -7 9 -7 9 -7 9 -7 10 -7 10 -7 10 -7 11 -6 11 -6 11 -7 11 -7 11 -7 11 -6 11 -7 11 -6 11 -6 10 -6 10 -7 10 -7 10 -7 10 -5 10 -6 9 -5 9 0 0 0 0 0 0 0 0 0 0 ],1687784603.353641
CSI_DATA,STA,08:3A:F2:A8:E0:C1,-40,11,1,6,1,1,1,1,0,0,0,-95,1,1,1,12622454,0,110,0,0,12.8111,384,[110 96 6 0 0 0 0 0 0 0 0 0 8 -22 8 -21 8 -20 9 -19 9 -18 9 -17 10 -16 10 -15 9 -15 9 -14 9 -14 8 -13 7 -12 7 -12 7 -11 7 -11 6 -10 5 -10 5 -10 5 -10 4 -10 3 -9 3 -9 1 -10 2 -10 1 -10 0 0 1 -10 -1 -11 -1 -10 -1 -11 -1 -11 -2 -11 -2 -11 -2 -12 -2 -12 -3 -12 -3 -11 -3 -12 -3 -12 -3 -12 -3 -12 -3 -11 -3 -12 -3 -12 -3 -12 -3 -11 -3 -12 -2 -11 -2 -12 -3 -11 -3 -10 -3 -10 0 0 0 0 0 0 0 0 0 0 ],1687784603.3612769
CSI_DATA,STA,08:3A:F2:A8:E0:C1,-40,11,1,6,1,1,1,1,0,0,0,-95,1,1,1,12636916,0,110,0,0,12.8257,384,[110 96 6 0 0 0 0 0 0 0 0 0 -16 17 -16 16 -15 15 -16 14 -15 14 -15 12 -15 12 -14 10 -14 10 -13 9 -14 9 -13 8 -12 8 -12 8 -11 8 -11 8 -10 8 -9 7 -8 7 -8 7 -7 7 -6 8 -6 7 -5 7 -5 8 -5 8 0 0 -3 9 -3 9 -2 9 -2 10 -2 10 -2 10 -2 10 -2 10 -1 11 -1 11 -1 11 -1 11 -1 11 -1 11 -1 11 -1 11 -1 11 -1 11 -1 11 -1 11 -1 11 -1 11 -1 10 -1 10 -1 10 -1 9 0 0 0 0 0 0 0 0 0 0 ],1687784603.375394
CSI_DATA,STA,08:3A:F2:A8:E0:C1,-40,11,1,6,1,1,1,1,0,0,0,-95,1,1,1,12646651,0,110,0,0,12.8353,384,[110 96 6 0 0 0 0 0 0 0 0 0 -23 -6 -21 -6 -21 -6 -20 -7 -20 -7 -18 -7 -17 -8 -16 -8 -16 -8 -15 -8 -15 -7 -14 -7 -14 -7 -13 -6 -12 -6 -12 -5 -11 -5 -11 -4 -11 -4 -10 -3 -10 -3 -10 -3 -10 -2 -10 -1 -10 -1 -10 0 0 0 -10 1 -10 2 -10 2 -10 3 -10 3 -10 3 -11 3 -10 3 -10 4 -11 4 -11 5 -11 4 -11 4 -11 5 -11 4 -10 5 -11 5 -10 4 -11 4 -10 4 -11 4 -10 4 -10 4 -10 5 -10 4 -9 4 0 0 0 0 0 0 0 0 0 0 ],1687784603.3846028
CSI_DATA,STA,08:3A:F2:A8:E0:C1,-40,11,1,6,1,1,1,1,0,0,0,-95,1,1,1,12655057,0,110,0,0,12.8437,384,[110 96 6 0 0 0 0 0 0 0 0 0 24 4 23 4 22 5 22 6 21 5 19 6 18 6 18 7 17 6 16 7 15 6 14 7 14 7 13 6 13 5 12 4 11 4 11 3 11 4 11 3 11 2 10 1 10 1 10 0 10 0 10 -1 0 0 10 -2 10 -2 10 -3 10 -4 11 -4 11 -4 11 -5 11 -5 11 -6 11 -5 11 -5 11 -5 12 -5 12 -5 12 -5 11 -6 11 -6 11 -6 11 -5 11 -5 11 -5 11 -5 11 -4 10 -5 10 -4 10 -5 0 0 0 0 0 0 0 0 0 0 ],1687784603.393755
CSI_DATA,STA,08:3A:F2:A8:E0:C1,-38,11,1,4,1,1,1,1,0,0,0,-95,1,1,1,12666669,0,110,0,0,12.8553,384,[110 96 6 0 0 0 0 0 0 0 0 0 -6 25 -7 23 -7 23 -8 22 -8 21 -9 20 -9 19 -9 18 -10 17 -9 16 -9 17 -9 16 -7 15 -7 14 -7 13 -6 14 -6 12 -5 11 -4 11 -4 10 -4 10 -3 10 -2 10 -1 11 -1 11 0 11 0 0 1 11 2 10 3 11 3 10 3 11 3 12 3 12 4 12 4 12 5 11 6 11 5 12 5 12 5 12 5 12 5 11 6 12 6 11 5 11 5 11 4 11 4 11 4 11 5 10 5 11 4 10 0 0 0 0 0 0 0 0 0 0 ],1687784603.4048908
CSI_DATA,STA,08:3A:F2:A8:E0:C1,-40,11,1,6,1,1,1,1,0,0,0,-95,1,1,1,12673199,0,110,0,0,12.8618,384,[110 96 6 0 0 0 0 0 0 0 0 0 -23 -6 -21 -7 -22 -7 -20 -8 -20 -8 -17 -8 -17 -8 -16 -9 -16 -8 -16 -8 -14 -8 -14 -8 -13 -8 -13 -7 -12 -7 -13 -6 -11 -5 -11 -5 -11 -4 -11 -4 -10 -3 -10 -3 -10 -2 -10 -2 -10 -1 -10 0 0 0 -10 1 -10 1 -10 2 -11 3 -10 3 -11 2 -11 3 -11 3 -11 4 -11 4 -11 4 -11 4 -11 4 -11 4 -11 4 -11 4 -12 5 -11 4 -11 4 -11 4 -11 4 -11 4 -11 4 -10 4 -10 3 -9 4 0 0 0 0 0 0 0 0 0 0 ],1687784603.411655
CSI_DATA,STA,08:3A:F2:A8:E0:C1,-38,11,1,4,1,1,1,1,0,0,0,-95,1,1,1,12683628,0,110,0,0,12.8724,384,[110 96 6 0 0 0 0 0 0 0 0 0 -9 21 -9 20 -9 19 -10 19 -11 17 -10 16 -10 15 -10 14 -10 14 -10 13 -10 13 -10 13 -9 12 -9 11 -8 10 -8 11 -7 10 -7 9 -5 9 -5 9 -5 8 -4 9 -4 8 -2 9 -3 9 -2 9 0 0 -1 9 0 10 0 10 1 10 1 10 1 10 1 11 2 10 2 11 2 10 3 11 2 11 2 11 2 11 2 11 3 11 3 11 3 10 3 10 3 10 2 10 2 10 2 10 3 10 2 10 2 9 0 0 0 0 0 0 0 0 0 0 ],1687784603.4214468
CSI_DATA,STA,08:3A:F2:A8:E0:C1,-40,11,1,6,1,1,1,1,0,0,0,-95,1,1,1,12690711,0,110,0,0,12.8793,384,[110 96 6 0 0 0 0 0 0 0 0 0 -2 25 -3 24 -3 23 -4 23 -4 21 -5 20 -6 20 -6 19 -6 18 -6 17 -6 16 -6 16 -5 15 -4 14 -4 14 -4 13 -4 13 -3 12 -2 12 -2 12 -2 11 -1 10 -1 10 1 10 1 10 2 10 0 0 2 10 3 10 4 10 4 10 4 10 5 10 5 10 5 11 5 11 6 10 6 10 6 11 6 11 6 11 6 10 6 11 6 11 7 10 6 10 6 10 6 10 6 10 5 10 6 9 5 10 5 9 0 0 0 0 0 0 0 0 0 0 ],1687784603.4287229
CSI_DATA,STA,08:3A:F2:A8:E0:C1,-40,11,1,6,1,1,1,1,0,0,0,-95,1,1,1,12701095,0,110,0,0,12.8898,384,[110 96 6 0 0 0 0 0 0 0 0 0 22 -3 21 -2 21 -2 20 -1 20 -1 18 0 18 0 17 0 17 0 16 1 15 1 15 1 14 1 13 1 13 1 13 0 12 0 11 -1 10 -1 10 -1 9 -2 9 -2 9 -3 9 -4 8 -3 9 -4 0 0 8 -6 7 -6 8 -6 7 -7 7 -7 7 -8 7 -8 7 -9 7 -8 7 -8 7 -9 7 -9 7 -9 8 -9 7 -9 7 -9 8 -10 7 -9 7 -9 7 -9 7 -9 7 -9 7 -9 6 -9 6 -8 6 -8 0 0 0 0 0 0 0 0 0 0 ],1687784603.4390311
CSI_DATA,STA,08:3A:F2:A8:E0:C1,-40,11,1,6,1,1,1,1,0,0,0,-95,1,1,1,12711460,0,110,0,0,12.9003,384,[110 96 6 0 0 0 0 0 0 0 0 0 -4 25 -5 24 -4 23 -5 22 -6 21 -6 20 -7 19 -7 18 -7 17 -6 16 -6 16 -6 15 -5 15 -5 14 -5 13 -5 13 -4 12 -4 12 -3 11 -2 11 -2 10 -1 10 -1 10 0 10 1 10 1 10 0 0 2 10 3 10 4 10 4 10 4 10 5 10 5 10 6 11 6 10 6 10 6 10 6 11 7 11 7 10 7 11 6 10 7 10 6 10 7 10 7 9 6 10 6 10 6 9 6 9 6 9 6 8 0 0 0 0 0 0 0 0 0 0 ],1687784603.449884
CSI_DATA,STA,08:3A:F2:A8:E0:C1,-39,11,1,5,1,1,1,1,0,0,0,-95,1,1,1,12725153,0,110,0,0,12.9139,384,[110 96 6 0 0 0 0 0 0 0 0 0 -21 -14 -20 -14 -19 -14 -19 -15 -18 -14 -16 -15 -14 -14 -14 -14 -13 -14 -12 -13 -12 -13 -11 -13 -12 -12 -11 -12 -11 -11 -10 -10 -10 -10 -9 -9 -10 -9 -9 -8 -9 -8 -9 -7 -9 -6 -10 -5 -10 -5 -10 -4 0 0 -10 -4 -10 -3 -11 -3 -11 -2 -12 -2 -12 -2 -12 -2 -13 -2 -12 -2 -13 -1 -13 -1 -13 -2 -13 -1 -14 -1 -13 -1 -14 -1 -13 -1 -13 -1 -13 -1 -12 -2 -12 -2 -13 -2 -12 -2 -12 -1 -12 -2 -11 -1 0 0 0 0 0 0 0 0 0 0 ],1687784603.4640179
CSI_DATA,STA,08:3A:F2:A8:E0:C1,-40,11,1,6,1,1,1,1,0,0,0,-95,1,1,1,12732473,0,110,0,0,12.9211,384,[110 96 6 0 0 0 0 0 0 0 0 0 -4 -26 -3 -25 -3 -24 -2 -24 -1 -23 0 -21 0 -21 1 -20 2 -20 0 -19 1 -18 1 -18 0 -17 0 -16 0 -16 0 -14 0 -14 0 -13 -1 -12 -1 -13 -2 -12 -2 -11 -3 -11 -4 -11 -4 -11 -5 -10 0 0 -6 -10 -6 -10 -7 -10 -7 -9 -8 -9 -8 -10 -8 -10 -8 -10 -8 -10 -9 -10 -9 -10 -10 -10 -10 -10 -10 -10 -9 -10 -9 -10 -9 -10 -9 -10 -9 -10 -9 -10 -9 -10 -9 -10 -8 -9 -9 -9 -8 -9 -8 -9 0 0 0 0 0 0 0 0 0 0 ],1687784603.471381
CSI_DATA,STA,08:3A:F2:A8:E0:C1,-40,11,1,6,1,1,1,1,0,0,0,-95,1,1,1,12740909,0,110,0,0,12.9297,384,[110 96 6 0 0 0 0 0 0 0 0 0 19 17 17 17 17 17 16 17 14 17 13 16 12 16 11 16 10 15 10 15 9 14 9 14 9 13 9 12 8 11 8 11 8 10 7 9 8 9 8 8 8 7 8 7 8 6 8 6 9 5 9 4 0 0 9 3 10 3 10 3 11 2 11 2 11 2 11 2 12 1 12 1 12 1 12 1 12 1 13 1 13 1 13 1 13 1 13 1 12 1 12 1 12 0 12 1 11 1 12 1 11 1 11 1 10 1 0 0 0 0 0 0 0 0 0 0 ],1687784603.479058
CSI_DATA,STA,08:3A:F2:A8:E0:C1,-40,11,1,6,1,1,1,1,0,0,0,-95,1,1,1,12750854,0,110,0,0,12.9396,384,[110 96 6 0 0 0 0 0 0 0 0 0 -17 -16 -15 -17 -16 -16 -14 -16 -14 -16 -12 -16 -11 -16 -10 -16 -10 -15 -10 -15 -9 -14 -9 -13 -9 -13 -8 -13 -8 -12 -8 -11 -7 -10 -7 -9 -8 -9 -7 -9 -8 -8 -8 -8 -8 -7 -9 -7 -9 -6 -9 -5 0 0 -9 -5 -10 -4 -9 -4 -10 -3 -11 -3 -11 -3 -11 -3 -11 -3 -11 -3 -12 -3 -12 -2 -12 -2 -12 -2 -12 -2 -12 -3 -12 -2 -12 -2 -12 -2 -12 -2 -12 -2 -11 -3 -12 -2 -12 -2 -11 -2 -11 -2 -10 -2 0 0 0 0 0 0 0 0 0 0 ],1687784603.4899
CSI_DATA,STA,08:3A:F2:A8:E0:C1,-40,11,1,6,1,1,1,1,0,0,0,-95,1,1,1,12760811,0,110,0,0,12.9495,384,[110 96 6 0 0 0 0 0 0 0 0 0 -16 16 -16 16 -17 14 -17 13 -16 12 -16 11 -15 10 -15 10 -15 9 -14 8 -14 9 -14 8 -13 7 -12 7 -12 6 -11 7 -11 6 -10 6 -9 6 -9 6 -8 6 -8 6 -7 7 -6 7 -6 7 -5 8 0 0 -5 9 -4 8 -3 9 -3 10 -3 9 -3 10 -4 10 -3 10 -3 10 -3 11 -2 11 -3 11 -3 11 -2 11 -3 11 -2 11 -2 11 -2 11 -3 11 -3 11 -3 11 -3 10 -2 10 -2 10 -3 10 -2 9 0 0 0 0 0 0 0 0 0 0 ],1687784603.4996889
CSI_DATA,STA,08:3A:F2:A8:E0:C1,-39,11,1,5,1,1,1,1,0,0,0,-95,1,1,1,12773347,0,110,0,0,12.9621,384,[110 96 6 0 0 0 0 0 0 0 0 0 11 22 10 22 9 20 8 21 7 20 6 20 5 19 4 18 4 18 4 16 3 17 3 16 3 15 3 14 3 14 3 13 3 12 3 11 4 11 4 10 4 10 5 9 5 8 6 8 6 8 6 8 0 0 7 7 8 7 8 7 8 6 9 7 9 6 9 7 10 6 10 6 10 6 11 6 10 6 11 6 11 6 10 6 11 6 11 6 10 6 10 6 10 5 10 6 10 6 10 6 10 5 9 6 9 5 0 0 0 0 0 0 0 0 0 0 ],1687784603.5118961
CSI_DATA,STA,08:3A:F2:A8:E0:C1,-40,11,1,6,1,1,1,1,0,0,0,-95,1,1,1,12780573,0,110,0,0,12.9694,384,[110 96 6 0 0 0 0 0 0 0 0 0 -25 4 -25 3 -24 2 -24 1 -23 1 -21 0 -21 0 -20 0 -19 0 -18 -1 -18 -1 -17 -2 -16 -2 -16 -1 -15 -1 -15 0 -13 0 -13 1 -12 0 -12 1 -12 2 -11 2 -10 3 -10 3 -10 4 -10 4 0 0 -10 6 -9 6 -8 7 -9 7 -9 8 -9 8 -9 8 -9 9 -8 9 -9 9 -9 9 -9 9 -9 10 -9 10 -8 10 -8 10 -9 10 -8 10 -8 10 -8 9 -8 9 -8 9 -8 9 -8 9 -8 9 -7 8 0 0 0 0 0 0 0 0 0 0 ],1687784603.518601
CSI_DATA,STA,08:3A:F2:A8:E0:C1,-40,11,1,6,1,1,1,1,0,0,0,-95,1,1,1,12792290,0,110,0,0,12.981,384,[110 96 6 0 0 0 0 0 0 0 0 0 24 4 22 5 23 5 22 6 21 6 19 6 19 7 18 7 17 7 16 7 15 7 15 7 14 7 14 5 13 6 13 4 11 4 11 3 11 3 11 2 10 2 10 1 10 1 10 0 10 0 10 -1 0 0 10 -2 11 -3 10 -3 11 -4 10 -4 11 -4 11 -5 11 -5 11 -5 12 -5 11 -6 12 -6 11 -6 11 -6 11 -6 11 -6 11 -6 11 -6 11 -6 11 -6 11 -5 11 -6 11 -5 10 -6 10 -5 10 -5 0 0 0 0 0 0 0 0 0 0 ],1687784603.530303
CSI_DATA,STA,08:3A:F2:A8:E0:C1,-40,11,1,6,1,1,1,1,0,0,0,-95,1,1,1,12800898,0,110,0,0,12.9896,384,[110 96 6 0 0 0 0 0 0 0 0 0 -16 17 -16 15 -16 15 -16 14 -16 13 -15 12 -15 11 -14 10 -14 10 -14 9 -14 9 -13 9 -12 8 -12 8 -11 7 -11 8 -10 7 -9 7 -8 7 -8 7 -7 7 -7 7 -6 7 -5 7 -5 8 -5 8 0 0 -4 9 -3 9 -3 9 -3 9 -3 10 -2 10 -2 10 -2 10 -2 11 -2 11 -2 11 -1 11 -2 11 -1 12 -1 11 -1 11 -1 11 -1 11 -1 11 -1 10 -1 10 -1 11 -1 10 -1 10 -1 10 -1 9 0 0 0 0 0 0 0 0 0 0 ],1687784603.539409
CSI_DATA,STA,08:3A:F2:A8:E0:C1,-40,11,1,6,1,1,1,1,0,0,0,-95,1,1,1,12811956,0,110,0,0,13.0011,384,[110 96 6 0 0 0 0 0 0 0 0 0 2 24 1 24 1 22 0 23 -1 21 -2 21 -1 20 -2 19 -2 19 -3 17 -3 17 -3 16 -3 15 -2 15 -2 14 -2 13 -2 12 -1 12 0 11 0 11 0 10 1 10 1 10 2 9 3 9 3 9 0 0 4 9 5 9 6 9 5 9 6 9 7 9 7 9 7 9 7 9 7 9 8 9 8 9 8 9 8 9 8 9 8 9 8 9 8 9 8 9 8 8 8 9 7 9 7 8 7 8 7 8 7 8 0 0 0 0 0 0 0 0 0 0 ],1687784603.550407
CSI_DATA,STA,08:3A:F2:A8:E0:C1,-39,11,1,5,1,1,1,1,0,0,0,-95,1,1,1,12822196,0,110,0,0,13.0109,384,[110 96 6 0 0 0 0 0 0 0 0 0 13 21 12 20 11 20 10 20 9 20 7 19 6 19 6 18 5 18 5 17 4 16 4 16 4 15 5 14 4 13 4 13 4 12 4 11 4 10 5 10 5 9 5 9 5 8 6 8 6 8 6 7 0 0 7 7 9 6 9 6 9 6 9 5 10 6 10 6 10 6 10 5 10 5 11 5 11 6 11 5 11 5 11 5 11 5 11 5 11 5 11 5 10 5 10 6 10 6 10 5 10 5 10 5 9 4 0 0 0 0 0 0 0 0 0 0 ],1687784603.560407
CSI_DATA,STA,08:3A:F2:A8:E0:C1,-40,11,1,6,1,1,1,1,0,0,0,-95,1,1,1,12830764,0,110,0,0,13.0195,384,[110 96 6 0 0 0 0 0 0 0 0 0 -18 -19 -16 -19 -16 -19 -15 -18 -15 -19 -12 -18 -11 -18 -11 -18 -10 -17 -10 -17 -9 -16 -9 -16 -9 -15 -9 -14 -9 -13 -8 -13 -7 -11 -8 -10 -8 -10 -8 -10 -8 -9 -8 -9 -8 -8 -9 -7 -9 -6 -9 -6 0 0 -10 -5 -11 -5 -11 -4 -11 -4 -11 -3 -12 -4 -12 -4 -12 -3 -13 -4 -13 -3 -14 -2 -13 -3 -13 -3 -13 -3 -13 -3 -13 -3 -14 -2 -13 -3 -13 -3 -13 -3 -13 -3 -13 -3 -13 -2 -12 -2 -12 -3 -11 -2 0 0 0 0 0 0 0 0 0 0 ],1687784603.569443
CSI_DATA,STA,08:3A:F2:A8:E0:C1,-40,11,1,6,1,1,1,1,0,0,0,-95,1,1,1,12840757,0,110,0,0,13.0295,384,[110 96 6 0 0 0 0 0 0 0 0 0 -20 -12 -19 -13 -18 -12 -18 -13 -16 -12 -15 -13 -14 -13 -13 -13 -13 -12 -12 -11 -12 -11 -11 -11 -11 -11 -11 -10 -11 -10 -10 -8 -9 -8 -9 -7 -10 -7 -9 -7 -9 -6 -9 -6 -9 -4 -9 -4 -10 -4 -10 -3 0 0 -10 -2 -10 -1 -11 -1 -11 -1 -11 0 -12 -1 -12 0 -12 0 -12 0 -11 1 -12 1 -12 1 -12 1 -12 1 -12 1 -13 1 -12 1 -12 1 -12 0 -12 1 -12 0 -11 1 -11 1 -11 1 -11 1 -10 1 0 0 0 0 0 0 0 0 0 0 ],1687784603.5797398
CSI_DATA,STA,08:3A:F2:A8:E0:C1,-40,11,1,6,1,1,1,1,0,0,0,-95,1,1,1,12850799,0,110,0,0,13.0395,384,[110 96 6 0 0 0 0 0 0 0 0 0 18 8 17 8 17 9 16 9 15 9 14 9 13 9 12 9 12 9 11 9 11 8 10 8 10 8 10 7 9 7 9 6 9 6 8 5 8 5 8 4 7 4 8 3 8 3 8 2 8 2 8 1 0 0 8 0 8 0 9 0 9 -1 9 -1 9 -1 9 -1 9 -2 10 -2 9 -2 10 -2 10 -2 10 -2 10 -3 10 -2 10 -3 10 -3 10 -2 9 -2 9 -2 9 -2 9 -2 9 -2 9 -3 9 -2 8 -2 0 0 0 0 0 0 0 0 0 0 ],1687784603.588862
CSI_DATA,STA,08:3A:F2:A8:E0:C1,-40,11,1,6,1,1,1,1,0,0,0,-95,1,1,1,12860736,0,110,0,0,13.0495,384,[110 96 6 0 0 0 0 0 0 0 0 0 -21 15 -20 14 -21 13 -20 12 -20 11 -19 10 -19 9 -18 8 -18 8 -17 7 -17 7 -16 6 -15 6 -14 6 -14 6 -14 6 -12 6 -12 6 -10 6 -10 6 -10 6 -9 6 -9 7 -8 7 -8 7 -7 8 0 0 -7 9 -6 9 -5 9 -6 10 -5 10 -5 10 -5 11 -4 11 -5 12 -5 12 -5 12 -5 12 -4 12 -5 12 -5 12 -4 12 -4 12 -4 12 -4 12 -4 11 -5 12 -4 11 -5 11 -4 11 -5 11 -4 10 0 0 0 0 0 0 0 0 0 0 ],1687784603.5993779
CSI_DATA,STA,08:3A:F2:A8:E0:C1,-39,11,1,5,1,1,1,1,0,0,0,-95,1,1,1,12872155,0,110,0,0,13.0609,384,[110 96 6 0 0 0 0 0 0 0 0 0 17 -15 17 -14 17 -13 17 -12 16 -11 16 -10 16 -9 15 -9 15 -8 14 -8 14 -7 14 -7 12 -7 12 -7 11 -6 11 -6 10 -6 9 -6 8 -7 8 -6 7 -6 7 -7 6 -7 5 -8 6 -8 5 -8 0 0 5 -9 4 -9 3 -10 3 -10 3 -10 3 -11 3 -11 2 -11 3 -11 2 -11 2 -12 2 -12 2 -12 2 -12 2 -12 2 -12 2 -12 2 -12 2 -11 1 -11 2 -11 2 -11 2 -11 1 -11 1 -11 1 -10 0 0 0 0 0 0 0 0 0 0 ],1687784603.610834
CSI_DATA,STA,08:3A:F2:A8:E0:C1,-40,11,1,6,1,1,1,1,0,0,0,-95,1,1,1,12880812,0,110,0,0,13.0695,384,[110 96 6 0 0 0 0 0 0 0 0 0 5 -23 6 -22 6 -21 6 -21 6 -19 7 -19 8 -17 8 -16 8 -16 7 -15 7 -15 7 -14 6 -14 5 -13 6 -13 5 -12 5 -11 4 -11 3 -11 3 -11 2 -10 2 -10 1 -10 0 -10 0 -10 0 -10 0 0 -2 -10 -2 -10 -3 -10 -3 -10 -4 -11 -3 -11 -4 -11 -4 -11 -4 -11 -5 -11 -5 -11 -5 -11 -5 -12 -5 -12 -5 -11 -5 -11 -5 -12 -5 -11 -5 -11 -5 -11 -4 -11 -5 -11 -4 -11 -5 -10 -4 -10 -5 -10 0 0 0 0 0 0 0 0 0 0 ],1687784603.620023
CSI_DATA,STA,08:3A:F2:A8:E0:C1,-40,11,1,6,1,1,1,1,0,0,0,-95,1,1,1,12890729,0,110,0,0,13.0795,384,[110 96 6 0 0 0 0 0 0 0 0 0 -23 3 -22 2 -23 1 -22 0 -21 0 -20 -1 -19 -1 -18 -2 -18 -2 -17 -2 -17 -2 -16 -2 -15 -3 -14 -2 -14 -2 -14 -1 -12 -1 -12 -1 -12 0 -11 0 -10 0 -10 0 -10 1 -10 2 -9 2 -9 3 0 0 -9 4 -9 4 -9 5 -9 5 -9 6 -9 6 -9 6 -9 6 -9 7 -9 7 -9 7 -9 7 -9 7 -9 7 -10 7 -9 7 -9 7 -9 7 -9 7 -9 7 -9 6 -9 7 -9 7 -8 7 -8 6 -8 6 0 0 0 0 0 0 0 0 0 0 ],1687784603.6288261
CSI_DATA,STA,08:3A:F2:A8:E0:C1,-39,11,1,5,1,1,1,1,0,0,0,-95,1,1,1,12902167,0,110,0,0,13.0909,384,[110 96 6 0 0 0 0 0 0 0 0 0 -13 19 -13 18 -13 17 -13 16 -13 15 -13 14 -13 13 -13 12 -12 12 -12 11 -12 11 -11 10 -11 9 -10 9 -10 8 -10 9 -9 8 -8 8 -7 7 -7 8 -6 8 -6 8 -5 8 -4 8 -4 8 -4 8 0 0 -3 9 -2 9 -2 9 -1 10 -1 10 -1 10 -1 10 -1 10 -1 11 0 11 0 11 0 11 0 11 0 11 0 11 0 11 0 11 0 11 0 11 0 10 0 10 -1 10 0 10 0 10 0 10 0 9 0 0 0 0 0 0 0 0 0 0 ],1687784603.640297
CSI_DATA,STA,08:3A:F2:A8:E0:C1,-39,11,1,5,1,1,1,1,0,0,0,-95,1,1,1,12918217,0,110,0,0,13.1074,384,[110 96 6 0 0 0 0 0 0 0 0 0 -9 -23 -8 -23 -8 -22 -7 -22 -7 -21 -5 -21 -4 -20 -4 -19 -3 -19 -3 -18 -3 -18 -3 -17 -3 -16 -3 -16 -3 -14 -3 -14 -3 -13 -3 -13 -4 -12 -4 -12 -4 -11 -5 -11 -5 -10 -6 -10 -6 -10 -7 -9 0 0 -7 -8 -8 -8 -9 -8 -9 -7 -9 -7 -10 -8 -10 -8 -10 -7 -10 -7 -11 -7 -11 -7 -11 -7 -11 -7 -11 -7 -11 -8 -12 -7 -11 -8 -11 -7 -11 -7 -11 -7 -11 -7 -10 -7 -10 -7 -10 -7 -10 -7 -10 -6 0 0 0 0 0 0 0 0 0 0 ],1687784603.658325
CSI_DATA,STA,08:3A:F2:A8:E0:C1,-40,11,1,6,1,1,1,1,0,0,0,-95,1,1,1,12929981,0,110,0,0,13.1188,384,[110 96 6 0 0 0 0 0 0 0 0 0 -23 1 -23 0 -22 0 -22 -1 -21 -1 -20 -2 -19 -2 -18 -2 -18 -2 -17 -3 -16 -3 -16 -4 -15 -3 -14 -3 -14 -3 -13 -2 -13 -1 -12 -1 -12 -1 -11 0 -11 0 -11 0 -10 1 -10 1 -10 2 -10 3 0 0 -10 4 -9 4 -9 5 -9 5 -9 5 -9 5 -9 6 -10 6 -9 7 -9 7 -10 7 -10 7 -10 7 -10 7 -9 7 -9 7 -9 7 -9 7 -9 7 -9 7 -9 6 -9 7 -9 6 -9 6 -8 6 -8 6 0 0 0 0 0 0 0 0 0 0 ],1687784603.670105
CSI_DATA,STA,08:3A:F2:A8:E0:C1,-40,11,1,6,1,1,1,1,0,0,0,-95,1,1,1,12938142,0,110,0,0,13.1268,384,[110 96 6 0 0 0 0 0 0 0 0 0 -22 -13 -21 -13 -21 -13 -20 -14 -18 -14 -16 -14 -16 -14 -15 -14 -14 -14 -14 -13 -13 -13 -12 -12 -12 -12 -12 -11 -11 -10 -11 -10 -10 -9 -10 -8 -11 -8 -10 -8 -10 -7 -10 -7 -10 -5 -10 -5 -11 -4 -11 -3 0 0 -11 -3 -11 -2 -11 -2 -12 -1 -12 -1 -12 -1 -13 -1 -13 -1 -13 0 -13 0 -13 1 -13 0 -13 0 -13 0 -13 0 -13 1 -13 0 -13 0 -13 0 -13 0 -13 0 -13 0 -13 0 -13 1 -12 0 -11 0 0 0 0 0 0 0 0 0 0 0 ],1687784603.678089
CSI_DATA,STA,08:3A:F2:A8:E0:C1,-39,11,1,5,1,1,1,1,0,0,0,-95,1,1,1,12947666,0,110,0,0,13.1363,384,[110 96 6 0 0 0 0 0 0 0 0 0 -19 16 -19 15 -19 14 -19 12 -18 13 -18 11 -18 10 -17 9 -17 9 -16 8 -16 8 -15 8 -14 7 -14 7 -13 7 -13 7 -12 6 -11 7 -10 6 -10 6 -9 6 -8 7 -8 7 -7 8 -7 8 -6 8 0 0 -6 9 -5 10 -4 9 -4 10 -4 10 -4 11 -4 11 -4 11 -4 12 -3 12 -3 12 -3 12 -3 12 -3 12 -3 12 -3 12 -3 12 -2 12 -3 11 -3 11 -3 11 -4 11 -3 11 -2 11 -3 11 -2 10 0 0 0 0 0 0 0 0 0 0 ],1687784603.6864908
CSI_DATA,STA,08:3A:F2:A8:E0:C1,-40,11,1,6,1,1,1,1,0,0,0,-95,1,1,1,12954424,0,110,0,0,13.143,384,[110 96 6 0 0 0 0 0 0 0 0 0 -19 13 -19 12 -19 11 -18 10 -18 10 -17 8 -17 8 -17 7 -16 6 -16 6 -15 6 -14 5 -14 5 -13 5 -12 5 -12 5 -11 5 -10 5 -10 5 -9 5 -9 5 -8 5 -8 5 -7 6 -7 6 -7 7 0 0 -6 8 -5 8 -5 8 -5 9 -5 9 -5 9 -5 10 -5 10 -4 10 -4 10 -4 11 -4 10 -4 10 -4 11 -4 10 -4 10 -4 11 -4 10 -4 10 -4 10 -5 10 -4 10 -4 10 -3 10 -4 9 -3 9 0 0 0 0 0 0 0 0 0 0 ],1687784603.693107
CSI_DATA,STA,08:3A:F2:A8:E0:C1,-39,11,1,5,1,1,1,1,0,0,0,-95,1,1,1,12963364,0,110,0,0,13.1521,384,[110 96 6 0 0 0 0 0 0 0 0 0 -20 -16 -19 -16 -18 -15 -18 -17 -16 -15 -15 -16 -13 -16 -13 -15 -12 -15 -12 -14 -12 -14 -11 -14 -11 -13 -11 -13 -10 -12 -9 -11 -9 -10 -8 -9 -10 -9 -9 -9 -9 -8 -9 -7 -9 -6 -10 -6 -10 -5 -10 -4 0 0 -11 -4 -11 -3 -11 -3 -11 -2 -12 -2 -12 -2 -13 -3 -13 -2 -13 -2 -13 -2 -13 -1 -14 -2 -13 -1 -14 -1 -13 -2 -14 -1 -13 -1 -13 -1 -13 -2 -13 -1 -13 -2 -13 -2 -12 -1 -12 -1 -12 -1 -11 -1 0 0 0 0 0 0 0 0 0 0 ],1687784603.7031062
CSI_DATA,STA,08:3A:F2:A8:E0:C1,-39,11,1,5,1,1,1,1,0,0,0,-95,1,1,1,12973055,0,110,0,0,13.1618,384,[110 96 6 0 0 0 0 0 0 0 0 0 -24 -10 -23 -10 -22 -11 -22 -11 -20 -11 -19 -11 -17 -11 -17 -11 -15 -11 -15 -11 -14 -10 -14 -10 -14 -10 -13 -9 -13 -9 -12 -8 -11 -7 -11 -7 -11 -6 -11 -6 -11 -5 -11 -5 -10 -4 -11 -3 -11 -2 -11 -1 0 0 -11 -1 -11 0 -11 0 -11 1 -12 1 -12 1 -13 1 -12 2 -13 2 -13 3 -13 3 -13 3 -13 3 -13 3 -13 2 -13 3 -13 3 -13 3 -12 3 -12 3 -12 3 -13 2 -12 2 -12 3 -12 2 -11 2 0 0 0 0 0 0 0 0 0 0 ],1687784603.712211
CSI_DATA,STA,08:3A:F2:A8:E0:C1,-39,11,1,5,1,1,1,1,0,0,0,-95,1,1,1,12983392,0,110,0,0,13.1721,384,[110 96 6 0 0 0 0 0 0 0 0 0 -23 -17 -21 -16 -22 -17 -20 -17 -19 -17 -16 -17 -16 -17 -14 -17 -14 -16 -13 -16 -13 -16 -12 -16 -13 -14 -12 -14 -11 -13 -11 -12 -10 -11 -10 -11 -10 -10 -10 -10 -10 -9 -10 -8 -10 -7 -11 -7 -11 -6 -11 -5 0 0 -11 -5 -12 -4 -12 -3 -13 -3 -13 -3 -13 -3 -14 -3 -14 -3 -14 -2 -15 -2 -15 -2 -15 -2 -15 -2 -15 -2 -15 -2 -15 -2 -15 -2 -14 -2 -14 -2 -14 -2 -14 -3 -14 -2 -14 -3 -13 -2 -13 -3 -12 -2 0 0 0 0 0 0 0 0 0 0 ],1687784603.7224672
CSI_DATA,STA,08:3A:F2:A8:E0:C1,-40,11,1,6,1,1,1,1,0,0,0,-95,1,1,1,12992854,0,110,0,0,13.1816,384,[110 96 6 0 0 0 0 0 0 0 0 0 2 -26 3 -25 3 -24 3 -23 5 -22 4 -20 5 -20 5 -20 5 -19 5 -18 6 -17 5 -17 5 -16 4 -15 4 -14 3 -14 3 -13 2 -13 1 -12 1 -12 1 -11 0 -11 0 -11 -1 -11 -2 -11 -2 -11 0 0 -3 -11 -5 -10 -5 -10 -5 -10 -6 -10 -6 -11 -7 -11 -7 -11 -7 -11 -7 -11 -7 -11 -8 -11 -8 -11 -8 -11 -8 -11 -8 -11 -8 -12 -8 -11 -7 -11 -8 -11 -8 -11 -7 -10 -7 -11 -7 -10 -7 -10 -7 -9 0 0 0 0 0 0 0 0 0 0 ],1687784603.731616
CSI_DATA,STA,08:3A:F2:A8:E0:C1,-40,11,1,6,1,1,1,1,0,0,0,-95,1,1,1,13001758,0,110,0,0,13.1905,384,[110 96 6 0 0 0 0 0 0 0 0 0 21 6 21 7 19 7 19 8 18 8 16 9 16 8 14 9 14 8 13 8 13 8 12 8 12 8 12 7 11 7 11 6 10 5 9 4 10 5 9 4 9 3 9 3 8 2 9 1 9 1 9 0 0 0 9 -1 9 -1 10 -2 9 -2 10 -2 10 -2 10 -2 10 -3 11 -3 11 -3 10 -4 11 -3 10 -3 11 -4 11 -4 11 -4 11 -4 11 -4 10 -4 10 -4 10 -3 10 -4 10 -3 9 -4 9 -3 9 -4 0 0 0 0 0 0 0 0 0 0 ],1687784603.7396119
CSI_DATA,STA,08:3A:F2:A8:E0:C1,-40,11,1,6,1,1,1,1,0,0,0,-95,1,1,1,13017111,0,110,0,0,13.206,384,[110 96 6 0 0 0 0 0 0 0 0 0 -16 -17 -15 -17 -14 -16 -13 -17 -12 -15 -11 -16 -10 -16 -9 -15 -9 -15 -8 -14 -8 -14 -8 -14 -8 -13 -8 -13 -7 -12 -7 -11 -7 -11 -6 -9 -7 -10 -7 -8 -7 -8 -7 -8 -7 -6 -8 -6 -8 -6 -8 -5 0 0 -9 -5 -9 -4 -10 -4 -9 -4 -11 -4 -10 -4 -10 -4 -11 -4 -11 -3 -11 -3 -11 -3 -12 -3 -11 -3 -12 -3 -12 -3 -12 -3 -12 -3 -12 -3 -11 -3 -12 -3 -11 -3 -11 -3 -11 -3 -11 -2 -10 -3 -10 -3 0 0 0 0 0 0 0 0 0 0 ],1687784603.7568152
CSI_DATA,STA,08:3A:F2:A8:E0:C1,-40,11,1,6,1,1,1,1,0,0,0,-95,1,1,1,13024599,0,110,0,0,13.2132,384,[110 96 6 0 0 0 0 0 0 0 0 0 -23 -12 -22 -12 -21 -13 -21 -13 -19 -13 -18 -13 -16 -14 -15 -13 -15 -13 -14 -13 -13 -12 -13 -12 -13 -12 -12 -11 -12 -10 -11 -9 -10 -9 -10 -8 -11 -8 -11 -7 -10 -7 -10 -6 -10 -5 -11 -4 -11 -4 -11 -3 0 0 -11 -3 -11 -2 -12 -1 -12 -1 -12 -1 -12 -1 -13 -1 -13 0 -13 0 -13 0 -14 0 -14 0 -14 0 -14 1 -13 0 -14 0 -14 0 -13 0 -13 0 -13 0 -13 0 -13 -1 -13 0 -13 0 -12 0 -12 0 0 0 0 0 0 0 0 0 0 0 ],1687784603.7629561
CSI_DATA,STA,08:3A:F2:A8:E0:C1,-40,11,1,6,1,1,1,1,0,0,0,-95,1,1,1,13033328,0,110,0,0,13.222,384,[110 96 6 0 0 0 0 0 0 0 0 0 1 -23 2 -22 2 -22 3 -21 4 -20 4 -19 4 -19 4 -18 4 -17 4 -17 5 -16 4 -15 4 -14 3 -13 3 -13 3 -13 3 -12 2 -12 1 -11 1 -11 0 -10 0 -11 -1 -10 -1 -10 -2 -10 -2 -10 0 0 -3 -10 -4 -10 -4 -9 -5 -10 -5 -10 -5 -10 -6 -10 -6 -10 -6 -10 -6 -10 -7 -10 -7 -11 -7 -10 -7 -10 -7 -10 -7 -10 -6 -11 -7 -10 -6 -10 -7 -10 -6 -10 -6 -10 -6 -10 -6 -9 -6 -9 -6 -9 0 0 0 0 0 0 0 0 0 0 ],1687784603.771747
CSI_DATA,STA,08:3A:F2:A8:E0:C1,-38,11,1,4,1,1,1,1,0,0,0,-95,1,1,1,13048947,0,110,0,0,13.2378,384,[110 96 6 0 0 0 0 0 0 0 0 0 25 0 24 1 24 1 23 2 23 2 20 3 20 4 18 4 18 4 17 5 17 5 17 5 16 4 15 4 14 4 14 2 12 2 12 2 12 2 12 1 11 1 11 0 11 0 11 -1 11 -2 10 -3 0 0 10 -4 10 -5 10 -5 10 -6 11 -5 11 -6 11 -6 11 -6 11 -7 11 -7 11 -8 11 -7 11 -7 11 -7 11 -8 10 -8 12 -8 10 -8 10 -7 10 -8 11 -7 10 -7 11 -7 10 -7 10 -6 9 -6 0 0 0 0 0 0 0 0 0 0 ],1687784603.787905
CSI_DATA,STA,08:3A:F2:A8:E0:C1,-40,11,1,6,1,1,1,1,0,0,0,-95,1,1,1,13057221,0,110,0,0,13.2459,384,[110 96 6 0 0 0 0 0 0 0 0 0 8 -24 8 -23 8 -23 9 -21 9 -21 9 -19 9 -18 10 -17 10 -17 9 -16 9 -15 9 -15 8 -14 7 -14 7 -13 6 -13 5 -12 5 -12 4 -11 3 -11 3 -11 2 -11 2 -11 1 -11 1 -11 0 -11 0 0 -1 -11 -2 -11 -3 -11 -3 -12 -3 -11 -3 -12 -4 -12 -4 -13 -4 -12 -5 -13 -5 -12 -5 -12 -5 -13 -5 -12 -6 -12 -6 -12 -5 -13 -5 -12 -5 -12 -6 -12 -5 -12 -5 -12 -5 -12 -5 -11 -5 -11 -5 -11 0 0 0 0 0 0 0 0 0 0 ],1687784603.7957492
CSI_DATA,STA,08:3A:F2:A8:E0:C1,-38,11,1,4,1,1,1,1,0,0,0,-95,1,1,1,13066795,0,110,0,0,13.2554,384,[110 96 6 0 0 0 0 0 0 0 0 0 25 0 23 1 25 1 23 3 23 2 20 3 20 3 18 4 18 4 17 5 17 5 16 5 15 5 15 4 13 4 14 2 12 2 12 1 11 1 12 0 11 0 11 0 11 -1 10 -2 10 -2 10 -3 0 0 10 -4 10 -5 9 -6 10 -7 10 -6 10 -7 11 -7 10 -8 10 -8 10 -8 10 -8 11 -8 10 -8 10 -8 11 -9 9 -9 11 -9 9 -9 10 -9 9 -9 10 -8 9 -8 9 -8 9 -8 9 -7 8 -7 0 0 0 0 0 0 0 0 0 0 ],1687784603.8048792
CSI_DATA,STA,08:3A:F2:A8:E0:C1,-40,11,1,6,1,1,1,1,0,0,0,-95,1,1,1,13073270,0,110,0,0,13.2619,384,[110 96 6 0 0 0 0 0 0 0 0 0 -9 -22 -7 -21 -7 -21 -6 -21 -5 -20 -4 -19 -3 -19 -3 -18 -3 -18 -3 -17 -2 -16 -2 -16 -3 -15 -3 -15 -2 -14 -3 -13 -3 -12 -3 -12 -4 -11 -4 -11 -4 -10 -5 -10 -4 -9 -6 -9 -6 -8 -6 -8 0 0 -7 -8 -8 -7 -8 -7 -8 -7 -9 -7 -9 -7 -9 -7 -10 -7 -10 -7 -10 -7 -10 -6 -10 -7 -10 -7 -10 -6 -11 -7 -10 -6 -11 -7 -10 -7 -10 -7 -10 -6 -10 -7 -10 -6 -10 -6 -10 -5 -9 -6 -9 -6 0 0 0 0 0 0 0 0 0 0 ],1687784603.8119118
CSI_DATA,STA,08:3A:F2:A8:E0:C1,-39,11,1,5,1,1,1,1,0,0,0,-95,1,1,1,13083304,0,110,0,0,13.272,384,[110 96 6 0 0 0 0 0 0 0 0 0 -14 -22 -13 -22 -12 -20 -11 -21 -10 -20 -9 -20 -7 -19 -7 -19 -6 -18 -6 -17 -6 -17 -6 -17 -6 -16 -6 -15 -5 -15 -5 -13 -5 -13 -5 -12 -6 -12 -6 -11 -6 -10 -6 -10 -6 -9 -8 -9 -8 -8 -8 -8 0 0 -9 -8 -9 -7 -10 -7 -10 -6 -11 -7 -11 -6 -11 -7 -11 -6 -11 -6 -11 -6 -12 -6 -12 -6 -12 -6 -12 -6 -12 -6 -12 -6 -12 -6 -12 -6 -12 -6 -12 -6 -11 -6 -11 -6 -11 -6 -11 -5 -11 -6 -11 -5 0 0 0 0 0 0 0 0 0 0 ],1687784603.8226209
CSI_DATA,STA,08:3A:F2:A8:E0:C1,-40,11,1,6,1,1,1,1,0,0,0,-95,1,1,1,13091151,0,110,0,0,13.2799,384,[110 96 6 0 0 0 0 0 0 0 0 0 -21 4 -20 3 -19 3 -20 1 -19 1 -18 1 -17 0 -17 -1 -16 0 -15 -1 -15 -1 -14 -1 -14 -1 -13 -1 -13 -1 -12 0 -11 0 -11 0 -10 0 -10 1 -10 1 -9 1 -9 2 -8 2 -8 3 -8 3 0 0 -8 4 -8 5 -8 5 -8 5 -8 6 -8 6 -8 6 -8 6 -8 7 -7 7 -8 7 -7 7 -8 7 -8 8 -8 7 -7 7 -7 7 -7 7 -7 7 -7 7 -8 7 -8 7 -7 7 -6 7 -7 6 -6 6 0 0 0 0 0 0 0 0 0 0 ],1687784603.829687
CSI_DATA,STA,08:3A:F2:A8:E0:C1,-40,11,1,6,1,1,1,1,0,0,0,-95,1,1,1,13101922,0,110,0,0,13.2906,384,[110 96 6 0 0 0 0 0 0 0 0 0 -21 -12 -19 -12 -19 -12 -18 -12 -17 -12 -15 -12 -15 -12 -14 -12 -13 -12 -13 -12 -12 -11 -12 -11 -11 -11 -11 -10 -11 -9 -11 -8 -9 -8 -10 -7 -10 -7 -10 -7 -9 -6 -9 -5 -10 -4 -9 -4 -10 -3 -10 -3 0 0 -10 -2 -10 -1 -10 -1 -11 0 -11 0 -11 0 -11 0 -12 1 -11 1 -12 1 -12 1 -12 1 -12 2 -12 2 -12 1 -12 2 -12 2 -12 2 -12 2 -12 1 -12 1 -12 2 -11 1 -11 1 -10 1 -10 1 0 0 0 0 0 0 0 0 0 0 ],1687784603.840686
CSI_DATA,STA,08:3A:F2:A8:E0:C1,-40,11,1,6,1,1,1,1,0,0,0,-95,1,1,1,13111729,0,110,0,0,13.3005,384,[110 96 6 0 0 0 0 0 0 0 0 0 5 -23 5 -22 5 -21 6 -20 6 -20 7 -18 7 -18 7 -17 7 -17 7 -16 7 -15 7 -15 6 -13 6 -13 5 -12 5 -12 4 -11 4 -11 3 -11 3 -10 3 -10 2 -10 1 -10 0 -10 0 -10 0 -10 0 0 -1 -10 -2 -10 -2 -10 -3 -10 -3 -10 -3 -11 -3 -11 -4 -11 -4 -11 -4 -11 -5 -11 -4 -12 -4 -11 -4 -12 -4 -12 -5 -12 -4 -12 -4 -11 -4 -11 -4 -11 -4 -11 -4 -11 -4 -11 -4 -10 -4 -11 -4 -10 0 0 0 0 0 0 0 0 0 0 ],1687784603.850364
CSI_DATA,STA,08:3A:F2:A8:E0:C1,-40,11,1,6,1,1,1,1,0,0,0,-95,1,1,1,13123454,0,110,0,0,13.3124,384,[110 96 6 0 0 0 0 0 0 0 0 0 -23 -12 -22 -12 -21 -12 -21 -12 -19 -12 -18 -13 -16 -12 -16 -13 -15 -13 -14 -12 -13 -12 -13 -12 -13 -11 -13 -10 -13 -10 -11 -9 -11 -8 -10 -8 -11 -7 -10 -7 -11 -6 -11 -6 -10 -5 -11 -4 -11 -4 -11 -3 0 0 -11 -2 -11 -1 -11 -1 -12 0 -12 0 -12 0 -13 -1 -13 0 -13 0 -13 1 -13 1 -14 0 -14 1 -14 1 -13 0 -13 1 -13 1 -13 0 -13 1 -13 1 -13 0 -13 0 -12 0 -12 0 -12 0 -12 0 0 0 0 0 0 0 0 0 0 0 ],1687784603.862568
CSI_DATA,STA,08:3A:F2:A8:E0:C1,-39,11,1,5,1,1,1,1,0,0,0,-95,1,1,1,13133280,0,110,0,0,13.3221,384,[110 96 6 0 0 0 0 0 0 0 0 0 -6 24 -6 23 -7 22 -8 21 -8 20 -9 19 -9 18 -9 17 -9 17 -8 15 -8 16 -7 15 -7 14 -6 14 -7 13 -6 12 -6 12 -5 11 -4 11 -4 10 -4 10 -3 10 -2 10 0 10 0 10 0 10 0 0 1 10 2 10 2 10 3 10 3 11 3 11 3 11 4 11 4 12 4 11 5 11 5 11 5 11 5 12 5 11 5 11 5 11 5 11 5 11 5 10 4 11 4 11 4 10 5 9 4 10 4 9 0 0 0 0 0 0 0 0 0 0 ],1687784603.871618
CSI_DATA,STA,08:3A:F2:A8:E0:C1,-40,11,1,6,1,1,1,1,0,0,0,-95,1,1,1,13141823,0,110,0,0,13.3306,384,[110 96 6 0 0 0 0 0 0 0 0 0 19 -17 19 -16 18 -15 18 -14 18 -13 18 -12 17 -11 17 -10 16 -10 16 -9 15 -9 15 -8 14 -8 13 -8 12 -8 12 -8 11 -7 10 -8 9 -8 9 -7 8 -8 7 -8 7 -9 6 -9 6 -9 6 -9 0 0 5 -10 4 -11 4 -11 3 -11 3 -11 3 -12 3 -12 3 -13 3 -13 3 -13 2 -13 2 -13 2 -13 3 -13 2 -13 2 -13 2 -14 2 -13 2 -13 2 -13 3 -13 2 -12 3 -12 2 -12 2 -12 2 -11 0 0 0 0 0 0 0 0 0 0 ],1687784603.880339
CSI_DATA,STA,08:3A:F2:A8:E0:C1,-40,11,1,6,1,1,1,1,0,0,0,-95,1,1,1,13153144,0,110,0,0,13.3419,384,[110 96 6 0 0 0 0 0 0 0 0 0 -11 20 -11 19 -11 19 -11 17 -12 17 -11 15 -11 15 -11 13 -11 13 -11 12 -11 12 -10 11 -10 11 -9 10 -9 9 -8 10 -8 9 -7 9 -6 9 -6 8 -5 8 -5 8 -4 8 -3 8 -3 8 -3 9 0 0 -2 9 -1 10 0 9 0 10 0 10 0 10 0 10 0 10 1 10 1 11 1 11 1 11 1 11 1 11 1 11 1 11 1 11 1 11 1 11 1 10 1 10 1 10 0 10 1 10 1 9 1 9 0 0 0 0 0 0 0 0 0 0 ],1687784603.891815
CSI_DATA,STA,08:3A:F2:A8:E0:C1,-40,11,1,6,1,1,1,1,0,0,0,-95,1,1,1,13161802,0,110,0,0,13.3505,384,[110 96 6 0 0 0 0 0 0 0 0 0 -6 22 -6 21 -6 20 -7 19 -7 19 -8 17 -8 17 -8 16 -8 15 -8 14 -7 14 -7 13 -7 13 -6 12 -6 11 -6 11 -5 10 -5 10 -4 10 -3 9 -3 9 -2 9 -2 9 -1 9 0 9 0 9 0 0 0 9 2 9 2 9 2 9 3 10 3 10 3 10 4 10 4 10 4 10 4 10 4 10 5 10 4 10 4 10 4 10 5 10 5 10 4 10 4 10 4 10 4 10 4 9 5 9 4 9 4 8 0 0 0 0 0 0 0 0 0 0 ],1687784603.899699
CSI_DATA,STA,08:3A:F2:A8:E0:C1,-39,11,1,5,1,1,1,1,0,0,0,-95,1,1,1,13173364,0,110,0,0,13.3621,384,[110 96 6 0 0 0 0 0 0 0 0 0 20 8 19 8 19 9 18 9 17 9 16 9 15 9 14 9 14 9 13 9 12 9 12 8 12 8 11 8 11 7 10 6 9 6 9 5 9 5 9 5 9 4 9 4 8 2 8 2 9 1 9 1 0 0 9 0 9 0 9 -1 9 -2 10 -1 10 -2 10 -2 10 -2 11 -2 10 -3 10 -3 11 -3 11 -3 11 -3 11 -3 11 -3 11 -3 11 -3 11 -3 10 -3 10 -3 10 -3 10 -3 10 -3 9 -3 9 -3 0 0 0 0 0 0 0 0 0 0 ],1687784603.912632
CSI_DATA,STA,08:3A:F2:A8:E0:C1,-40,11,1,6,1,1,1,1,0,0,0,-95,1,1,1,13183246,0,110,0,0,13.372,384,[110 96 6 0 0 0 0 0 0 0 0 0 -24 -9 -23 -11 -22 -10 -22 -12 -20 -10 -19 -11 -17 -11 -17 -11 -15 -11 -15 -10 -15 -10 -14 -9 -14 -9 -14 -9 -13 -9 -12 -8 -12 -8 -10 -6 -12 -6 -11 -6 -11 -5 -11 -5 -10 -3 -11 -3 -11 -2 -11 -1 0 0 -11 0 -11 0 -12 0 -11 1 -12 1 -12 1 -12 1 -12 2 -13 2 -12 3 -13 3 -13 3 -13 3 -13 3 -13 2 -14 3 -13 2 -13 3 -13 2 -13 2 -12 2 -12 2 -12 2 -12 3 -12 2 -11 2 0 0 0 0 0 0 0 0 0 0 ],1687784603.921581
CSI_DATA,STA,08:3A:F2:A8:E0:C1,-40,11,1,6,1,1,1,1,0,0,0,-95,1,1,1,13191821,0,110,0,0,13.3806,384,[110 96 6 0 0 0 0 0 0 0 0 0 17 15 16 15 15 15 14 15 14 14 11 15 11 14 10 14 9 14 9 13 8 13 8 12 8 12 8 11 8 11 7 10 7 9 7 8 7 7 7 7 7 7 7 6 7 5 8 5 8 5 8 4 0 0 8 3 9 3 9 3 9 2 10 2 10 2 10 2 10 2 10 2 11 1 11 1 11 1 11 1 11 1 11 1 11 1 11 1 11 1 11 1 10 1 10 1 10 1 10 1 10 1 10 2 9 1 0 0 0 0 0 0 0 0 0 0 ],1687784603.929514
CSI_DATA,STA,08:3A:F2:A8:E0:C1,-40,11,1,6,1,1,1,1,0,0,0,-95,1,1,1,13203456,0,110,0,0,13.3922,384,[110 96 6 0 0 0 0 0 0 0 0 0 2 25 0 24 1 23 0 22 -1 22 -2 21 -3 20 -3 19 -3 19 -3 18 -3 17 -3 16 -3 15 -2 15 -2 14 -2 14 -1 13 -1 12 0 11 0 11 0 10 1 10 2 10 3 10 3 9 3 9 0 0 4 9 5 9 6 8 6 9 7 8 7 9 7 9 8 9 8 9 8 9 8 8 9 9 9 9 9 9 9 9 9 8 9 9 9 8 8 8 8 8 8 9 8 8 8 8 8 7 8 8 7 7 0 0 0 0 0 0 0 0 0 0 ],1687784603.9419909
CSI_DATA,STA,08:3A:F2:A8:E0:C1,-40,11,1,6,1,1,1,1,0,0,0,-95,1,1,1,13211815,0,110,0,0,13.4006,384,[110 96 6 0 0 0 0 0 0 0 0 0 5 25 4 24 4 23 3 23 2 21 1 21 1 20 0 20 0 19 0 18 -1 17 -1 17 -1 16 0 15 0 14 0 14 0 13 0 13 2 12 2 11 2 11 3 10 3 9 4 9 4 9 4 9 0 0 5 8 6 8 7 8 8 8 8 8 8 7 9 8 9 7 9 8 9 8 9 8 10 8 10 8 10 8 10 8 10 7 10 7 10 7 10 7 10 7 9 7 9 7 9 7 9 7 9 7 8 6 0 0 0 0 0 0 0 0 0 0 ],1687784603.9502091
CSI_DATA,STA,08:3A:F2:A8:E0:C1,-40,11,1,6,1,1,1,1,0,0,0,-95,1,1,1,13225104,0,110,0,0,13.414,384,[110 96 6 0 0 0 0 0 0 0 0 0 24 -3 23 -2 24 -2 22 -1 22 0 20 1 20 1 19 1 18 2 18 2 17 2 16 2 16 2 15 2 14 2 14 1 12 1 12 0 11 0 11 -1 11 -1 11 -1 11 -2 10 -2 10 -3 9 -4 0 0 10 -5 9 -5 9 -6 9 -7 9 -6 9 -7 9 -7 9 -8 9 -8 10 -8 10 -8 10 -8 10 -8 10 -8 10 -9 9 -9 10 -9 10 -9 9 -8 9 -8 9 -8 9 -8 9 -7 9 -8 9 -7 8 -7 0 0 0 0 0 0 0 0 0 0 ],1687784603.963474
CSI_DATA,STA,08:3A:F2:A8:E0:C1,-40,11,1,6,1,1,1,1,0,0,0,-95,1,1,1,13232999,0,110,0,0,13.4216,384,[110 96 6 0 0 0 0 0 0 0 0 0 20 9 19 10 18 10 17 10 17 10 15 10 14 11 13 10 13 10 12 10 12 9 11 9 11 9 10 8 10 8 10 7 9 7 9 6 9 5 9 5 8 4 9 4 9 3 8 3 9 2 9 1 0 0 9 0 9 0 9 -1 10 -1 10 -1 10 -1 10 -2 10 -2 10 -2 10 -2 11 -3 11 -3 11 -3 11 -2 11 -3 11 -3 11 -3 11 -3 11 -2 10 -3 10 -2 10 -2 10 -2 10 -3 10 -2 9 -2 0 0 0 0 0 0 0 0 0 0 ],1687784603.97047
CSI_DATA,STA,08:3A:F2:A8:E0:C1,-40,11,1,6,1,1,1,1,0,0,0,-95,1,1,1,13243288,0,110,0,0,13.432,384,[110 96 6 0 0 0 0 0 0 0 0 0 6 -22 6 -22 6 -21 7 -20 7 -19 8 -18 8 -17 7 -16 8 -16 7 -15 8 -14 7 -14 7 -13 6 -12 6 -12 6 -11 5 -11 4 -11 3 -10 3 -10 3 -10 2 -10 2 -10 1 -9 1 -10 0 -10 0 0 -1 -11 -2 -10 -2 -10 -2 -10 -3 -11 -3 -11 -3 -11 -4 -11 -3 -11 -4 -11 -4 -11 -4 -11 -4 -11 -4 -12 -4 -12 -4 -12 -4 -12 -4 -12 -4 -11 -4 -11 -4 -11 -4 -11 -3 -11 -4 -11 -3 -10 -4 -10 0 0 0 0 0 0 0 0 0 0 ],1687784603.9815428
CSI_DATA,STA,08:3A:F2:A8:E0:C1,-40,11,1,6,1,1,1,1,0,0,0,-95,1,1,1,13253198,0,110,0,0,13.4419,384,[110 96 6 0 0 0 0 0 0 0 0 0 19 15 18 15 18 15 17 16 16 15 14 15 13 15 12 15 11 15 11 14 10 13 10 13 10 13 10 11 10 11 9 10 8 9 8 8 8 8 8 8 9 7 8 6 8 6 9 5 9 5 10 3 0 0 10 3 10 3 10 2 10 2 11 1 12 2 12 1 12 1 12 1 12 1 12 1 13 1 13 1 13 1 13 1 13 0 12 1 12 1 13 1 12 1 12 1 12 1 11 1 12 0 11 1 11 1 0 0 0 0 0 0 0 0 0 0 ],1687784603.9910688
CSI_DATA,STA,08:3A:F2:A8:E0:C1,-40,11,1,6,1,1,1,1,0,0,0,-95,1,1,1,13263339,0,110,0,0,13.4521,384,[110 96 6 0 0 0 0 0 0 0 0 0 -23 -5 -22 -5 -22 -6 -21 -6 -20 -6 -18 -7 -17 -7 -17 -7 -16 -8 -16 -7 -15 -7 -14 -7 -14 -7 -14 -6 -13 -6 -12 -6 -11 -5 -11 -4 -11 -4 -11 -3 -10 -3 -10 -3 -10 -1 -10 -1 -10 0 -10 0 0 0 -10 1 -10 1 -10 2 -10 3 -10 2 -11 3 -11 3 -11 3 -11 4 -11 4 -11 4 -11 4 -11 4 -11 4 -11 3 -11 4 -11 4 -11 3 -11 4 -11 4 -11 3 -11 3 -11 3 -10 4 -10 3 -10 3 0 0 0 0 0 0 0 0 0 0 ],1687784604.001484
CSI_DATA,STA,08:3A:F2:A8:E0:C1,-40,11,1,6,1,1,1,1,0,0,0,-95,1,1,1,13271832,0,110,0,0,13.4606,384,[110 96 6 0 0 0 0 0 0 0 0 0 -23 4 -22 3 -22 3 -22 1 -21 1 -20 0 -19 0 -18 -1 -17 -1 -17 -1 -16 -1 -16 -2 -15 -1 -15 -1 -14 -1 -13 -1 -12 0 -12 0 -12 0 -11 1 -11 0 -10 1 -10 2 -10 3 -10 3 -9 3 0 0 -9 4 -9 5 -9 5 -9 6 -9 6 -9 6 -9 7 -9 7 -9 7 -9 7 -9 8 -9 8 -9 8 -9 7 -9 8 -9 8 -9 8 -9 8 -9 7 -9 7 -9 7 -9 7 -9 7 -8 7 -8 7 -8 6 0 0 0 0 0 0 0 0 0 0 ],1687784604.010377
CSI_DATA,STA,08:3A:F2:A8:E0:C1,-39,11,1,5,1,1,1,1,0,0,0,-95,1,1,1,13283305,0,110,0,0,13.472,384,[110 96 6 0 0 0 0 0 0 0 0 0 -6 -25 -5 -25 -5 -23 -4 -24 -3 -21 -2 -22 -1 -21 -1 -20 -1 -20 -1 -18 0 -18 0 -17 -1 -17 -1 -16 -1 -15 -1 -14 -1 -14 -2 -13 -2 -13 -2 -12 -3 -11 -3 -11 -3 -10 -5 -10 -5 -10 -6 -10 0 0 -6 -9 -7 -9 -8 -9 -8 -8 -8 -9 -9 -9 -9 -9 -10 -9 -9 -9 -10 -8 -10 -9 -10 -9 -10 -9 -11 -9 -10 -9 -10 -9 -10 -9 -10 -9 -10 -9 -10 -8 -10 -9 -10 -9 -9 -8 -10 -8 -9 -8 -9 -8 0 0 0 0 0 0 0 0 0 0 ],1687784604.0226188
CSI_DATA,STA,08:3A:F2:A8:E0:C1,-40,11,1,6,1,1,1,1,0,0,0,-95,1,1,1,13291676,0,110,0,0,13.4804,384,[110 96 6 0 0 0 0 0 0 0 0 0 20 10 19 10 18 11 17 11 16 11 15 11 14 11 13 11 12 11 12 10 12 10 11 9 11 9 11 9 10 8 9 8 8 7 8 6 9 6 9 6 8 5 9 4 8 4 8 3 9 2 9 1 0 0 9 1 9 1 10 1 9 0 10 0 10 0 10 -1 10 -1 11 -1 11 -2 11 -2 11 -2 11 -2 12 -2 11 -2 11 -2 11 -2 11 -2 11 -1 11 -2 11 -1 11 -1 10 -2 10 -2 10 -2 9 -1 0 0 0 0 0 0 0 0 0 0 ],1687784604.029381
CSI_DATA,STA,08:3A:F2:A8:E0:C1,-40,11,1,6,1,1,1,1,0,0,0,-95,1,1,1,13301711,0,110,0,0,13.4904,384,[110 96 6 0 0 0 0 0 0 0 0 0 2 23 0 22 0 21 0 21 -1 19 -2 19 -2 18 -3 17 -3 16 -2 16 -2 15 -3 15 -2 14 -2 14 -2 13 -1 12 -2 12 -1 11 0 11 0 10 0 10 1 9 1 9 2 9 3 8 3 8 0 0 4 8 5 8 5 8 5 8 6 8 6 8 6 8 7 8 7 8 7 8 8 8 8 8 8 8 8 8 8 8 8 8 8 8 8 8 8 8 7 7 7 8 7 8 7 7 8 7 7 7 7 7 0 0 0 0 0 0 0 0 0 0 ],1687784604.039711
CSI_DATA,STA,08:3A:F2:A8:E0:C1,-40,11,1,6,1,1,1,1,0,0,0,-95,1,1,1,13311645,0,110,0,0,13.5004,384,[110 96 6 0 0 0 0 0 0 0 0 0 -23 4 -22 3 -22 2 -22 1 -21 1 -19 0 -19 -1 -18 -1 -18 -1 -17 -1 -17 -1 -16 -1 -15 -1 -14 -1 -14 0 -14 0 -12 0 -12 1 -11 0 -11 1 -10 1 -10 2 -10 3 -9 3 -9 3 -9 4 0 0 -9 5 -8 6 -8 6 -8 7 -8 7 -8 7 -8 7 -8 8 -8 8 -8 8 -8 9 -8 9 -8 9 -8 9 -8 9 -7 9 -7 9 -7 8 -8 9 -7 9 -8 8 -7 8 -7 8 -6 9 -7 8 -6 8 0 0 0 0 0 0 0 0 0 0 ],1687784604.050208
CSI_DATA,STA,08:3A:F2:A8:E0:C1,-40,11,1,6,1,1,1,1,0,0,0,-95,1,1,1,13323881,0,110,0,0,13.5131,384,[110 96 6 0 0 0 0 0 0 0 0 0 -14 -18 -13 -19 -13 -18 -12 -18 -11 -17 -10 -17 -8 -16 -8 -16 -7 -16 -7 -15 -6 -14 -6 -15 -6 -14 -7 -13 -6 -13 -6 -11 -6 -11 -6 -10 -6 -10 -6 -9 -6 -9 -7 -9 -7 -7 -7 -7 -8 -7 -8 -6 0 0 -8 -5 -8 -5 -9 -5 -9 -5 -10 -5 -10 -4 -10 -5 -10 -5 -11 -4 -11 -4 -11 -4 -12 -4 -11 -4 -12 -4 -11 -4 -12 -4 -11 -4 -11 -4 -11 -4 -11 -4 -11 -4 -11 -4 -10 -4 -10 -4 -10 -4 -10 -4 0 0 0 0 0 0 0 0 0 0 ],1687784604.064039
CSI_DATA,STA,08:3A:F2:A8:E0:C1,-39,11,1,5,1,1,1,1,0,0,0,-95,1,1,1,13333291,0,110,0,0,13.5219,384,[110 96 6 0 0 0 0 0 0 0 0 0 18 -13 18 -12 17 -11 18 -10 17 -10 16 -8 16 -8 16 -7 16 -7 14 -6 15 -7 14 -6 13 -6 12 -6 12 -6 11 -6 10 -5 9 -6 9 -5 9 -6 8 -6 7 -6 7 -6 6 -7 6 -8 6 -8 0 0 5 -9 4 -9 4 -9 4 -10 4 -10 4 -10 4 -10 3 -11 3 -11 3 -11 3 -11 2 -11 2 -11 3 -12 3 -12 2 -12 3 -12 2 -12 3 -11 2 -11 3 -11 3 -11 3 -11 1 -11 2 -10 2 -10 0 0 0 0 0 0 0 0 0 0 ],1687784604.072161
CSI_DATA,STA,08:3A:F2:A8:E0:C1,-39,11,1,5,1,1,1,1,0,0,0,-95,1,1,1,13346550,0,110,0,0,13.5353,384,[110 96 6 0 0 0 0 0 0 0 0 0 -10 -20 -9 -20 -9 -20 -8 -20 -7 -19 -6 -19 -5 -18 -4 -17 -4 -17 -4 -16 -4 -16 -3 -16 -3 -15 -4 -14 -4 -14 -4 -12 -3 -12 -4 -11 -4 -11 -4 -11 -4 -10 -5 -10 -4 -9 -6 -8 -6 -8 -6 -8 0 0 -7 -8 -7 -7 -8 -7 -8 -7 -8 -7 -9 -7 -9 -7 -9 -7 -10 -7 -10 -6 -10 -6 -10 -7 -10 -7 -10 -7 -10 -7 -10 -6 -10 -7 -10 -7 -10 -7 -10 -6 -9 -7 -10 -6 -9 -6 -10 -6 -9 -6 -9 -6 0 0 0 0 0 0 0 0 0 0 ],1687784604.085134
CSI_DATA,STA,08:3A:F2:A8:E0:C1,-40,11,1,6,1,1,1,1,0,0,0,-95,1,1,1,13353665,0,110,0,0,13.5423,384,[110 96 6 0 0 0 0 0 0 0 0 0 -17 -19 -16 -19 -15 -19 -15 -19 -14 -18 -12 -18 -10 -18 -10 -18 -9 -18 -9 -17 -9 -16 -9 -15 -9 -15 -9 -14 -8 -14 -8 -12 -7 -12 -7 -11 -8 -10 -8 -10 -8 -9 -8 -9 -8 -8 -9 -7 -9 -7 -9 -6 0 0 -10 -5 -10 -5 -11 -4 -11 -4 -12 -4 -12 -4 -12 -4 -12 -4 -13 -4 -13 -3 -13 -3 -13 -3 -13 -2 -13 -3 -13 -3 -13 -3 -13 -3 -14 -3 -13 -3 -13 -3 -13 -3 -13 -4 -12 -3 -12 -2 -12 -3 -12 -3 0 0 0 0 0 0 0 0 0 0 ],1687784604.092472
CSI_DATA,STA,08:3A:F2:A8:E0:C1,-40,11,1,6,1,1,1,1,0,0,0,-95,1,1,1,13362117,0,110,0,0,13.5509,384,[110 96 6 0 0 0 0 0 0 0 0 0 -23 -6 -21 -7 -21 -7 -20 -8 -20 -8 -18 -8 -17 -9 -16 -9 -15 -9 -15 -8 -15 -8 -14 -7 -14 -8 -13 -7 -12 -7 -12 -6 -11 -6 -11 -5 -11 -5 -10 -4 -10 -4 -10 -4 -10 -3 -10 -2 -10 -1 -10 0 0 0 -10 0 -10 1 -10 1 -10 2 -11 2 -11 2 -11 2 -11 3 -11 3 -11 3 -12 4 -12 4 -12 4 -11 4 -12 3 -12 3 -11 4 -11 3 -11 3 -11 3 -11 3 -11 3 -11 3 -10 4 -10 3 -10 3 0 0 0 0 0 0 0 0 0 0 ],1687784604.100359
CSI_DATA,STA,08:3A:F2:A8:E0:C1,-40,11,1,6,1,1,1,1,0,0,0,-95,1,1,1,13373411,0,110,0,0,13.5622,384,[110 96 6 0 0 0 0 0 0 0 0 0 -22 7 -21 5 -22 5 -20 4 -21 3 -19 2 -19 2 -18 1 -18 1 -17 1 -17 1 -16 1 -15 0 -14 1 -13 1 -14 1 -12 1 -12 2 -11 2 -11 2 -10 2 -10 2 -10 3 -9 4 -9 4 -8 5 0 0 -8 6 -7 6 -7 6 -7 8 -7 7 -7 8 -7 8 -7 8 -7 9 -7 9 -7 9 -7 9 -7 9 -7 9 -7 10 -6 9 -7 10 -7 9 -7 9 -7 9 -7 8 -7 9 -7 9 -6 8 -6 8 -5 8 0 0 0 0 0 0 0 0 0 0 ],1687784604.1114602
CSI_DATA,STA,08:3A:F2:A8:E0:C1,-40,11,1,6,1,1,1,1,0,0,0,-95,1,1,1,13381760,0,110,0,0,13.5705,384,[110 96 6 0 0 0 0 0 0 0 0 0 -6 24 -7 23 -6 22 -8 22 -7 20 -9 19 -9 19 -9 17 -9 17 -9 16 -8 15 -8 15 -7 14 -7 14 -6 13 -6 13 -6 12 -5 11 -4 11 -3 11 -3 10 -2 10 -2 10 -1 10 0 10 0 10 0 0 1 10 2 10 3 10 3 10 4 11 4 11 4 11 4 11 4 11 5 11 5 11 5 11 5 12 6 11 5 11 6 11 5 11 6 11 5 11 5 11 5 11 5 11 5 10 5 10 5 10 5 9 0 0 0 0 0 0 0 0 0 0 ],1687784604.119552
CSI_DATA,STA,08:3A:F2:A8:E0:C1,-38,11,1,4,1,1,1,1,0,0,0,-95,1,1,1,13394499,0,110,0,0,13.5832,384,[110 96 6 0 0 0 0 0 0 0 0 0 20 15 19 15 19 15 18 16 16 14 15 15 14 15 12 14 12 14 12 14 11 14 11 13 11 12 10 11 9 11 9 10 8 9 8 9 9 8 9 7 8 7 8 6 8 5 10 5 10 4 10 3 0 0 10 3 11 2 11 2 11 1 12 1 12 1 12 1 12 1 13 0 12 0 13 -1 13 0 13 0 12 0 13 0 13 -1 13 0 13 -1 12 0 12 -1 12 0 12 0 12 0 11 -1 11 0 11 0 0 0 0 0 0 0 0 0 0 0 ],1687784604.132573
CSI_DATA,STA,08:3A:F2:A8:E0:C1,-39,11,1,5,1,1,1,1,0,0,0,-95,1,1,1,13404735,0,110,0,0,13.5935,384,[110 96 6 0 0 0 0 0 0 0 0 0 -6 24 -7 23 -7 22 -8 22 -8 19 -9 19 -9 18 -9 17 -10 17 -8 15 -8 16 -7 15 -7 14 -7 13 -7 13 -7 12 -6 12 -5 11 -4 11 -4 10 -3 10 -3 10 -2 9 0 10 0 10 0 10 0 0 1 10 2 10 3 10 3 10 3 11 4 11 3 11 4 11 4 11 4 11 5 11 5 11 5 11 5 12 5 11 5 11 5 11 5 11 5 11 5 10 5 11 4 11 4 10 5 9 4 10 5 9 0 0 0 0 0 0 0 0 0 0 ],1687784604.142566
CSI_DATA,STA,08:3A:F2:A8:E0:C1,-40,11,1,6,1,1,1,1,0,0,0,-95,1,1,1,13411743,0,110,0,0,13.6004,384,[110 96 6 0 0 0 0 0 0 0 0 0 14 -18 14 -16 14 -16 14 -15 14 -14 14 -13 14 -12 14 -11 14 -11 13 -10 13 -10 12 -10 11 -9 10 -9 10 -8 9 -9 9 -8 8 -8 7 -8 7 -8 6 -8 6 -8 5 -8 4 -9 4 -9 4 -9 0 0 3 -10 2 -10 1 -10 1 -10 1 -11 1 -11 1 -11 0 -12 1 -12 0 -12 0 -12 0 -12 0 -12 0 -12 -1 -12 -1 -12 0 -13 0 -12 -1 -12 0 -12 0 -12 0 -11 0 -11 -1 -11 0 -11 0 -10 0 0 0 0 0 0 0 0 0 0 ],1687784604.149486
CSI_DATA,STA,08:3A:F2:A8:E0:C1,-40,11,1,6,1,1,1,1,0,0,0,-95,1,1,1,13421886,0,110,0,0,13.6107,384,[110 96 6 0 0 0 0 0 0 0 0 0 -21 9 -21 8 -21 8 -21 6 -19 5 -19 5 -18 4 -18 3 -17 3 -17 3 -16 3 -16 3 -15 3 -14 3 -14 3 -13 3 -12 3 -11 3 -11 3 -10 3 -9 3 -9 4 -9 4 -8 5 -8 5 -8 6 0 0 -7 7 -7 7 -7 7 -6 8 -6 8 -6 9 -6 8 -6 9 -6 9 -6 10 -6 10 -6 10 -6 10 -6 10 -6 9 -5 10 -6 10 -5 10 -5 10 -6 9 -6 10 -5 9 -5 9 -5 9 -5 9 -5 9 0 0 0 0 0 0 0 0 0 0 ],1687784604.160448
CSI_DATA,STA,08:3A:F2:A8:E0:C1,-39,11,1,5,1,1,1,1,0,0,0,-95,1,1,1,13433577,0,110,0,0,13.6225,384,[110 96 6 0 0 0 0 0 0 0 0 0 -5 24 -6 23 -5 22 -7 21 -7 21 -7 20 -8 18 -8 17 -8 17 -8 16 -7 16 -8 15 -7 14 -6 14 -6 13 -6 13 -5 12 -5 11 -4 11 -3 11 -3 10 -2 10 -2 10 0 10 0 10 0 10 0 0 1 10 2 10 3 10 3 10 3 10 3 11 4 11 4 10 4 11 5 11 5 11 5 11 5 12 5 11 5 11 5 10 5 11 5 11 5 11 5 11 4 11 4 11 4 10 5 10 4 10 4 9 0 0 0 0 0 0 0 0 0 0 ],1687784604.171366
CSI_DATA,STA,08:3A:F2:A8:E0:C1,-40,11,1,6,1,1,1,1,0,0,0,-95,1,1,1,13441814,0,110,0,0,13.6305,384,[110 96 6 0 0 0 0 0 0 0 0 0 -7 -25 -5 -25 -5 -23 -4 -23 -4 -22 -3 -22 -2 -21 -1 -20 -1 -20 -1 -18 0 -19 0 -18 -1 -17 -1 -16 -1 -15 -1 -15 -1 -14 -2 -13 -3 -12 -3 -12 -3 -12 -4 -11 -4 -11 -5 -10 -5 -10 -5 -10 0 0 -6 -10 -7 -9 -8 -9 -8 -9 -9 -9 -9 -9 -9 -9 -9 -9 -9 -9 -10 -9 -10 -9 -10 -9 -10 -9 -10 -9 -10 -9 -11 -9 -11 -9 -11 -9 -10 -9 -11 -9 -10 -9 -10 -8 -9 -9 -10 -8 -9 -8 -9 -8 0 0 0 0 0 0 0 0 0 0 ],1687784604.179934
CSI_DATA,STA,08:3A:F2:A8:E0:C1,-40,11,1,6,1,1,1,1,0,0,0,-95,1,1,1,13456089,0,110,0,0,13.6448,384,[110 96 6 0 0 0 0 0 0 0 0 0 20 -11 19 -9 20 -9 19 -7 19 -7 18 -6 18 -5 17 -5 16 -4 16 -4 15 -4 15 -4 14 -4 13 -4 12 -3 12 -4 11 -4 11 -4 10 -4 9 -4 9 -5 8 -5 8 -6 7 -6 7 -6 7 -7 0 0 6 -8 6 -8 5 -8 6 -9 5 -9 5 -10 5 -10 5 -10 5 -10 5 -11 4 -11 5 -11 5 -11 5 -11 5 -11 4 -11 5 -11 4 -11 4 -11 4 -11 5 -11 4 -10 4 -11 4 -10 4 -10 4 -9 0 0 0 0 0 0 0 0 0 0 ],1687784604.1943738
CSI_DATA,STA,08:3A:F2:A8:E0:C1,-40,11,1,6,1,1,1,1,0,0,0,-95,1,1,1,13462654,0,110,0,0,13.6513,384,[110 96 6 0 0 0 0 0 0 0 0 0 -16 16 -16 16 -16 15 -17 14 -16 13 -16 12 -15 11 -15 10 -15 9 -14 9 -14 9 -13 8 -12 8 -12 7 -11 7 -11 7 -10 7 -9 7 -9 7 -8 7 -7 7 -7 7 -6 7 -5 8 -5 8 -5 8 0 0 -4 9 -3 9 -3 9 -3 9 -2 10 -2 10 -2 10 -2 10 -2 11 -2 11 -1 11 -1 11 -1 11 -1 12 -1 11 -1 11 -1 11 -1 11 -1 11 -1 11 -1 11 -1 11 -1 10 0 10 -1 10 -1 10 0 0 0 0 0 0 0 0 0 0 ],1687784604.200822
CSI_DATA,STA,08:3A:F2:A8:E0:C1,-40,11,1,6,1,1,1,1,0,0,0,-95,1,1,1,13471850,0,110,0,0,13.6606,384,[110 96 6 0 0 0 0 0 0 0 0 0 -6 22 -7 21 -7 20 -7 19 -8 19 -8 17 -8 17 -9 15 -8 15 -8 14 -8 14 -8 13 -8 12 -7 12 -6 11 -6 12 -6 10 -5 10 -4 9 -4 9 -3 9 -2 9 -2 9 -1 9 -1 9 0 9 0 0 1 9 1 9 2 9 2 9 3 9 3 10 3 10 3 10 4 10 4 10 4 10 4 10 4 11 4 10 4 11 4 10 4 10 4 10 4 10 4 10 4 10 4 10 4 10 4 9 4 9 4 9 0 0 0 0 0 0 0 0 0 0 ],1687784604.209602
CSI_DATA,STA,08:3A:F2:A8:E0:C1,-40,11,1,6,1,1,1,1,0,0,0,-95,1,1,1,13481752,0,110,0,0,13.6705,384,[110 96 6 0 0 0 0 0 0 0 0 0 -24 -1 -23 -2 -22 -2 -22 -3 -21 -3 -20 -4 -19 -4 -18 -5 -17 -5 -16 -5 -16 -4 -15 -4 -15 -4 -14 -4 -14 -4 -13 -3 -12 -3 -12 -2 -12 -2 -11 -2 -10 -2 -10 -1 -10 0 -10 1 -10 1 -10 2 0 0 -10 3 -10 3 -10 4 -9 4 -10 5 -10 5 -10 5 -10 5 -10 6 -10 6 -10 6 -10 6 -10 6 -10 7 -10 6 -10 7 -10 7 -10 6 -10 6 -10 6 -9 6 -10 6 -10 6 -9 6 -9 5 -9 5 0 0 0 0 0 0 0 0 0 0 ],1687784604.2202592
CSI_DATA,STA,08:3A:F2:A8:E0:C1,-40,11,1,6,1,1,1,1,0,0,0,-95,1,1,1,13491791,0,110,0,0,13.6805,384,[110 96 6 0 0 0 0 0 0 0 0 0 17 -15 17 -13 17 -13 17 -11 17 -11 16 -10 16 -9 16 -8 15 -8 14 -8 14 -8 13 -7 12 -7 12 -7 11 -6 11 -7 10 -6 9 -6 9 -6 8 -6 8 -6 7 -7 7 -7 6 -8 6 -8 5 -8 0 0 5 -8 4 -9 4 -9 4 -10 3 -10 4 -11 4 -10 4 -11 3 -11 3 -12 3 -12 3 -12 3 -12 3 -12 3 -12 3 -11 3 -12 3 -12 3 -11 3 -11 3 -11 3 -11 3 -11 2 -11 2 -10 2 -10 0 0 0 0 0 0 0 0 0 0 ],1687784604.2306712
CSI_DATA,STA,08:3A:F2:A8:E0:C1,-40,11,1,6,1,1,1,1,0,0,0,-95,1,1,1,13503165,0,110,0,0,13.6919,384,[110 96 6 0 0 0 0 0 0 0 0 0 23 8 22 9 21 9 20 10 19 10 17 10 17 10 16 10 15 10 15 10 13 9 13 10 13 9 12 9 12 8 12 7 10 7 10 5 10 5 10 5 10 4 10 3 9 3 10 2 10 2 10 0 0 0 10 -1 11 -1 11 -1 10 -2 11 -2 11 -2 12 -3 12 -3 12 -3 12 -4 12 -4 12 -3 12 -3 12 -4 12 -3 12 -4 12 -4 12 -4 11 -3 11 -4 12 -3 11 -3 11 -4 11 -3 11 -3 10 -3 0 0 0 0 0 0 0 0 0 0 ],1687784604.241878
CSI_DATA,STA,08:3A:F2:A8:E0:C1,-40,11,1,6,1,1,1,1,0,0,0,-95,1,1,1,13513288,0,110,0,0,13.702,384,[110 96 6 0 0 0 0 0 0 0 0 0 0 -23 0 -22 1 -22 2 -21 2 -20 3 -19 2 -19 3 -18 2 -17 3 -16 4 -16 4 -15 3 -14 3 -14 2 -13 2 -13 2 -12 1 -12 0 -11 0 -11 -1 -11 -1 -10 -1 -10 -2 -10 -2 -10 -3 -10 0 0 -4 -10 -5 -9 -5 -9 -5 -9 -6 -9 -6 -10 -7 -10 -7 -10 -7 -10 -7 -9 -7 -10 -7 -10 -7 -10 -7 -10 -7 -10 -7 -10 -7 -10 -7 -10 -7 -10 -8 -9 -7 -10 -7 -9 -6 -9 -7 -9 -6 -9 -6 -9 0 0 0 0 0 0 0 0 0 0 ],1687784604.2523232
CSI_DATA,STA,08:3A:F2:A8:E0:C1,-40,11,1,6,1,1,1,1,0,0,0,-95,1,1,1,13524673,0,110,0,0,13.7135,384,[110 96 6 0 0 0 0 0 0 0 0 0 -23 2 -22 1 -22 0 -21 -1 -21 -1 -19 -1 -19 -2 -18 -3 -17 -3 -17 -3 -16 -2 -16 -3 -15 -2 -14 -2 -14 -2 -14 -2 -12 -1 -12 -1 -11 -1 -11 -1 -11 0 -10 0 -10 1 -10 2 -10 2 -9 3 0 0 -9 4 -9 4 -9 5 -9 5 -9 5 -9 5 -9 5 -9 6 -9 6 -9 6 -9 7 -9 7 -9 7 -9 7 -9 7 -9 7 -9 7 -9 7 -9 6 -9 6 -9 6 -9 6 -9 6 -8 6 -8 6 -8 6 0 0 0 0 0 0 0 0 0 0 ],1687784604.264423
CSI_DATA,STA,08:3A:F2:A8:E0:C1,-40,11,1,6,1,1,1,1,0,0,0,-95,1,1,1,13533103,0,110,0,0,13.7219,384,[110 96 6 0 0 0 0 0 0 0 0 0 -10 -21 -10 -21 -9 -20 -8 -20 -7 -19 -6 -19 -5 -18 -5 -18 -4 -17 -5 -17 -4 -16 -3 -15 -3 -15 -4 -14 -4 -13 -4 -13 -3 -12 -3 -11 -5 -11 -4 -11 -5 -10 -5 -9 -5 -9 -6 -9 -6 -8 -6 -8 0 0 -7 -7 -8 -7 -8 -7 -8 -7 -9 -6 -9 -7 -10 -7 -10 -7 -10 -6 -10 -6 -10 -6 -10 -6 -11 -6 -10 -6 -11 -6 -10 -6 -11 -6 -11 -6 -11 -6 -11 -6 -10 -6 -10 -6 -10 -6 -10 -5 -9 -6 -9 -6 0 0 0 0 0 0 0 0 0 0 ],1687784604.271671
CSI_DATA,STA,08:3A:F2:A8:E0:C1,-40,11,1,6,1,1,1,1,0,0,0,-95,1,1,1,13543684,0,110,0,0,13.7324,384,[110 96 6 0 0 0 0 0 0 0 0 0 21 9 19 9 19 10 18 10 18 10 15 10 15 10 14 10 13 10 13 10 12 9 12 9 12 9 11 8 10 8 10 7 9 6 9 6 9 5 9 5 9 4 9 3 9 3 9 2 9 2 9 1 0 0 9 0 10 0 9 -1 10 -2 10 -2 10 -2 10 -2 10 -2 11 -3 11 -3 11 -3 11 -3 11 -3 11 -3 11 -3 11 -3 11 -3 11 -3 11 -3 10 -3 11 -2 10 -3 10 -3 10 -3 10 -3 9 -3 0 0 0 0 0 0 0 0 0 0 ],1687784604.282474
CSI_DATA,STA,08:3A:F2:A8:E0:C1,-39,11,1,5,1,1,1,1,0,0,0,-95,1,1,1,13555513,0,110,0,0,13.7442,384,[110 96 6 0 0 0 0 0 0 0 0 0 22 -5 21 -3 21 -3 21 -2 20 -2 18 -1 18 0 17 0 17 0 16 1 15 0 15 1 14 1 13 0 13 0 12 -1 11 -1 10 -1 10 -1 10 -2 9 -2 9 -2 9 -3 9 -4 8 -4 8 -5 0 0 8 -6 7 -6 7 -7 7 -7 8 -7 7 -8 8 -8 7 -8 7 -8 7 -9 7 -9 7 -9 7 -9 7 -9 7 -9 6 -10 7 -10 7 -9 7 -9 6 -9 7 -9 7 -9 7 -9 6 -9 6 -8 6 -8 0 0 0 0 0 0 0 0 0 0 ],1687784604.294026
CSI_DATA,STA,08:3A:F2:A8:E0:C1,-40,11,1,6,1,1,1,1,0,0,0,-95,1,1,1,13562058,0,110,0,0,13.7507,384,[110 96 6 0 0 0 0 0 0 0 0 0 13 -19 14 -18 13 -16 14 -16 13 -15 13 -14 13 -13 13 -12 13 -12 12 -11 12 -11 11 -11 11 -10 10 -10 10 -10 9 -9 9 -9 8 -9 7 -8 7 -8 6 -8 6 -9 5 -9 3 -9 3 -9 3 -9 0 0 3 -10 1 -10 1 -10 1 -10 1 -11 1 -11 1 -11 0 -12 0 -12 -1 -12 -1 -12 -1 -12 -1 -12 -1 -13 -1 -12 -1 -13 -1 -12 -1 -12 -1 -12 -1 -12 -1 -12 0 -12 -1 -11 -1 -11 -1 -11 -1 -11 0 0 0 0 0 0 0 0 0 0 ],1687784604.3014169
CSI_DATA,STA,08:3A:F2:A8:E0:C1,-40,11,1,6,1,1,1,1,0,0,0,-95,1,1,1,13571936,0,110,0,0,13.7607,384,[110 96 6 0 0 0 0 0 0 0 0 0 -8 22 -8 21 -8 19 -9 19 -9 18 -9 17 -10 16 -10 14 -10 14 -9 14 -8 13 -8 13 -7 12 -7 12 -7 11 -7 11 -7 10 -6 10 -5 9 -5 9 -4 9 -3 9 -3 9 -2 9 -1 9 -1 9 0 0 0 9 1 9 1 9 1 9 2 10 2 10 2 10 3 11 2 11 3 10 4 10 4 10 4 11 4 11 4 10 4 11 4 10 3 10 3 11 3 10 3 11 2 10 3 9 4 9 3 9 3 8 0 0 0 0 0 0 0 0 0 0 ],1687784604.310476
CSI_DATA,STA,08:3A:F2:A8:E0:C1,-40,11,1,6,1,1,1,1,0,0,0,-95,1,1,1,13581703,0,110,0,0,13.7704,384,[110 96 6 0 0 0 0 0 0 0 0 0 -14 19 -14 17 -15 17 -14 15 -15 15 -14 13 -14 12 -14 12 -14 11 -14 10 -13 10 -12 9 -12 9 -11 8 -10 8 -10 9 -9 8 -9 8 -7 7 -7 7 -7 7 -6 8 -6 8 -5 8 -5 8 -4 8 0 0 -3 9 -2 9 -2 9 -2 10 -2 10 -2 10 -1 10 -1 11 -1 11 -1 11 -1 11 -1 11 0 12 0 11 -1 12 0 11 0 11 0 11 0 11 0 11 -1 11 0 10 -1 11 0 10 -1 10 0 10 0 0 0 0 0 0 0 0 0 0 ],1687784604.319968
CSI_DATA,STA,08:3A:F2:A8:E0:C1,-40,11,1,6,1,1,1,1,0,0,0,-95,1,1,1,13591933,0,110,0,0,13.7807,384,[110 96 6 0 0 0 0 0 0 0 0 0 -9 21 -11 20 -10 18 -10 18 -10 17 -11 16 -11 15 -11 14 -11 14 -10 12 -10 12 -10 12 -9 11 -9 11 -9 10 -8 10 -8 10 -7 9 -6 9 -6 9 -5 9 -4 8 -4 9 -3 9 -3 9 -2 9 0 0 -2 9 0 9 0 9 0 10 0 10 1 10 1 10 1 11 1 11 1 11 1 11 2 11 2 11 2 12 2 11 2 11 2 11 2 11 2 11 1 11 1 11 1 10 1 10 2 10 1 10 2 10 0 0 0 0 0 0 0 0 0 0 ],1687784604.330776
CSI_DATA,STA,08:3A:F2:A8:E0:C1,-40,11,1,6,1,1,1,1,0,0,0,-95,1,1,1,13601843,0,110,0,0,13.7906,384,[110 96 6 0 0 0 0 0 0 0 0 0 19 -8 19 -7 18 -6 18 -6 17 -5 16 -4 16 -3 15 -3 15 -3 14 -3 14 -3 13 -3 13 -2 12 -3 11 -2 11 -2 10 -2 9 -3 9 -3 9 -3 8 -3 8 -4 7 -4 7 -5 7 -5 7 -6 0 0 6 -6 6 -6 6 -7 6 -7 5 -8 6 -8 6 -8 5 -8 5 -9 5 -9 5 -9 5 -9 5 -9 5 -9 5 -9 5 -9 5 -9 5 -9 5 -9 5 -9 5 -9 5 -9 5 -8 5 -9 4 -8 4 -8 0 0 0 0 0 0 0 0 0 0 ],1687784604.3395588
CSI_DATA,STA,08:3A:F2:A8:E0:C1,-40,11,1,6,1,1,1,1,0,0,0,-95,1,1,1,13611777,0,110,0,0,13.8005,384,[110 96 6 0 0 0 0 0 0 0 0 0 18 14 16 13 16 14 15 14 14 14 12 13 12 13 11 13 10 13 10 12 10 12 9 12 9 11 9 10 8 10 8 9 7 8 8 7 8 7 8 7 8 6 7 5 8 5 8 4 8 4 8 3 0 0 9 2 9 2 9 1 10 1 10 1 10 1 11 1 11 0 11 0 11 0 11 -1 11 -1 11 -1 11 -1 11 -1 11 -1 11 -1 11 -1 11 -1 11 -1 11 0 11 -1 10 -1 10 -1 10 0 9 -1 0 0 0 0 0 0 0 0 0 0 ],1687784604.349441
CSI_DATA,STA,08:3A:F2:A8:E0:C1,-40,11,1,6,1,1,1,1,0,0,0,-95,1,1,1,13623137,0,110,0,0,13.8119,384,[110 96 6 0 0 0 0 0 0 0 0 0 9 -22 9 -20 9 -20 10 -19 10 -18 10 -17 10 -16 10 -15 10 -14 9 -14 10 -14 9 -13 8 -12 7 -12 7 -11 7 -11 6 -10 6 -10 4 -10 4 -10 4 -10 3 -10 3 -10 1 -10 1 -10 1 -10 0 0 0 -10 -1 -10 -1 -10 -2 -11 -2 -11 -2 -11 -2 -11 -2 -11 -3 -11 -3 -12 -4 -11 -4 -12 -4 -12 -4 -11 -4 -12 -4 -11 -3 -12 -4 -12 -3 -11 -3 -11 -3 -11 -3 -11 -3 -11 -4 -11 -3 -10 -3 -10 0 0 0 0 0 0 0 0 0 0 ],1687784604.361414
CSI_DATA,STA,08:3A:F2:A8:E0:C1,-38,11,1,4,1,1,1,1,0,0,0,-95,1,1,1,13635254,0,110,0,0,13.8241,384,[110 96 6 0 0 0 0 0 0 0 0 0 13 21 11 21 12 20 10 21 10 20 7 19 7 19 5 18 5 18 5 17 5 17 5 17 5 15 5 15 4 14 5 13 4 12 4 11 5 11 5 10 5 10 6 9 5 8 7 8 7 8 8 7 0 0 8 6 9 6 10 5 10 5 10 5 10 5 11 6 11 5 11 5 11 4 12 4 12 5 12 5 12 4 12 4 12 4 13 4 12 4 12 4 11 3 11 5 11 4 11 4 11 3 11 4 10 3 0 0 0 0 0 0 0 0 0 0 ],1687784604.373452
CSI_DATA,STA,08:3A:F2:A8:E0:C1,-39,11,1,5,1,1,1,1,0,0,0,-95,1,1,1,13645752,0,110,0,0,13.8346,384,[110 96 6 0 0 0 0 0 0 0 0 0 9 22 8 22 7 21 6 21 6 20 4 20 3 19 3 19 2 18 3 17 2 16 2 16 2 15 3 14 2 13 2 13 2 12 3 11 3 10 3 10 3 10 4 10 4 8 6 8 5 8 6 7 0 0 7 7 8 7 8 6 8 6 9 6 9 7 9 7 9 6 10 6 10 6 10 6 10 6 11 6 11 6 11 6 11 6 11 5 11 5 10 6 10 5 9 6 10 5 10 5 10 4 10 5 9 5 0 0 0 0 0 0 0 0 0 0 ],1687784604.384515
CSI_DATA,STA,08:3A:F2:A8:E0:C1,-38,11,1,4,1,1,1,1,0,0,0,-95,1,1,1,13661219,0,110,0,0,13.8501,384,[110 96 6 0 0 0 0 0 0 0 0 0 2 -26 2 -26 2 -24 3 -25 4 -22 5 -21 6 -20 6 -19 6 -19 5 -18 5 -18 5 -17 4 -17 4 -16 4 -15 4 -14 4 -13 3 -13 2 -12 2 -12 1 -12 1 -12 0 -11 -1 -11 -2 -12 -2 -11 0 0 -3 -12 -3 -11 -4 -12 -5 -10 -5 -12 -5 -12 -5 -13 -6 -12 -6 -13 -6 -11 -8 -11 -7 -12 -7 -12 -7 -12 -6 -12 -7 -12 -7 -13 -7 -12 -6 -12 -6 -11 -6 -12 -6 -12 -6 -11 -7 -11 -6 -11 -6 -10 0 0 0 0 0 0 0 0 0 0 ],1687784604.4002361
CSI_DATA,STA,08:3A:F2:A8:E0:C1,-39,11,1,5,1,1,1,1,0,0,0,-95,1,1,1,13669756,0,110,0,0,13.8584,384,[110 96 6 0 0 0 0 0 0 0 0 0 22 9 21 10 21 9 20 10 19 10 17 11 16 11 14 11 15 11 14 10 13 10 13 10 12 9 12 8 11 8 11 7 10 7 10 6 10 6 10 5 9 5 9 4 9 3 10 2 10 2 10 1 0 0 10 0 10 0 11 -1 10 -1 11 -1 11 -1 12 -1 12 -2 12 -2 12 -3 12 -3 12 -2 12 -3 12 -3 12 -3 12 -3 13 -3 12 -3 12 -3 11 -2 11 -2 11 -3 11 -2 11 -3 11 -2 10 -2 0 0 0 0 0 0 0 0 0 0 ],1687784604.408788
CSI_DATA,STA,08:3A:F2:A8:E0:C1,-40,11,1,6,1,1,1,1,0,0,0,-95,1,1,1,13676877,0,110,0,0,13.8655,384,[110 96 6 0 0 0 0 0 0 0 0 0 21 7 20 7 20 7 19 8 18 8 16 8 16 9 15 9 14 8 14 8 13 8 12 8 12 8 12 7 11 6 11 6 10 5 9 5 9 4 9 4 9 3 9 3 9 2 9 2 9 1 9 0 0 0 9 0 10 -1 9 -1 9 -2 10 -2 10 -2 10 -2 10 -3 11 -3 11 -3 11 -3 11 -3 11 -3 11 -3 11 -3 11 -3 11 -4 11 -3 10 -3 10 -3 11 -3 10 -2 10 -3 10 -3 9 -2 9 -2 0 0 0 0 0 0 0 0 0 0 ],1687784604.414876
CSI_DATA,STA,08:3A:F2:A8:E0:C1,-40,11,1,6,1,1,1,1,0,0,0,-95,1,1,1,13685434,0,110,0,0,13.874,384,[110 96 6 0 0 0 0 0 0 0 0 0 23 0 21 1 22 1 20 2 20 2 18 2 18 3 17 3 17 4 16 4 15 3 14 3 14 4 14 3 12 3 12 2 11 2 11 1 10 1 11 0 10 0 10 0 9 -1 9 -1 9 -2 9 -3 0 0 9 -4 9 -4 9 -5 9 -5 8 -5 9 -6 9 -6 8 -6 9 -7 9 -7 9 -7 9 -7 9 -7 9 -7 9 -7 9 -7 9 -8 9 -7 9 -7 8 -7 9 -7 9 -7 8 -7 8 -7 8 -7 8 -7 0 0 0 0 0 0 0 0 0 0 ],1687784604.42365
CSI_DATA,STA,08:3A:F2:A8:E0:C1,-40,11,1,6,1,1,1,1,0,0,0,-95,1,1,1,13692901,0,110,0,0,13.8817,384,[110 96 6 0 0 0 0 0 0 0 0 0 -18 15 -18 13 -18 13 -17 12 -17 11 -16 10 -16 9 -16 8 -16 8 -15 8 -14 8 -14 7 -13 7 -13 7 -12 6 -12 7 -10 6 -10 6 -9 6 -9 6 -8 6 -8 6 -7 7 -6 7 -6 7 -5 8 0 0 -5 8 -4 9 -4 9 -4 10 -4 9 -3 10 -3 10 -3 10 -3 10 -2 11 -2 11 -2 11 -2 11 -2 12 -2 11 -2 11 -2 11 -2 11 -2 11 -2 11 -2 11 -2 11 -2 10 -1 10 -1 10 -1 10 0 0 0 0 0 0 0 0 0 0 ],1687784604.431631
CSI_DATA,STA,08:3A:F2:A8:E0:C1,-39,11,1,5,1,1,1,1,0,0,0,-95,1,1,1,13705678,0,110,0,0,13.8944,384,[110 96 6 0 0 0 0 0 0 0 0 0 -16 -20 -15 -20 -15 -20 -14 -20 -13 -19 -11 -18 -10 -18 -9 -17 -9 -17 -9 -17 -8 -16 -7 -15 -8 -15 -8 -15 -8 -13 -7 -13 -7 -12 -6 -11 -7 -10 -7 -10 -7 -9 -8 -9 -8 -8 -8 -7 -9 -7 -9 -6 0 0 -10 -5 -10 -6 -11 -5 -11 -4 -11 -5 -12 -4 -12 -4 -12 -4 -12 -4 -12 -4 -13 -3 -13 -4 -14 -4 -13 -3 -13 -4 -13 -3 -13 -4 -13 -3 -13 -3 -12 -3 -12 -3 -12 -4 -12 -3 -12 -3 -11 -3 -11 -3 0 0 0 0 0 0 0 0 0 0 ],1687784604.444737
CSI_DATA,STA,08:3A:F2:A8:E0:C1,-39,11,1,5,1,1,1,1,0,0,0,-95,1,1,1,13715715,0,110,0,0,13.9043,384,[110 96 6 0 0 0 0 0 0 0 0 0 -6 -25 -5 -24 -5 -23 -4 -23 -3 -22 -2 -21 -2 -21 -1 -20 -1 -20 -1 -18 -1 -18 0 -17 -1 -17 -1 -16 -1 -15 -1 -14 -1 -13 -1 -13 -2 -12 -2 -12 -3 -12 -3 -11 -3 -10 -4 -10 -5 -10 -5 -10 0 0 -6 -10 -7 -9 -7 -9 -7 -9 -8 -9 -8 -9 -9 -10 -9 -9 -9 -10 -9 -9 -10 -9 -10 -10 -10 -10 -10 -9 -9 -9 -10 -10 -10 -10 -10 -10 -9 -9 -10 -9 -9 -9 -9 -9 -9 -9 -9 -8 -8 -9 -8 -8 0 0 0 0 0 0 0 0 0 0 ],1687784604.455146
CSI_DATA,STA,08:3A:F2:A8:E0:C1,-40,11,1,6,1,1,1,1,0,0,0,-95,1,1,1,13722852,0,110,0,0,13.9115,384,[110 96 6 0 0 0 0 0 0 0 0 0 5 24 4 24 4 22 2 23 2 21 1 21 0 20 0 19 -1 19 -1 17 -1 17 -1 16 -1 16 0 15 -1 14 -1 13 -1 13 0 12 1 12 1 11 2 11 2 10 2 9 3 9 4 9 4 9 0 0 5 9 5 9 6 9 6 8 7 9 8 8 7 8 8 9 8 8 8 8 8 9 9 9 9 9 9 9 9 9 9 9 9 9 9 8 9 8 9 8 8 9 8 9 8 8 8 8 7 8 7 8 0 0 0 0 0 0 0 0 0 0 ],1687784604.460652
CSI_DATA,STA,08:3A:F2:A8:E0:C1,-40,11,1,6,1,1,1,1,0,0,0,-95,1,1,1,13735606,0,110,0,0,13.9245,384,[110 96 6 0 0 0 0 0 0 0 0 0 0 -26 1 -25 1 -24 2 -23 2 -22 3 -21 3 -20 4 -20 4 -19 3 -18 4 -18 4 -17 3 -16 2 -16 3 -15 2 -14 2 -13 2 -13 0 -12 0 -12 0 -12 -1 -11 -1 -11 -3 -11 -3 -11 -3 -11 0 0 -4 -10 -5 -10 -5 -10 -6 -10 -6 -10 -7 -10 -7 -11 -8 -11 -7 -11 -8 -11 -8 -10 -8 -11 -8 -11 -8 -11 -8 -11 -8 -11 -8 -11 -8 -11 -8 -11 -8 -11 -8 -10 -8 -10 -8 -10 -8 -9 -7 -10 -7 -9 0 0 0 0 0 0 0 0 0 0 ],1687784604.475154
CSI_DATA,STA,08:3A:F2:A8:E0:C1,-40,11,1,6,1,1,1,1,0,0,0,-95,1,1,1,13745293,0,110,0,0,13.9339,384,[110 96 6 0 0 0 0 0 0 0 0 0 -23 3 -23 2 -22 2 -22 1 -21 0 -19 -1 -19 -1 -18 -2 -17 -2 -16 -2 -16 -1 -16 -2 -15 -2 -15 -1 -14 -2 -13 -1 -13 -1 -12 0 -11 0 -11 0 -11 0 -10 1 -10 2 -9 2 -9 3 -10 3 0 0 -9 4 -9 5 -8 6 -9 6 -9 6 -9 6 -9 6 -9 6 -9 7 -8 7 -9 7 -9 8 -9 8 -9 8 -9 8 -9 8 -9 8 -9 8 -9 7 -9 7 -8 7 -9 7 -8 7 -8 7 -8 7 -7 7 0 0 0 0 0 0 0 0 0 0 ],1687784604.484351
CSI_DATA,STA,08:3A:F2:A8:E0:C1,-40,11,1,6,1,1,1,1,0,0,0,-95,1,1,1,13752709,0,110,0,0,13.9415,384,[110 96 6 0 0 0 0 0 0 0 0 0 4 24 3 24 3 23 2 23 2 21 0 22 -1 20 -1 19 -1 19 -1 17 -2 17 -2 17 0 16 -1 15 -1 15 -1 13 0 13 0 12 1 12 1 11 2 11 2 10 2 9 4 10 3 10 4 9 0 0 5 9 6 8 7 8 7 8 7 9 8 9 8 9 8 9 8 9 8 8 9 8 9 9 9 9 9 9 9 8 9 8 9 8 9 9 9 8 9 8 8 9 8 8 8 8 8 7 8 8 8 7 0 0 0 0 0 0 0 0 0 0 ],1687784604.491276
CSI_DATA,STA,08:3A:F2:A8:E0:C1,-40,11,1,6,1,1,1,1,0,0,0,-95,1,1,1,13763254,0,110,0,0,13.952,384,[110 96 6 0 0 0 0 0 0 0 0 0 -25 -6 -24 -7 -24 -7 -23 -8 -22 -8 -20 -9 -19 -9 -18 -9 -17 -9 -17 -9 -16 -9 -15 -9 -15 -9 -15 -8 -14 -8 -13 -6 -12 -6 -12 -5 -12 -5 -12 -5 -11 -4 -11 -4 -11 -3 -11 -2 -11 -1 -11 -1 0 0 -11 0 -11 1 -11 1 -11 2 -12 2 -12 2 -13 2 -13 3 -12 3 -13 3 -13 3 -13 3 -13 3 -13 4 -13 3 -13 3 -13 4 -13 3 -13 3 -12 3 -13 3 -13 3 -12 3 -12 3 -12 2 -11 2 0 0 0 0 0 0 0 0 0 0 ],1687784604.5022662
CSI_DATA,STA,08:3A:F2:A8:E0:C1,-39,11,1,5,1,1,1,1,0,0,0,-95,1,1,1,13774242,0,110,0,0,13.963,384,[110 96 6 0 0 0 0 0 0 0 0 0 22 10 20 10 21 11 19 11 19 11 17 11 16 12 14 11 14 11 14 11 13 10 13 10 12 10 12 9 10 9 11 7 10 7 10 6 10 6 10 6 9 5 9 5 10 4 9 2 10 2 10 1 0 0 10 1 10 0 10 -1 11 -1 11 -1 11 -1 12 -1 12 -1 12 -2 12 -2 12 -3 12 -3 12 -3 12 -3 12 -3 12 -3 13 -3 12 -3 12 -2 11 -3 12 -2 11 -2 12 -2 11 -3 10 -2 10 -2 0 0 0 0 0 0 0 0 0 0 ],1687784604.5130172
CSI_DATA,STA,08:3A:F2:A8:E0:C1,-39,11,1,5,1,1,1,1,0,0,0,-95,1,1,1,13782648,0,110,0,0,13.9714,384,[110 96 6 0 0 0 0 0 0 0 0 0 -19 -18 -18 -18 -18 -18 -16 -18 -15 -17 -14 -17 -13 -17 -12 -16 -11 -16 -11 -15 -10 -15 -10 -15 -10 -14 -10 -13 -9 -13 -9 -11 -9 -11 -8 -10 -9 -9 -9 -9 -9 -8 -9 -8 -9 -7 -10 -7 -10 -6 -10 -5 0 0 -10 -4 -11 -4 -11 -3 -11 -3 -12 -3 -12 -2 -13 -3 -13 -2 -13 -2 -13 -2 -13 -2 -14 -2 -14 -2 -14 -1 -14 -2 -14 -1 -14 -2 -13 -1 -13 -1 -13 -1 -13 -1 -13 -1 -13 -1 -12 -1 -12 -2 -12 -1 0 0 0 0 0 0 0 0 0 0 ],1687784604.5221288
CSI_DATA,STA,08:3A:F2:A8:E0:C1,-39,11,1,5,1,1,1,1,0,0,0,-95,1,1,1,13792836,0,110,0,0,13.9816,384,[110 96 6 0 0 0 0 0 0 0 0 0 -12 22 -13 21 -13 20 -13 19 -13 17 -13 17 -13 16 -13 14 -13 14 -12 13 -13 13 -12 12 -11 11 -10 11 -9 11 -9 11 -9 10 -8 10 -7 9 -7 9 -6 9 -5 9 -5 9 -3 9 -3 10 -3 10 0 0 -2 10 -1 10 0 11 0 11 0 11 1 12 1 12 1 12 1 12 1 12 1 12 2 13 2 13 2 13 2 12 2 12 2 12 2 12 2 12 2 11 2 12 1 12 1 11 2 11 2 11 2 11 0 0 0 0 0 0 0 0 0 0 ],1687784604.532012
CSI_DATA,STA,08:3A:F2:A8:E0:C1,-39,11,1,5,1,1,1,1,0,0,0,-95,1,1,1,13802692,0,110,0,0,13.9914,384,[110 96 6 0 0 0 0 0 0 0 0 0 22 11 20 11 21 12 19 12 19 12 16 12 16 12 14 12 14 12 13 12 12 11 12 11 12 11 11 10 10 9 11 8 9 7 10 7 9 6 10 6 9 6 9 5 9 4 9 4 10 3 9 2 0 0 10 1 11 1 11 0 11 0 11 0 12 0 12 -1 12 -1 12 -1 12 -1 12 -2 13 -1 13 -2 12 -2 13 -2 12 -2 13 -2 12 -2 12 -1 12 -2 12 -1 12 -1 12 -1 11 -2 11 -1 11 -2 0 0 0 0 0 0 0 0 0 0 ],1687784604.541257
CSI_DATA,STA,08:3A:F2:A8:E0:C1,-38,11,1,4,1,1,1,1,0,0,0,-95,1,1,1,13813928,0,110,0,0,14.0027,384,[110 96 6 0 0 0 0 0 0 0 0 0 15 16 14 16 14 15 13 17 12 15 10 15 10 15 8 15 8 14 8 14 8 14 7 14 7 13 7 12 6 11 7 10 6 9 6 9 6 8 6 8 6 7 6 7 6 6 7 6 8 5 7 4 0 0 8 4 9 3 9 3 9 2 10 3 10 3 10 3 10 2 11 2 10 2 11 1 11 2 11 2 11 2 11 2 11 1 12 1 11 1 11 1 10 1 11 2 10 2 11 1 10 1 10 2 9 1 0 0 0 0 0 0 0 0 0 0 ],1687784604.552352
CSI_DATA,STA,08:3A:F2:A8:E0:C1,-39,11,1,5,1,1,1,1,0,0,0,-95,1,1,1,13822741,0,110,0,0,14.0115,384,[110 96 6 0 0 0 0 0 0 0 0 0 16 -16 16 -16 16 -15 16 -14 15 -13 15 -12 15 -11 14 -10 14 -10 13 -9 14 -9 13 -8 12 -8 12 -7 11 -7 10 -8 10 -7 9 -7 8 -7 7 -7 7 -7 6 -8 6 -7 5 -8 5 -8 4 -9 0 0 4 -10 3 -9 3 -10 3 -10 3 -11 2 -11 3 -11 2 -11 2 -11 2 -12 1 -12 2 -11 2 -12 2 -12 1 -12 1 -12 2 -12 2 -12 1 -11 1 -12 2 -12 1 -11 2 -11 1 -11 2 -11 1 -10 0 0 0 0 0 0 0 0 0 0 ],1687784604.5611598
CSI_DATA,STA,08:3A:F2:A8:E0:C1,-38,11,1,4,1,1,1,1,0,0,0,-95,1,1,1,13837856,0,110,0,0,14.0268,384,[110 96 6 0 0 0 0 0 0 0 0 0 2 28 0 27 1 26 -1 26 -2 24 -3 23 -3 23 -4 21 -4 21 -4 20 -4 19 -4 19 -3 17 -3 17 -3 16 -2 16 -2 14 -2 14 -1 13 0 12 0 12 1 12 1 11 3 11 3 11 4 11 0 0 5 11 6 11 7 10 7 10 7 10 8 11 8 11 8 11 8 11 9 10 9 10 9 11 9 11 9 10 10 11 10 10 10 11 9 9 9 10 9 9 9 10 9 10 9 10 9 9 8 10 8 8 0 0 0 0 0 0 0 0 0 0 ],1687784604.5767848
CSI_DATA,STA,08:3A:F2:A8:E0:C1,-38,11,1,4,1,1,1,1,0,0,0,-95,1,1,1,13846211,0,110,0,0,14.0348,384,[110 96 6 0 0 0 0 0 0 0 0 0 18 12 17 13 17 13 16 14 15 13 13 12 12 13 11 12 11 13 10 12 10 11 10 11 10 11 9 10 9 10 9 9 7 8 7 7 8 7 8 7 8 6 8 6 7 5 8 4 9 4 9 2 0 0 9 2 10 2 10 1 10 1 10 1 11 1 11 1 11 0 11 0 11 0 11 -1 11 0 11 -1 11 -1 11 0 11 -1 12 -1 11 -1 11 0 10 -1 11 0 11 0 11 0 10 -1 10 0 9 -1 0 0 0 0 0 0 0 0 0 0 ],1687784604.584002
CSI_DATA,STA,08:3A:F2:A8:E0:C1,-39,11,1,5,1,1,1,1,0,0,0,-95,1,1,1,13852903,0,110,0,0,14.0415,384,[110 96 6 0 0 0 0 0 0 0 0 0 2 24 1 24 1 23 0 23 -1 22 -1 21 -2 20 -3 19 -3 18 -2 17 -3 17 -3 16 -2 15 -2 14 -2 14 -2 14 -1 13 -1 12 0 11 0 11 0 10 1 10 1 10 2 10 3 10 3 10 0 0 4 9 5 9 5 9 6 9 6 9 7 9 7 9 7 9 7 9 7 9 8 9 8 10 8 9 8 9 8 9 8 9 8 9 8 9 8 9 7 8 8 9 7 9 7 8 8 8 7 8 7 8 0 0 0 0 0 0 0 0 0 0 ],1687784604.590372
CSI_DATA,STA,08:3A:F2:A8:E0:C1,-39,11,1,5,1,1,1,1,0,0,0,-95,1,1,1,13867381,0,110,0,0,14.0562,384,[110 96 6 0 0 0 0 0 0 0 0 0 -25 -6 -24 -7 -23 -7 -23 -8 -21 -8 -20 -8 -19 -9 -17 -9 -17 -9 -17 -9 -16 -9 -15 -8 -15 -8 -14 -8 -13 -7 -14 -6 -12 -6 -12 -5 -12 -5 -11 -4 -11 -4 -11 -3 -11 -2 -11 -2 -11 -1 -11 0 0 0 -12 1 -11 2 -11 2 -11 3 -12 3 -12 3 -12 3 -12 3 -12 4 -12 4 -12 5 -12 4 -12 4 -12 5 -12 4 -12 4 -12 4 -12 4 -12 4 -12 4 -12 4 -12 4 -12 4 -11 4 -11 4 -11 4 0 0 0 0 0 0 0 0 0 0 ],1687784604.606334
CSI_DATA,STA,08:3A:F2:A8:E0:C1,-39,11,1,5,1,1,1,1,0,0,0,-95,1,1,1,13876104,0,110,0,0,14.0647,384,[110 96 6 0 0 0 0 0 0 0 0 0 -22 -13 -21 -13 -21 -13 -20 -13 -19 -13 -17 -14 -16 -13 -15 -12 -14 -13 -14 -13 -14 -12 -13 -12 -13 -11 -12 -11 -11 -10 -12 -9 -11 -8 -11 -8 -11 -7 -10 -7 -10 -6 -10 -6 -11 -5 -11 -4 -10 -3 -11 -2 0 0 -11 -1 -11 -1 -11 0 -12 0 -12 0 -12 1 -13 1 -13 1 -13 1 -13 2 -13 2 -13 2 -13 2 -13 2 -13 2 -13 2 -14 2 -13 2 -13 2 -13 2 -13 2 -12 2 -12 2 -12 2 -12 2 -11 2 0 0 0 0 0 0 0 0 0 0 ],1687784604.615205
CSI_DATA,STA,08:3A:F2:A8:E0:C1,-38,11,1,4,1,1,1,1,0,0,0,-95,1,1,1,13884254,0,110,0,0,14.0729,384,[110 96 6 0 0 0 0 0 0 0 0 0 -1 26 -3 25 -3 23 -4 24 -4 22 -5 21 -5 20 -5 19 -6 18 -5 17 -6 18 -5 17 -5 16 -4 15 -5 14 -4 14 -4 13 -3 12 -2 12 -2 11 -2 11 -1 10 0 10 1 11 1 11 2 10 0 0 3 11 4 10 4 10 5 9 5 10 6 11 5 11 6 10 6 11 6 10 7 10 7 11 7 11 7 11 7 11 7 11 8 10 7 10 7 10 7 9 6 10 6 10 6 9 7 9 6 9 6 9 0 0 0 0 0 0 0 0 0 0 ],1687784604.6221771
CSI_DATA,STA,08:3A:F2:A8:E0:C1,-39,11,1,5,1,1,1,1,0,0,0,-95,1,1,1,13895879,0,110,0,0,14.0846,384,[110 96 6 0 0 0 0 0 0 0 0 0 21 -11 22 -10 21 -9 22 -8 20 -8 20 -6 19 -6 18 -5 18 -5 16 -4 17 -4 16 -4 15 -4 15 -4 14 -4 12 -4 12 -4 11 -5 11 -4 10 -5 10 -5 9 -5 8 -6 8 -6 8 -7 8 -8 0 0 7 -9 6 -8 6 -10 5 -9 6 -10 6 -10 6 -11 6 -11 6 -12 5 -11 5 -12 6 -11 6 -12 5 -12 5 -11 6 -12 5 -12 5 -12 5 -11 4 -11 5 -11 5 -11 5 -11 5 -11 5 -10 5 -11 0 0 0 0 0 0 0 0 0 0 ],1687784604.6347399
CSI_DATA,STA,08:3A:F2:A8:E0:C1,-39,11,1,5,1,1,1,1,0,0,0,-95,1,1,1,13902880,0,110,0,0,14.0915,384,[110 96 6 0 0 0 0 0 0 0 0 0 -7 24 -8 23 -8 22 -8 21 -9 20 -10 19 -9 18 -10 17 -10 16 -9 16 -9 16 -9 14 -8 13 -8 13 -7 12 -7 13 -6 11 -6 11 -5 11 -4 11 -4 10 -3 10 -3 10 -1 10 -1 10 -1 10 0 0 0 10 1 11 2 10 2 10 3 11 3 11 3 11 3 11 3 11 4 11 4 12 4 12 4 12 4 12 4 12 4 11 4 12 4 11 4 12 4 11 4 11 3 11 3 11 4 11 3 11 3 10 0 0 0 0 0 0 0 0 0 0 ],1687784604.640697
CSI_DATA,STA,08:3A:F2:A8:E0:C1,-38,11,1,3,1,1,1,1,0,0,0,-95,1,1,1,13915524,0,110,0,0,14.1043,384,[110 96 6 0 0 0 0 0 0 0 0 0 -14 18 -14 17 -14 17 -14 16 -14 14 -13 13 -13 12 -13 11 -13 11 -13 10 -13 10 -12 9 -12 9 -11 8 -11 8 -10 9 -9 8 -9 8 -8 7 -7 7 -7 7 -6 7 -6 7 -5 8 -5 8 -4 8 0 0 -3 9 -2 10 -2 10 -2 10 -2 10 -2 10 -2 11 -1 11 -1 11 -1 11 -1 11 -1 11 0 11 0 11 -1 12 0 11 0 12 0 11 0 11 0 10 -1 11 -1 11 -1 10 0 10 -1 10 0 9 0 0 0 0 0 0 0 0 0 0 ],1687784604.654046
CSI_DATA,STA,08:3A:F2:A8:E0:C1,-39,11,1,5,1,1,1,1,0,0,0,-95,1,1,1,13922606,0,110,0,0,14.1112,384,[110 96 6 0 0 0 0 0 0 0 0 0 -3 25 -4 23 -4 23 -5 22 -6 21 -6 20 -6 19 -6 18 -7 18 -6 17 -6 16 -7 16 -5 15 -5 14 -5 13 -5 13 -4 12 -4 12 -2 11 -2 11 -2 11 -2 10 -1 10 1 10 1 10 1 10 0 0 2 10 3 10 4 10 4 10 4 10 5 10 5 11 5 11 5 11 6 10 6 11 6 11 6 11 6 11 6 11 6 10 6 11 7 10 6 10 6 10 6 10 5 10 5 10 6 9 5 10 5 9 0 0 0 0 0 0 0 0 0 0 ],1687784604.6611688
CSI_DATA,STA,08:3A:F2:A8:E0:C1,-39,11,1,5,1,1,1,1,0,0,0,-95,1,1,1,13932822,0,110,0,0,14.1216,384,[110 96 6 0 0 0 0 0 0 0 0 0 11 -23 11 -21 11 -22 12 -20 12 -19 12 -17 12 -17 12 -16 12 -16 11 -15 12 -14 11 -14 10 -13 9 -12 9 -12 9 -12 7 -11 7 -11 5 -10 6 -10 5 -10 4 -10 4 -10 2 -11 2 -11 2 -11 0 0 0 -11 0 -12 -1 -11 -1 -12 -2 -12 -1 -13 -1 -13 -2 -13 -2 -13 -3 -13 -3 -13 -3 -13 -3 -13 -3 -13 -3 -14 -3 -13 -3 -14 -3 -13 -3 -13 -3 -13 -3 -12 -3 -13 -2 -13 -3 -12 -3 -12 -3 -11 0 0 0 0 0 0 0 0 0 0 ],1687784604.671922
CSI_DATA,STA,08:3A:F2:A8:E0:C1,-39,11,1,5,1,1,1,1,0,0,0,-95,1,1,1,13943063,0,110,0,0,14.132,384,[110 96 6 0 0 0 0 0 0 0 0 0 13 21 12 21 11 20 10 20 9 19 8 19 7 18 6 18 6 18 5 16 5 16 5 16 5 15 5 14 5 13 5 12 5 12 4 11 6 10 6 10 5 9 6 8 5 8 7 7 7 7 8 6 0 0 8 6 9 5 10 5 10 4 10 5 10 5 11 5 11 4 12 4 11 4 12 4 12 4 12 4 12 4 12 3 12 4 12 3 12 3 11 3 11 3 11 4 11 3 11 3 11 3 11 3 10 3 0 0 0 0 0 0 0 0 0 0 ],1687784604.681737
CSI_DATA,STA,08:3A:F2:A8:E0:C1,-38,11,1,4,1,1,1,1,0,0,0,-95,1,1,1,13954556,0,110,0,0,14.1433,384,[110 96 6 0 0 0 0 0 0 0 0 0 21 -9 21 -8 20 -8 21 -7 19 -6 18 -5 18 -4 17 -4 17 -3 15 -3 16 -4 15 -3 14 -3 13 -3 13 -3 12 -3 12 -3 10 -3 10 -4 9 -4 9 -4 9 -4 8 -4 7 -5 7 -6 7 -7 0 0 7 -8 6 -8 6 -8 6 -8 6 -9 6 -10 6 -10 6 -10 6 -10 5 -10 5 -11 5 -11 5 -11 5 -11 5 -11 5 -11 5 -11 5 -11 5 -10 4 -10 5 -10 5 -10 5 -10 4 -10 4 -10 4 -9 0 0 0 0 0 0 0 0 0 0 ],1687784604.692429
CSI_DATA,STA,08:3A:F2:A8:E0:C1,-38,11,1,4,1,1,1,1,0,0,0,-95,1,1,1,13970391,0,110,0,0,14.1594,384,[110 96 6 0 0 0 0 0 0 0 0 0 -20 11 -20 10 -20 9 -21 8 -19 7 -18 6 -18 5 -17 4 -17 4 -16 4 -16 4 -15 4 -15 3 -14 3 -14 3 -13 4 -12 3 -11 3 -11 3 -10 3 -10 3 -10 4 -9 4 -8 5 -8 5 -8 6 0 0 -7 7 -7 7 -7 8 -6 8 -7 8 -7 9 -7 9 -7 9 -6 9 -6 9 -6 10 -6 10 -6 10 -6 10 -6 10 -6 10 -6 11 -5 10 -6 9 -5 9 -6 9 -6 9 -6 9 -5 9 -5 8 -5 8 0 0 0 0 0 0 0 0 0 0 ],1687784604.7098181
CSI_DATA,STA,08:3A:F2:A8:E0:C1,-38,11,1,4,1,1,1,1,0,0,0,-95,1,1,1,13978388,0,110,0,0,14.167,384,[110 96 6 0 0 0 0 0 0 0 0 0 -22 -8 -20 -8 -21 -9 -20 -10 -19 -10 -17 -10 -16 -10 -15 -9 -15 -9 -14 -10 -14 -10 -13 -10 -13 -9 -12 -9 -11 -9 -12 -7 -10 -7 -11 -6 -11 -6 -10 -5 -10 -5 -10 -4 -10 -4 -10 -3 -11 -3 -10 -1 0 0 -10 -1 -11 0 -10 0 -11 1 -11 0 -11 1 -12 1 -12 1 -12 2 -12 2 -12 3 -12 2 -12 2 -12 2 -12 2 -12 3 -13 2 -11 2 -11 3 -11 2 -11 2 -11 2 -11 2 -11 2 -11 1 -10 2 0 0 0 0 0 0 0 0 0 0 ],1687784604.7180521
CSI_DATA,STA,08:3A:F2:A8:E0:C1,-38,11,1,4,1,1,1,1,0,0,0,-95,1,1,1,13987335,0,110,0,0,14.176,384,[110 96 6 0 0 0 0 0 0 0 0 0 5 22 4 20 4 21 3 21 2 20 1 18 0 18 0 17 0 17 -1 16 -1 16 -1 15 0 14 0 13 -1 13 0 13 0 11 0 11 1 10 1 10 1 10 2 9 2 9 3 8 3 9 4 8 0 0 5 8 6 8 6 7 7 7 6 8 7 7 7 8 7 8 8 7 8 7 9 7 8 8 8 8 8 7 9 7 8 7 9 8 8 6 8 7 8 6 8 7 7 7 8 7 8 6 7 6 7 6 0 0 0 0 0 0 0 0 0 0 ],1687784604.724586
CSI_DATA,STA,08:3A:F2:A8:E0:C1,-38,11,1,4,1,1,1,1,0,0,0,-95,1,1,1,13994724,0,110,0,0,14.1833,384,[110 96 6 0 0 0 0 0 0 0 0 0 -14 18 -14 17 -13 16 -15 16 -14 14 -14 14 -14 12 -13 11 -14 11 -12 10 -13 11 -12 10 -12 9 -11 9 -11 8 -10 9 -9 8 -8 8 -7 8 -7 7 -7 7 -6 7 -5 7 -4 8 -4 9 -4 9 0 0 -3 9 -2 9 -2 10 -1 10 -1 10 -1 11 -1 11 -1 10 -1 11 0 10 1 11 0 11 0 11 0 12 0 11 1 12 0 11 1 11 1 11 1 10 0 11 0 11 0 10 1 10 0 10 1 9 0 0 0 0 0 0 0 0 0 0 ],1687784604.733692
CSI_DATA,STA,08:3A:F2:A8:E0:C1,-39,11,1,5,1,1,1,1,0,0,0,-95,1,1,1,14002902,0,110,0,0,14.1916,384,[110 96 6 0 0 0 0 0 0 0 0 0 12 22 10 22 10 21 9 21 8 20 6 20 6 19 5 19 4 18 4 17 4 17 4 16 4 15 4 15 4 13 4 13 4 12 4 11 4 11 5 10 5 10 5 9 5 8 6 8 7 7 7 7 0 0 7 6 9 6 9 6 9 5 10 5 10 6 10 6 10 5 11 5 11 5 11 4 11 5 12 5 12 5 12 4 12 4 12 4 11 4 11 5 11 4 11 5 10 5 10 4 10 3 10 4 10 4 0 0 0 0 0 0 0 0 0 0 ],1687784604.7404149
CSI_DATA,STA,08:3A:F2:A8:E0:C1,-38,11,1,4,1,1,1,1,0,0,0,-95,1,1,1,14014099,0,110,0,0,14.2028,384,[110 96 6 0 0 0 0 0 0 0 0 0 22 1 21 1 22 2 20 3 20 3 17 4 18 4 16 4 16 4 15 5 15 4 15 5 13 4 13 4 12 4 13 3 11 3 11 2 10 2 10 2 10 1 10 1 9 0 9 -1 9 -1 9 -2 0 0 9 -3 9 -4 9 -4 9 -5 9 -4 10 -5 10 -5 10 -5 10 -6 10 -6 10 -7 10 -6 10 -6 10 -6 10 -6 9 -6 11 -6 9 -6 10 -6 9 -6 10 -5 9 -5 10 -5 9 -6 9 -5 8 -5 0 0 0 0 0 0 0 0 0 0 ],1687784604.753443
CSI_DATA,STA,08:3A:F2:A8:E0:C1,-39,11,1,5,1,1,1,1,0,0,0,-95,1,1,1,14027359,0,110,0,0,14.2161,384,[110 96 6 0 0 0 0 0 0 0 0 0 16 -15 17 -14 16 -13 17 -12 16 -11 16 -11 15 -10 15 -9 15 -9 13 -8 14 -8 13 -8 12 -7 12 -6 11 -7 11 -6 10 -6 9 -6 8 -6 8 -6 7 -6 7 -7 6 -7 6 -7 6 -8 5 -8 0 0 5 -9 4 -9 4 -9 4 -9 4 -10 3 -10 4 -11 3 -11 3 -11 2 -11 3 -11 3 -11 3 -11 3 -12 3 -11 3 -12 3 -11 3 -11 3 -11 2 -11 3 -11 3 -11 2 -10 2 -11 2 -10 2 -10 0 0 0 0 0 0 0 0 0 0 ],1687784604.7661288
CSI_DATA,STA,08:3A:F2:A8:E0:C1,-39,11,1,5,1,1,1,1,0,0,0,-95,1,1,1,14034265,0,110,0,0,14.223,384,[110 96 6 0 0 0 0 0 0 0 0 0 -22 14 -21 12 -21 12 -21 10 -21 10 -19 8 -19 8 -18 7 -18 7 -18 6 -17 6 -17 5 -15 5 -15 5 -14 4 -14 5 -13 5 -12 5 -11 5 -11 6 -10 5 -9 6 -9 6 -8 7 -8 7 -7 8 0 0 -7 8 -6 9 -5 9 -5 10 -5 10 -5 10 -6 11 -5 11 -5 11 -5 12 -4 12 -5 12 -5 12 -5 12 -4 12 -4 12 -4 12 -4 11 -4 11 -4 11 -4 11 -5 11 -5 11 -4 11 -4 10 -4 10 0 0 0 0 0 0 0 0 0 0 ],1687784604.772492
CSI_DATA,STA,08:3A:F2:A8:E0:C1,-39,11,1,5,1,1,1,1,0,0,0,-95,1,1,1,14043102,0,110,0,0,14.232,384,[110 96 6 0 0 0 0 0 0 0 0 0 19 10 18 10 18 11 17 11 16 11 15 11 14 11 13 10 12 11 12 10 12 10 11 10 10 9 10 9 9 8 10 7 9 6 8 6 9 5 9 5 8 5 8 4 8 4 8 2 8 2 9 1 0 0 9 0 9 0 9 -1 9 -1 10 -1 10 -1 11 -1 10 -2 11 -2 11 -2 11 -3 11 -2 11 -3 11 -3 11 -3 11 -3 11 -3 10 -3 11 -3 10 -3 10 -2 10 -3 10 -3 10 -3 10 -2 9 -3 0 0 0 0 0 0 0 0 0 0 ],1687784604.78191
CSI_DATA,STA,08:3A:F2:A8:E0:C1,-38,11,1,4,1,1,1,1,0,0,0,-95,1,1,1,14054253,0,110,0,0,14.243,384,[110 96 6 0 0 0 0 0 0 0 0 0 -25 8 -24 6 -24 6 -24 5 -23 4 -21 3 -21 2 -20 2 -20 1 -19 1 -19 1 -18 1 -17 1 -16 1 -15 0 -15 2 -14 2 -13 1 -13 2 -12 2 -12 2 -11 3 -10 3 -10 4 -10 5 -10 6 0 0 -10 7 -9 7 -9 8 -8 8 -9 8 -9 9 -9 9 -9 9 -9 9 -8 10 -8 11 -9 10 -9 10 -8 11 -9 10 -8 10 -9 11 -8 10 -8 10 -8 9 -8 9 -8 9 -8 9 -7 10 -8 9 -7 8 0 0 0 0 0 0 0 0 0 0 ],1687784604.793308
CSI_DATA,STA,08:3A:F2:A8:E0:C1,-39,11,1,5,1,1,1,1,0,0,0,-95,1,1,1,14062844,0,110,0,0,14.2516,384,[110 96 6 0 0 0 0 0 0 0 0 0 -9 24 -9 22 -10 21 -11 21 -11 20 -11 18 -11 17 -11 16 -12 16 -11 15 -10 14 -10 14 -10 13 -9 12 -8 11 -8 12 -8 10 -7 10 -6 9 -6 10 -5 9 -5 9 -4 10 -2 9 -3 10 -2 10 0 0 -2 10 0 11 0 11 0 11 1 11 1 11 1 12 1 11 1 12 2 12 2 12 2 12 2 12 2 12 1 13 2 12 2 12 2 11 1 12 2 12 1 12 1 12 1 12 2 11 1 11 2 10 0 0 0 0 0 0 0 0 0 0 ],1687784604.801653
CSI_DATA,STA,08:3A:F2:A8:E0:C1,-39,11,1,5,1,1,1,1,0,0,0,-95,1,1,1,14072784,0,110,0,0,14.2615,384,[110 96 6 0 0 0 0 0 0 0 0 0 -20 -17 -19 -17 -18 -17 -17 -17 -16 -16 -14 -17 -13 -16 -12 -16 -12 -16 -12 -15 -11 -14 -10 -15 -10 -14 -10 -13 -10 -12 -10 -11 -9 -11 -8 -10 -9 -9 -9 -9 -9 -8 -9 -8 -9 -6 -10 -6 -10 -6 -10 -5 0 0 -11 -4 -11 -3 -11 -3 -11 -2 -12 -3 -12 -2 -13 -3 -13 -2 -13 -2 -13 -2 -13 -1 -14 -2 -14 -1 -13 -1 -14 -2 -13 -1 -13 -1 -13 -2 -13 -2 -13 -1 -13 -2 -13 -2 -12 -1 -12 -1 -12 -1 -12 -1 0 0 0 0 0 0 0 0 0 0 ],1687784604.811455
CSI_DATA,STA,08:3A:F2:A8:E0:C1,-39,11,1,5,1,1,1,1,0,0,0,-95,1,1,1,14084448,0,110,0,0,14.2732,384,[110 96 6 0 0 0 0 0 0 0 0 0 -25 4 -24 3 -24 3 -23 1 -23 1 -21 0 -20 0 -20 -1 -20 -1 -19 -1 -18 -1 -17 -1 -16 -2 -16 -1 -15 -1 -15 0 -14 0 -13 1 -12 1 -12 1 -11 1 -11 2 -11 3 -10 3 -10 4 -10 5 0 0 -9 6 -9 6 -8 7 -8 7 -9 7 -9 8 -9 8 -9 8 -9 9 -9 9 -9 9 -9 9 -9 10 -8 10 -9 10 -8 10 -8 10 -8 9 -8 9 -8 9 -8 9 -8 9 -8 9 -7 9 -7 8 -7 8 0 0 0 0 0 0 0 0 0 0 ],1687784604.8231838
CSI_DATA,STA,08:3A:F2:A8:E0:C1,-38,11,1,4,1,1,1,1,0,0,0,-95,1,1,1,14094430,0,110,0,0,14.2832,384,[110 96 6 0 0 0 0 0 0 0 0 0 17 -15 17 -13 17 -14 17 -12 17 -12 16 -10 16 -10 15 -9 15 -9 15 -8 15 -8 14 -8 13 -7 12 -6 11 -6 11 -7 10 -6 10 -7 8 -6 8 -7 8 -7 7 -7 7 -7 5 -8 6 -8 5 -8 0 0 4 -9 4 -10 3 -10 3 -10 3 -10 3 -11 3 -11 2 -11 2 -11 2 -12 2 -12 2 -12 2 -12 2 -12 2 -12 1 -12 2 -13 1 -12 1 -12 1 -11 2 -12 2 -11 2 -11 1 -12 2 -11 1 -10 0 0 0 0 0 0 0 0 0 0 ],1687784604.832431
CSI_DATA,STA,08:3A:F2:A8:E0:C1,-39,11,1,5,1,1,1,1,0,0,0,-95,1,1,1,14102703,0,110,0,0,14.2914,384,[110 96 6 0 0 0 0 0 0 0 0 0 -22 8 -21 7 -21 6 -21 5 -20 4 -19 4 -18 3 -17 2 -17 2 -16 2 -16 2 -16 2 -15 2 -14 2 -13 1 -13 2 -12 2 -11 2 -11 2 -10 3 -10 3 -10 3 -9 4 -9 4 -8 5 -8 5 0 0 -8 6 -7 7 -7 7 -7 8 -7 8 -7 8 -7 8 -7 8 -7 9 -6 9 -6 9 -6 10 -6 10 -6 10 -7 9 -6 10 -6 10 -6 9 -6 9 -6 9 -6 9 -6 9 -6 9 -5 9 -5 9 -5 8 0 0 0 0 0 0 0 0 0 0 ],1687784604.8403652
CSI_DATA,STA,08:3A:F2:A8:E0:C1,-39,11,1,5,1,1,1,1,0,0,0,-95,1,1,1,14112774,0,110,0,0,14.3015,384,[110 96 6 0 0 0 0 0 0 0 0 0 9 -24 10 -23 9 -21 11 -21 11 -19 11 -19 11 -17 11 -16 11 -16 10 -15 10 -15 10 -14 9 -13 8 -13 8 -13 7 -12 7 -12 6 -11 5 -11 5 -11 5 -10 4 -10 4 -10 2 -10 2 -11 1 -11 0 0 0 -11 0 -11 -1 -12 -1 -12 -1 -12 -2 -13 -1 -13 -2 -13 -2 -13 -3 -13 -4 -13 -3 -13 -3 -13 -3 -14 -3 -13 -4 -13 -3 -13 -4 -13 -3 -13 -3 -13 -2 -13 -2 -13 -2 -12 -3 -12 -3 -12 -3 -11 0 0 0 0 0 0 0 0 0 0 ],1687784604.852988
CSI_DATA,STA,08:3A:F2:A8:E0:C1,-39,11,1,5,1,1,1,1,0,0,0,-95,1,1,1,14123176,0,110,0,0,14.3119,384,[110 96 6 0 0 0 0 0 0 0 0 0 19 10 18 11 18 11 17 12 16 11 14 11 13 11 13 11 12 11 11 11 11 11 11 11 10 10 10 9 9 9 9 8 8 7 8 7 9 6 8 6 8 5 8 4 8 4 9 3 9 3 8 2 0 0 9 1 9 1 10 1 10 0 10 0 10 0 11 0 10 -1 11 -1 11 -1 11 -1 11 -1 11 -1 11 -1 11 -1 11 -1 11 -2 11 -2 11 -1 11 -1 11 -1 10 -1 10 -1 10 -1 10 -1 9 -1 0 0 0 0 0 0 0 0 0 0 ],1687784604.861372
CSI_DATA,STA,08:3A:F2:A8:E0:C1,-39,11,1,5,1,1,1,1,0,0,0,-95,1,1,1,14132810,0,110,0,0,14.3215,384,[110 96 6 0 0 0 0 0 0 0 0 0 3 22 2 21 2 21 1 21 1 19 0 19 -1 18 -1 17 -2 17 -1 16 -2 16 -2 15 -1 14 -1 13 -1 12 -1 12 -1 12 -1 10 1 10 1 10 1 10 1 9 2 8 3 9 3 8 3 8 0 0 4 8 5 8 5 8 6 7 6 8 6 8 7 8 7 8 7 8 7 7 8 7 7 8 8 8 8 8 8 8 8 7 8 8 8 8 8 7 8 7 7 8 7 8 7 7 7 7 7 7 7 6 0 0 0 0 0 0 0 0 0 0 ],1687784604.8706748
CSI_DATA,STA,08:3A:F2:A8:E0:C1,-38,11,1,4,1,1,1,1,0,0,0,-95,1,1,1,14144862,0,110,0,0,14.3337,384,[110 96 6 0 0 0 0 0 0 0 0 0 5 -23 5 -22 5 -21 6 -20 6 -20 7 -18 7 -17 7 -16 7 -16 7 -15 7 -15 7 -14 6 -13 6 -13 6 -12 5 -13 5 -11 4 -11 3 -11 3 -10 2 -10 2 -10 2 -10 0 -10 0 -10 0 -10 0 0 -1 -10 -2 -10 -3 -10 -3 -10 -3 -10 -4 -11 -4 -11 -4 -11 -4 -11 -5 -11 -5 -11 -4 -12 -4 -11 -5 -11 -4 -12 -5 -11 -5 -12 -5 -11 -5 -11 -5 -11 -4 -11 -4 -11 -4 -11 -5 -10 -4 -10 -4 -9 0 0 0 0 0 0 0 0 0 0 ],1687784604.8834019
CSI_DATA,STA,08:3A:F2:A8:E0:C1,-39,11,1,5,1,1,1,1,0,0,0,-95,1,1,1,14153016,0,110,0,0,14.3418,384,[110 96 6 0 0 0 0 0 0 0 0 0 -19 13 -19 12 -18 12 -18 11 -18 9 -17 8 -17 7 -16 7 -16 7 -16 6 -16 6 -15 6 -14 5 -13 5 -12 5 -12 5 -11 5 -11 5 -9 5 -9 5 -9 5 -8 5 -8 6 -7 6 -7 7 -6 7 0 0 -6 8 -5 8 -5 9 -5 9 -5 9 -4 10 -5 10 -4 10 -4 10 -4 10 -4 11 -4 11 -4 11 -3 11 -4 11 -3 10 -4 11 -3 10 -3 10 -3 10 -3 10 -4 10 -4 10 -3 10 -3 9 -3 9 0 0 0 0 0 0 0 0 0 0 ],1687784604.891365
CSI_DATA,STA,08:3A:F2:A8:E0:C1,-39,11,1,5,1,1,1,1,0,0,0,-95,1,1,1,14163385,0,110,0,0,14.3521,384,[110 96 6 0 0 0 0 0 0 0 0 0 -17 -21 -15 -20 -16 -20 -14 -19 -13 -19 -11 -19 -10 -19 -9 -18 -9 -18 -9 -17 -8 -17 -8 -16 -8 -15 -8 -15 -7 -14 -8 -13 -7 -12 -7 -12 -8 -10 -8 -10 -7 -9 -8 -9 -8 -8 -9 -7 -9 -7 -9 -7 0 0 -10 -6 -10 -5 -11 -5 -11 -4 -11 -5 -12 -5 -12 -5 -12 -5 -12 -5 -13 -4 -13 -4 -13 -4 -13 -4 -13 -4 -13 -4 -13 -3 -14 -4 -13 -4 -13 -4 -12 -4 -12 -4 -12 -4 -12 -4 -12 -3 -12 -4 -11 -3 0 0 0 0 0 0 0 0 0 0 ],1687784604.9017432
CSI_DATA,STA,08:3A:F2:A8:E0:C1,-38,11,1,4,1,1,1,1,0,0,0,-95,1,1,1,14174241,0,110,0,0,14.363,384,[110 96 6 0 0 0 0 0 0 0 0 0 -26 4 -24 3 -25 3 -25 1 -24 1 -21 -1 -22 -1 -20 -2 -20 -2 -19 -2 -19 -2 -18 -2 -17 -3 -16 -2 -15 -2 -16 0 -14 -1 -14 0 -13 -1 -12 0 -12 0 -12 1 -12 1 -11 2 -11 3 -11 4 0 0 -11 5 -10 6 -10 6 -10 7 -11 7 -10 7 -11 7 -11 7 -11 8 -11 8 -10 9 -11 8 -11 8 -10 8 -11 9 -10 9 -11 9 -10 8 -10 8 -10 8 -10 7 -10 7 -10 8 -10 8 -10 7 -9 7 0 0 0 0 0 0 0 0 0 0 ],1687784604.91237
CSI_DATA,STA,08:3A:F2:A8:E0:C1,-39,11,1,5,1,1,1,1,0,0,0,-95,1,1,1,14182819,0,110,0,0,14.3716,384,[110 96 6 0 0 0 0 0 0 0 0 0 0 25 -2 24 -2 23 -3 23 -4 21 -4 21 -4 19 -5 19 -5 18 -5 17 -5 17 -5 16 -4 15 -4 15 -4 14 -4 14 -3 13 -3 12 -2 12 -1 11 -1 10 -1 10 0 10 1 10 1 10 2 10 0 0 3 10 4 10 4 10 4 10 5 9 5 10 5 10 6 10 6 10 6 10 7 10 7 10 7 10 7 10 6 11 7 10 7 10 7 10 7 10 6 10 6 10 6 10 6 9 6 9 6 9 6 8 0 0 0 0 0 0 0 0 0 0 ],1687784604.921228
CSI_DATA,STA,08:3A:F2:A8:E0:C1,-38,11,1,4,1,1,1,1,0,0,0,-95,1,1,1,14196467,0,110,0,0,14.3852,384,[110 96 6 0 0 0 0 0 0 0 0 0 -26 -6 -24 -7 -25 -7 -24 -8 -23 -8 -20 -8 -20 -9 -18 -8 -18 -9 -17 -9 -16 -9 -16 -9 -16 -9 -15 -8 -14 -8 -15 -6 -13 -6 -12 -5 -12 -5 -12 -4 -12 -4 -12 -3 -11 -3 -11 -2 -12 -1 -11 0 0 0 -12 1 -12 2 -12 2 -12 3 -13 2 -13 3 -13 3 -12 3 -13 4 -13 4 -13 5 -13 4 -13 4 -13 5 -13 4 -13 5 -14 5 -12 5 -12 5 -12 5 -12 4 -12 4 -12 4 -12 4 -12 3 -11 3 0 0 0 0 0 0 0 0 0 0 ],1687784604.934867
CSI_DATA,STA,08:3A:F2:A8:E0:C1,-38,11,1,4,1,1,1,1,0,0,0,-95,1,1,1,14203323,0,110,0,0,14.3919,384,[110 96 6 0 0 0 0 0 0 0 0 0 -8 -26 -7 -25 -7 -24 -5 -25 -4 -23 -3 -22 -3 -21 -2 -21 -1 -20 -2 -19 -1 -19 -1 -19 -1 -17 -2 -17 -2 -16 -1 -15 -1 -14 -2 -13 -3 -13 -3 -12 -4 -12 -4 -12 -4 -11 -5 -11 -5 -11 -6 -10 0 0 -7 -10 -8 -10 -8 -10 -9 -9 -9 -10 -10 -10 -10 -10 -10 -9 -10 -9 -10 -9 -11 -9 -11 -9 -11 -10 -11 -9 -11 -10 -11 -9 -11 -10 -11 -9 -11 -9 -11 -8 -10 -9 -10 -9 -10 -9 -10 -8 -9 -9 -10 -8 0 0 0 0 0 0 0 0 0 0 ],1687784604.941536
CSI_DATA,STA,08:3A:F2:A8:E0:C1,-38,11,1,4,1,1,1,1,0,0,0,-95,1,1,1,14212963,0,110,0,0,14.4017,384,[110 96 6 0 0 0 0 0 0 0 0 0 -2 26 -2 25 -2 24 -4 24 -4 22 -5 21 -6 20 -6 19 -6 19 -5 17 -6 18 -6 17 -5 15 -4 15 -5 14 -4 14 -4 13 -4 12 -2 12 -2 11 -2 11 -1 11 0 10 1 10 1 11 2 10 0 0 3 10 3 10 4 10 5 10 5 11 5 11 6 11 6 11 6 11 7 10 7 10 7 11 7 11 7 11 7 11 7 11 7 11 8 10 7 10 7 10 6 11 6 11 6 10 6 10 6 10 6 9 0 0 0 0 0 0 0 0 0 0 ],1687784604.952262
CSI_DATA,STA,08:3A:F2:A8:E0:C1,-38,11,1,4,1,1,1,1,0,0,0,-95,1,1,1,14222806,0,110,0,0,14.4115,384,[110 96 6 0 0 0 0 0 0 0 0 0 14 22 12 21 13 21 11 21 10 20 8 20 8 19 6 18 6 18 5 18 5 18 5 17 5 16 5 15 4 14 5 14 4 12 4 12 5 10 5 10 5 10 6 9 5 9 6 8 7 8 7 7 0 0 8 7 9 6 9 6 10 6 10 6 11 6 11 6 11 6 11 6 11 5 12 5 11 6 12 6 11 6 12 6 12 5 13 6 11 5 12 5 11 5 11 6 10 6 11 6 11 5 10 6 9 5 0 0 0 0 0 0 0 0 0 0 ],1687784604.960546
CSI_DATA,STA,08:3A:F2:A8:E0:C1,-38,11,1,4,1,1,1,1,0,0,0,-95,1,1,1,14232734,0,110,0,0,14.4215,384,[110 96 6 0 0 0 0 0 0 0 0 0 13 22 12 22 12 20 10 22 9 19 8 21 6 20 5 18 5 18 5 17 5 17 5 17 5 16 5 15 4 14 4 13 4 13 3 11 5 11 5 10 5 10 5 9 5 8 7 8 7 8 8 7 0 0 8 7 9 6 10 7 9 5 10 6 11 6 11 7 11 6 11 6 11 5 12 4 12 5 12 6 12 5 11 5 12 5 12 5 12 5 11 5 11 5 11 6 11 6 11 5 11 4 10 5 10 4 0 0 0 0 0 0 0 0 0 0 ],1687784604.971353
CSI_DATA,STA,08:3A:F2:A8:E0:C1,-38,11,1,4,1,1,1,1,0,0,0,-95,1,1,1,14242706,0,110,0,0,14.4315,384,[110 96 6 0 0 0 0 0 0 0 0 0 -21 16 -21 14 -21 14 -21 12 -20 11 -19 10 -19 9 -18 8 -19 8 -17 7 -17 8 -17 7 -16 6 -15 6 -14 6 -14 7 -13 6 -12 6 -10 6 -10 6 -10 5 -9 6 -9 7 -8 8 -8 8 -7 9 0 0 -7 10 -6 10 -5 10 -5 11 -5 10 -5 11 -5 12 -4 12 -5 12 -4 12 -3 13 -4 13 -4 13 -4 13 -4 13 -3 13 -4 13 -3 12 -4 12 -3 12 -4 12 -4 12 -4 12 -3 12 -4 11 -3 10 0 0 0 0 0 0 0 0 0 0 ],1687784604.981637
CSI_DATA,STA,08:3A:F2:A8:E0:C1,-38,11,1,4,1,1,1,1,0,0,0,-95,1,1,1,14252965,0,110,0,0,14.4419,384,[110 96 6 0 0 0 0 0 0 0 0 0 -20 -12 -19 -12 -19 -12 -19 -13 -17 -12 -15 -13 -14 -13 -13 -12 -13 -12 -12 -12 -12 -12 -12 -12 -11 -11 -11 -11 -10 -10 -10 -9 -9 -9 -9 -8 -10 -8 -9 -7 -9 -6 -9 -6 -9 -5 -10 -5 -10 -4 -10 -3 0 0 -10 -2 -10 -2 -11 -2 -11 -1 -12 -1 -12 -1 -12 -1 -12 0 -12 0 -12 0 -12 1 -13 0 -12 0 -12 1 -12 0 -13 0 -13 1 -12 1 -12 0 -12 1 -12 0 -12 0 -12 0 -11 1 -11 0 -11 0 0 0 0 0 0 0 0 0 0 0 ],1687784604.991362
CSI_DATA,STA,08:3A:F2:A8:E0:C1,-38,11,1,4,1,1,1,1,0,0,0,-95,1,1,1,14262993,0,110,0,0,14.4517,384,[110 96 6 0 0 0 0 0 0 0 0 0 -23 -6 -22 -6 -22 -7 -21 -8 -20 -8 -18 -8 -17 -9 -16 -8 -15 -9 -15 -8 -15 -8 -15 -7 -14 -7 -14 -7 -13 -7 -13 -6 -11 -6 -11 -5 -11 -5 -11 -4 -10 -4 -11 -3 -10 -2 -10 -1 -11 -1 -10 0 0 0 -11 1 -10 2 -10 2 -11 3 -11 2 -11 3 -12 3 -11 3 -11 4 -11 4 -11 5 -12 4 -12 5 -11 5 -11 4 -11 5 -12 5 -11 5 -11 4 -11 4 -11 4 -11 4 -11 4 -10 5 -10 4 -10 4 0 0 0 0 0 0 0 0 0 0 ],1687784605.002141
CSI_DATA,STA,08:3A:F2:A8:E0:C1,-38,11,1,4,1,1,1,1,0,0,0,-95,1,1,1,14276210,0,110,0,0,14.465,384,[110 96 6 0 0 0 0 0 0 0 0 0 24 -8 23 -7 23 -7 23 -5 22 -5 20 -3 20 -3 18 -2 19 -2 18 -2 18 -2 17 -2 16 -1 16 -2 14 -1 15 -2 13 -2 12 -2 11 -3 11 -3 10 -3 11 -4 10 -4 9 -5 10 -6 9 -6 0 0 9 -8 8 -8 8 -8 8 -9 8 -9 8 -10 9 -10 8 -10 8 -11 8 -11 7 -11 8 -11 8 -11 8 -11 8 -11 7 -11 8 -12 7 -11 7 -11 7 -11 7 -10 7 -10 7 -11 6 -11 7 -10 6 -10 0 0 0 0 0 0 0 0 0 0 ],1687784605.014395
CSI_DATA,STA,08:3A:F2:A8:E0:C1,-38,11,1,4,1,1,1,1,0,0,0,-95,1,1,1,14283006,0,110,0,0,14.4716,384,[110 96 6 0 0 0 0 0 0 0 0 0 -3 22 -3 22 -3 21 -5 21 -5 19 -5 18 -6 18 -6 16 -6 16 -6 15 -6 15 -6 15 -5 14 -5 13 -5 12 -4 12 -4 12 -4 10 -2 10 -2 10 -2 9 -1 9 -1 9 0 9 0 10 1 9 0 0 2 9 3 9 4 9 4 9 4 10 4 9 4 10 5 9 5 10 5 9 6 9 6 10 6 10 6 10 6 10 6 9 6 10 6 9 6 9 6 9 5 9 5 9 5 9 6 8 5 9 5 8 0 0 0 0 0 0 0 0 0 0 ],1687784605.020381
CSI_DATA,STA,08:3A:F2:A8:E0:C1,-38,11,1,4,1,1,1,1,0,0,0,-95,1,1,1,14294228,0,110,0,0,14.483,384,[110 96 6 0 0 0 0 0 0 0 0 0 1 25 0 24 1 24 -1 24 -2 22 -2 21 -3 21 -3 19 -4 19 -3 17 -4 18 -4 17 -3 16 -3 15 -3 15 -3 14 -2 13 -2 12 -1 12 0 11 0 11 1 11 0 10 2 10 3 11 3 10 0 0 4 10 5 10 5 10 6 9 6 10 7 10 7 10 7 10 8 10 7 9 8 9 8 10 8 10 8 10 8 10 8 10 8 10 8 9 8 9 8 9 7 10 7 9 7 9 7 9 7 9 7 8 0 0 0 0 0 0 0 0 0 0 ],1687784605.0323598
CSI_DATA,STA,08:3A:F2:A8:E0:C1,-38,11,1,4,1,1,1,1,0,0,0,-95,1,1,1,14307253,0,110,0,0,14.496,384,[110 96 6 0 0 0 0 0 0 0 0 0 8 -25 9 -24 9 -22 10 -22 10 -20 11 -19 11 -18 11 -17 11 -17 9 -15 10 -16 9 -15 9 -14 8 -14 8 -13 7 -13 7 -12 6 -11 5 -12 5 -11 5 -11 4 -11 3 -10 2 -11 2 -12 1 -12 0 0 0 -12 -1 -12 -1 -12 -2 -12 -2 -13 -2 -13 -2 -13 -3 -13 -2 -14 -3 -13 -4 -13 -3 -13 -3 -14 -3 -14 -3 -13 -3 -13 -3 -14 -4 -13 -3 -13 -3 -13 -2 -13 -2 -13 -3 -12 -4 -12 -3 -12 -3 -11 0 0 0 0 0 0 0 0 0 0 ],1687784605.046301
CSI_DATA,STA,08:3A:F2:A8:E0:C1,-38,11,1,4,1,1,1,1,0,0,0,-95,1,1,1,14314095,0,110,0,0,14.5027,384,[110 96 6 0 0 0 0 0 0 0 0 0 -23 5 -22 3 -22 3 -22 2 -21 2 -19 1 -19 0 -18 0 -17 -1 -17 -1 -17 -1 -16 -1 -15 -1 -15 -1 -14 -1 -14 0 -12 0 -12 1 -11 0 -11 1 -11 1 -11 1 -10 2 -9 3 -10 4 -9 4 0 0 -9 5 -9 6 -8 6 -8 7 -9 6 -9 7 -9 7 -9 7 -8 8 -8 8 -8 9 -8 8 -8 9 -8 9 -8 9 -8 9 -9 9 -7 9 -7 8 -7 8 -8 8 -8 8 -8 8 -7 8 -7 7 -7 7 0 0 0 0 0 0 0 0 0 0 ],1687784605.052779
CSI_DATA,STA,08:3A:F2:A8:E0:C1,-38,11,1,4,1,1,1,1,0,0,0,-95,1,1,1,14322953,0,110,0,0,14.5117,384,[110 96 6 0 0 0 0 0 0 0 0 0 -18 14 -18 13 -18 13 -19 12 -18 10 -17 9 -17 8 -16 7 -16 7 -15 7 -15 7 -15 6 -14 6 -13 6 -12 5 -12 6 -11 5 -10 5 -10 5 -9 5 -9 5 -8 6 -8 6 -7 7 -7 7 -6 8 0 0 -6 8 -4 9 -4 9 -4 9 -5 10 -4 10 -4 10 -4 10 -4 11 -3 10 -3 11 -3 11 -3 11 -3 11 -3 11 -2 11 -3 12 -3 11 -3 11 -2 10 -3 10 -3 10 -4 10 -2 10 -3 10 -2 9 0 0 0 0 0 0 0 0 0 0 ],1687784605.0614731
CSI_DATA,STA,08:3A:F2:A8:E0:C1,-38,11,1,4,1,1,1,1,0,0,0,-95,1,1,1,14332649,0,110,0,0,14.5214,384,[110 96 6 0 0 0 0 0 0 0 0 0 -23 2 -22 2 -23 2 -22 1 -22 0 -19 -1 -19 -1 -18 -1 -18 -2 -17 -2 -17 -2 -16 -2 -16 -2 -15 -2 -14 -2 -14 0 -12 0 -12 0 -11 0 -11 0 -11 0 -10 1 -10 1 -10 2 -10 3 -9 3 0 0 -9 5 -9 5 -8 5 -9 6 -9 6 -9 6 -9 7 -9 7 -9 8 -9 8 -9 8 -9 8 -9 8 -8 8 -9 8 -8 8 -9 9 -8 8 -8 8 -8 8 -8 7 -8 8 -9 8 -8 8 -8 7 -7 7 0 0 0 0 0 0 0 0 0 0 ],1687784605.070904
CSI_DATA,STA,08:3A:F2:A8:E0:C1,-38,11,1,4,1,1,1,1,0,0,0,-95,1,1,1,14346920,0,110,0,0,14.5368,384,[110 96 6 0 0 0 0 0 0 0 0 0 10 -20 10 -19 9 -19 11 -18 10 -16 10 -15 10 -15 10 -14 10 -14 9 -12 10 -13 9 -12 9 -11 8 -11 8 -10 7 -10 7 -10 6 -9 5 -9 5 -9 4 -9 4 -9 3 -8 2 -9 2 -10 2 -10 0 0 1 -10 0 -10 0 -11 -1 -10 -1 -11 -1 -11 -1 -11 -2 -11 -2 -12 -2 -11 -3 -11 -2 -12 -2 -12 -2 -12 -2 -12 -3 -12 -2 -12 -3 -11 -2 -11 -3 -11 -2 -11 -2 -11 -2 -11 -3 -11 -2 -11 -2 -10 0 0 0 0 0 0 0 0 0 0 ],1687784605.087635
CSI_DATA,STA,08:3A:F2:A8:E0:C1,-38,11,1,4,1,1,1,1,0,0,0,-95,2,1,1,14368758,0,110,0,0,14.5576,384,[110 96 6 0 0 0 0 0 0 0 0 0 25 -3 24 -2 24 -2 24 0 23 0 21 1 20 2 19 2 19 2 18 3 17 3 17 2 16 2 16 2 15 2 14 0 13 1 12 0 12 0 12 0 11 0 11 -1 10 -2 10 -2 10 -3 10 -4 0 0 10 -5 10 -6 9 -7 9 -7 10 -7 10 -7 11 -8 10 -8 10 -8 9 -9 9 -9 10 -9 10 -9 10 -9 10 -9 10 -10 10 -10 9 -9 9 -8 9 -8 10 -8 9 -8 9 -8 8 -9 9 -8 8 -7 0 0 0 0 0 0 0 0 0 0 ],1687784605.1076531
CSI_DATA,STA,08:3A:F2:A8:E0:C1,-38,11,1,4,1,1,1,1,0,0,0,-95,1,1,1,14379314,0,110,0,0,14.568,384,[110 96 6 0 0 0 0 0 0 0 0 0 11 -20 12 -19 11 -18 13 -18 12 -16 12 -15 12 -14 12 -13 12 -13 10 -12 11 -13 11 -12 10 -11 9 -11 9 -10 9 -10 8 -9 7 -9 6 -9 6 -9 5 -9 5 -9 4 -8 3 -10 3 -10 2 -10 0 0 2 -11 1 -10 1 -11 0 -10 0 -11 0 -12 0 -12 -1 -12 -1 -12 -2 -11 -2 -12 -2 -12 -2 -12 -2 -12 -1 -12 -2 -12 -2 -13 -2 -12 -2 -12 -2 -11 -2 -12 -1 -11 -2 -11 -2 -11 -2 -11 -2 -10 0 0 0 0 0 0 0 0 0 0 ],1687784605.117874
CSI_DATA,STA,08:3A:F2:A8:E0:C1,-38,11,1,4,1,1,1,1,0,0,0,-95,1,1,1,14386074,0,110,0,0,14.5747,384,[110 96 6 0 0 0 0 0 0 0 0 0 24 -10 23 -8 23 -8 24 -6 22 -6 20 -5 20 -4 19 -3 19 -3 18 -2 18 -2 17 -2 16 -2 15 -2 15 -1 15 -3 13 -3 12 -3 11 -3 11 -3 11 -3 11 -4 10 -4 9 -5 10 -6 8 -7 0 0 9 -7 8 -8 8 -8 8 -9 8 -9 9 -9 9 -10 8 -10 8 -11 8 -11 7 -12 8 -10 8 -11 8 -11 8 -11 7 -11 8 -12 7 -11 8 -10 7 -10 8 -10 8 -10 8 -10 7 -10 7 -10 7 -9 0 0 0 0 0 0 0 0 0 0 ],1687784605.124688
CSI_DATA,STA,08:3A:F2:A8:E0:C1,-38,11,1,4,1,1,1,1,0,0,0,-95,1,1,1,14392880,0,110,0,0,14.5815,384,[110 96 6 0 0 0 0 0 0 0 0 0 -24 11 -23 10 -23 10 -24 8 -22 7 -21 6 -21 6 -19 5 -19 4 -19 3 -19 4 -18 4 -17 3 -16 3 -16 3 -15 4 -14 3 -13 3 -12 3 -11 3 -11 4 -11 5 -10 5 -10 5 -10 6 -9 7 0 0 -9 8 -8 8 -8 9 -7 9 -8 10 -7 10 -8 10 -8 10 -7 11 -7 10 -7 11 -7 11 -8 11 -7 12 -7 11 -7 12 -8 12 -7 11 -7 11 -6 10 -7 11 -7 10 -7 10 -6 10 -7 10 -6 10 0 0 0 0 0 0 0 0 0 0 ],1687784605.130931
CSI_DATA,STA,08:3A:F2:A8:E0:C1,-38,11,1,4,1,1,1,1,0,0,0,-95,1,1,1,14404346,0,110,0,0,14.5931,384,[110 96 6 0 0 0 0 0 0 0 0 0 -25 7 -24 6 -25 6 -24 4 -23 4 -21 3 -21 2 -20 1 -20 2 -19 0 -19 0 -18 1 -17 0 -17 0 -16 0 -16 2 -14 2 -13 1 -12 2 -12 2 -12 2 -12 2 -11 3 -10 4 -11 4 -10 5 0 0 -10 6 -9 7 -9 7 -9 8 -9 8 -9 9 -9 9 -9 9 -9 10 -9 10 -9 10 -9 10 -9 10 -9 10 -8 10 -8 10 -9 11 -8 10 -8 10 -8 10 -9 9 -8 10 -8 9 -7 10 -8 9 -7 8 0 0 0 0 0 0 0 0 0 0 ],1687784605.14242
CSI_DATA,STA,08:3A:F2:A8:E0:C1,-38,11,1,4,1,1,1,1,0,0,0,-95,1,1,1,14415948,0,110,0,0,14.6047,384,[110 96 6 0 0 0 0 0 0 0 0 0 -22 -7 -21 -7 -22 -7 -21 -8 -20 -9 -17 -8 -17 -8 -15 -8 -16 -9 -15 -9 -14 -9 -14 -9 -13 -8 -13 -8 -12 -7 -13 -6 -11 -5 -11 -5 -11 -5 -11 -4 -10 -4 -10 -4 -10 -3 -10 -2 -10 -2 -10 0 0 0 -10 0 -10 1 -10 2 -11 2 -11 2 -11 2 -12 2 -11 3 -11 4 -11 4 -11 4 -12 3 -11 4 -11 4 -12 4 -11 4 -12 4 -11 4 -11 4 -10 4 -11 3 -11 4 -11 3 -10 4 -10 3 -10 3 0 0 0 0 0 0 0 0 0 0 ],1687784605.1548002
CSI_DATA,STA,08:3A:F2:A8:E0:C1,-39,11,1,5,1,1,1,1,0,0,0,-95,1,1,1,14422906,0,110,0,0,14.6115,384,[110 96 6 0 0 0 0 0 0 0 0 0 -6 -26 -5 -25 -4 -24 -3 -24 -2 -22 -1 -22 -1 -21 0 -20 0 -20 0 -19 0 -18 1 -17 0 -17 -1 -16 0 -15 -1 -14 -1 -14 -1 -13 -2 -13 -3 -12 -3 -12 -3 -11 -4 -11 -5 -10 -5 -10 -5 -10 0 0 -6 -10 -7 -9 -8 -9 -8 -9 -9 -9 -9 -9 -9 -9 -10 -9 -10 -9 -10 -9 -10 -9 -10 -9 -11 -9 -10 -9 -10 -9 -10 -8 -11 -10 -11 -9 -10 -9 -11 -8 -10 -9 -10 -8 -9 -9 -10 -8 -9 -8 -9 -7 0 0 0 0 0 0 0 0 0 0 ],1687784605.162574
CSI_DATA,STA,08:3A:F2:A8:E0:C1,-39,11,1,5,1,1,1,1,0,0,0,-95,1,1,1,14435578,0,110,0,0,14.6243,384,[110 96 6 0 0 0 0 0 0 0 0 0 20 -15 19 -14 19 -13 19 -12 18 -11 18 -10 17 -8 17 -8 17 -8 16 -7 16 -7 15 -7 14 -6 13 -6 13 -6 12 -6 11 -6 10 -6 10 -6 10 -6 9 -6 9 -7 8 -7 6 -8 7 -8 7 -9 0 0 6 -9 5 -9 4 -10 4 -11 4 -10 4 -11 4 -11 4 -12 4 -12 3 -12 3 -13 3 -13 4 -13 4 -13 3 -12 3 -13 4 -13 3 -12 4 -12 3 -12 4 -12 4 -12 3 -12 2 -12 3 -11 3 -11 0 0 0 0 0 0 0 0 0 0 ],1687784605.174103
CSI_DATA,STA,08:3A:F2:A8:E0:C1,-39,11,1,5,1,1,1,1,0,0,0,-95,1,1,1,14444111,0,110,0,0,14.6329,384,[110 96 6 0 0 0 0 0 0 0 0 0 -6 21 -7 20 -7 19 -8 19 -8 18 -8 17 -9 16 -9 15 -9 15 -8 14 -8 14 -8 13 -7 12 -7 12 -6 11 -6 11 -6 10 -5 10 -4 10 -4 9 -4 9 -3 9 -2 9 -1 9 -1 9 -1 9 0 0 0 9 1 9 2 9 2 9 2 9 2 10 2 10 3 10 3 10 3 10 4 10 4 11 4 10 4 11 4 10 4 10 4 10 4 10 4 10 3 10 3 10 3 10 3 9 4 9 4 9 3 9 0 0 0 0 0 0 0 0 0 0 ],1687784605.18193
CSI_DATA,STA,08:3A:F2:A8:E0:C1,-39,11,1,5,1,1,1,1,0,0,0,-95,1,1,1,14455769,0,110,0,0,14.6447,384,[110 96 6 0 0 0 0 0 0 0 0 0 12 24 11 24 11 23 9 23 8 22 6 22 5 21 5 20 4 20 5 19 4 18 3 18 4 16 4 16 3 15 3 14 3 13 3 13 4 11 5 12 4 11 5 10 5 9 6 9 7 9 7 8 0 0 8 8 9 7 9 7 9 6 10 7 10 7 10 7 11 7 11 7 11 7 12 7 12 7 12 7 12 7 11 7 12 7 12 6 12 6 12 7 11 7 11 7 10 7 11 6 11 6 10 6 10 5 0 0 0 0 0 0 0 0 0 0 ],1687784605.194454
CSI_DATA,STA,08:3A:F2:A8:E0:C1,-39,11,1,5,1,1,1,1,0,0,0,-95,1,1,1,14464347,0,110,0,0,14.653,384,[110 96 6 0 0 0 0 0 0 0 0 0 -12 -23 -11 -22 -10 -22 -9 -22 -8 -21 -7 -20 -5 -20 -5 -19 -5 -19 -5 -18 -4 -18 -4 -17 -4 -16 -4 -16 -4 -14 -4 -14 -4 -13 -4 -12 -5 -12 -5 -11 -5 -10 -5 -10 -6 -9 -7 -9 -7 -9 -7 -8 0 0 -8 -8 -8 -7 -9 -7 -9 -7 -10 -7 -10 -7 -11 -7 -11 -7 -11 -7 -11 -6 -12 -7 -12 -7 -12 -7 -12 -7 -12 -7 -12 -6 -12 -7 -12 -7 -11 -7 -12 -6 -11 -7 -11 -7 -10 -7 -11 -6 -10 -6 -10 -6 0 0 0 0 0 0 0 0 0 0 ],1687784605.2041721
CSI_DATA,STA,08:3A:F2:A8:E0:C1,-38,11,1,4,1,1,1,1,0,0,0,-95,1,1,1,14474363,0,110,0,0,14.6631,384,[110 96 6 0 0 0 0 0 0 0 0 0 14 21 13 20 12 21 11 21 10 20 8 19 7 19 7 18 5 18 6 17 5 17 5 16 6 15 6 15 5 13 6 13 5 12 4 11 5 10 6 10 5 10 6 9 6 8 7 8 8 8 8 6 0 0 8 6 9 6 10 5 10 5 10 5 11 5 11 6 11 5 11 5 11 4 12 4 12 5 12 5 12 4 12 5 12 4 13 4 12 4 12 4 11 3 11 5 11 4 11 4 11 3 11 4 10 4 0 0 0 0 0 0 0 0 0 0 ],1687784605.2124212
CSI_DATA,STA,08:3A:F2:A8:E0:C1,-39,11,1,5,1,1,1,1,0,0,0,-95,1,1,1,14482842,0,110,0,0,14.6716,384,[110 96 6 0 0 0 0 0 0 0 0 0 22 -7 21 -5 20 -5 20 -4 19 -3 19 -3 18 -2 17 -1 17 -1 16 -1 16 -1 15 -1 14 -1 13 -1 12 -1 12 -2 11 -2 11 -2 10 -3 10 -3 9 -3 9 -4 8 -4 8 -5 8 -5 8 -6 0 0 7 -6 7 -7 7 -8 6 -8 6 -8 7 -9 7 -9 6 -9 6 -10 5 -9 6 -10 6 -10 6 -10 6 -10 6 -10 6 -10 6 -11 6 -10 6 -10 5 -10 6 -10 6 -10 6 -10 5 -10 5 -9 4 -9 0 0 0 0 0 0 0 0 0 0 ],1687784605.221343
CSI_DATA,STA,08:3A:F2:A8:E0:C1,-39,11,1,5,1,1,1,1,0,0,0,-95,1,1,1,14493985,0,110,0,0,14.6827,384,[110 96 6 0 0 0 0 0 0 0 0 0 -1 25 -2 24 -2 23 -3 23 -3 21 -5 20 -5 19 -5 18 -5 18 -5 17 -5 16 -5 16 -4 15 -4 15 -4 14 -4 13 -3 12 -3 12 -2 12 -1 11 -1 11 -1 10 0 10 1 10 1 10 2 9 0 0 3 10 4 10 4 9 4 9 5 10 5 10 6 10 6 10 6 10 6 10 7 10 6 11 7 11 7 10 7 10 7 10 7 11 7 10 7 10 6 10 6 10 6 10 6 10 6 9 6 9 6 9 0 0 0 0 0 0 0 0 0 0 ],1687784605.2323341
CSI_DATA,STA,08:3A:F2:A8:E0:C1,-39,11,1,5,1,1,1,1,0,0,0,-95,1,1,1,14504128,0,110,0,0,14.6929,384,[110 96 6 0 0 0 0 0 0 0 0 0 -17 -20 -15 -20 -15 -19 -14 -19 -13 -19 -11 -18 -9 -18 -9 -18 -9 -17 -9 -17 -8 -17 -7 -16 -7 -15 -8 -14 -7 -13 -7 -12 -6 -12 -7 -11 -7 -11 -8 -10 -7 -10 -7 -9 -7 -8 -8 -8 -9 -7 -9 -7 0 0 -9 -6 -10 -6 -10 -5 -11 -5 -11 -5 -11 -5 -12 -5 -12 -5 -12 -5 -13 -4 -13 -4 -13 -4 -13 -4 -13 -4 -13 -4 -13 -4 -13 -4 -12 -4 -12 -4 -12 -4 -12 -4 -12 -4 -12 -4 -12 -3 -11 -4 -11 -4 0 0 0 0 0 0 0 0 0 0 ],1687784605.24281
CSI_DATA,STA,08:3A:F2:A8:E0:C1,-38,11,1,4,1,1,1,1,0,0,0,-95,1,1,1,14515590,0,110,0,0,14.7043,384,[110 96 6 0 0 0 0 0 0 0 0 0 -23 -4 -21 -5 -22 -5 -21 -6 -20 -6 -18 -7 -17 -7 -16 -7 -15 -8 -15 -7 -15 -7 -15 -7 -14 -7 -14 -6 -13 -6 -13 -5 -11 -5 -11 -4 -11 -4 -11 -4 -10 -3 -10 -3 -10 -2 -10 -1 -10 0 -10 0 0 0 -10 1 -10 2 -10 2 -10 3 -10 3 -11 3 -11 3 -11 3 -11 4 -10 4 -11 5 -11 4 -11 5 -11 5 -11 4 -11 5 -12 5 -11 5 -11 4 -10 4 -11 4 -11 4 -10 4 -10 5 -10 4 -9 4 0 0 0 0 0 0 0 0 0 0 ],1687784605.254837
CSI_DATA,STA,08:3A:F2:A8:E0:C1,-38,11,1,4,1,1,1,1,0,0,0,-95,1,1,1,14525398,0,110,0,0,14.714,384,[110 96 6 0 0 0 0 0 0 0 0 0 21 7 20 7 20 7 19 9 18 8 16 9 16 9 14 8 14 8 13 9 13 8 13 8 12 8 12 7 11 7 11 6 10 6 9 5 9 5 9 5 9 4 9 3 8 2 9 2 9 1 9 0 0 0 9 0 10 -1 10 -1 9 -2 10 -2 10 -2 11 -2 11 -3 11 -3 10 -3 11 -4 11 -3 11 -3 11 -3 11 -3 11 -4 12 -4 11 -3 11 -3 10 -3 10 -3 10 -2 10 -3 10 -3 10 -2 9 -3 0 0 0 0 0 0 0 0 0 0 ],1687784605.2636192
CSI_DATA,STA,08:3A:F2:A8:E0:C1,-39,11,1,5,1,1,1,1,0,0,0,-95,1,1,1,14534258,0,110,0,0,14.7231,384,[110 96 6 0 0 0 0 0 0 0 0 0 5 24 4 24 4 22 2 23 2 21 1 20 0 19 -1 19 -1 18 0 17 0 17 -1 17 0 16 0 15 0 14 0 13 0 13 0 12 1 11 2 11 2 10 2 10 3 9 4 9 4 9 5 9 0 0 5 9 6 8 7 8 7 8 8 8 8 8 8 9 8 8 8 8 9 7 10 7 9 8 10 8 10 8 10 8 9 7 10 7 10 7 9 7 9 7 9 8 9 8 9 7 9 6 9 6 8 6 0 0 0 0 0 0 0 0 0 0 ],1687784605.2726989
CSI_DATA,STA,08:3A:F2:A8:E0:C1,-39,11,1,5,1,1,1,1,0,0,0,-95,1,1,1,14544268,0,110,0,0,14.733,384,[110 96 6 0 0 0 0 0 0 0 0 0 -25 -7 -23 -8 -24 -8 -22 -8 -22 -9 -19 -9 -19 -9 -17 -10 -17 -10 -16 -10 -16 -9 -15 -9 -15 -8 -14 -8 -13 -8 -13 -7 -12 -6 -12 -5 -12 -5 -12 -5 -11 -4 -11 -4 -11 -3 -11 -2 -11 -1 -11 0 0 0 -11 1 -11 1 -11 1 -11 2 -12 2 -12 2 -12 3 -13 3 -13 3 -12 4 -13 4 -12 4 -13 4 -13 4 -13 4 -12 4 -13 4 -12 4 -12 4 -12 4 -12 3 -12 3 -12 3 -11 4 -11 3 -10 3 0 0 0 0 0 0 0 0 0 0 ],1687784605.283027
CSI_DATA,STA,08:3A:F2:A8:E0:C1,-39,11,1,5,1,1,1,1,0,0,0,-95,1,1,1,14553059,0,110,0,0,14.7421,384,[110 96 6 0 0 0 0 0 0 0 0 0 -7 -25 -6 -24 -5 -23 -4 -23 -3 -22 -2 -21 -1 -20 -1 -19 -1 -19 -1 -18 0 -18 -1 -17 -2 -17 -2 -16 -1 -15 -2 -14 -1 -13 -2 -13 -3 -12 -3 -12 -3 -11 -4 -11 -4 -10 -5 -10 -6 -10 -6 -9 0 0 -7 -9 -7 -9 -8 -9 -8 -8 -9 -8 -9 -9 -9 -9 -9 -9 -10 -9 -10 -8 -11 -8 -10 -8 -11 -8 -11 -8 -11 -8 -11 -8 -11 -8 -11 -8 -10 -8 -10 -8 -10 -8 -10 -8 -10 -8 -10 -7 -9 -7 -9 -7 0 0 0 0 0 0 0 0 0 0 ],1687784605.2920551
CSI_DATA,STA,08:3A:F2:A8:E0:C1,-39,11,1,5,1,1,1,1,0,0,0,-95,1,1,1,14564416,0,110,0,0,14.7532,384,[110 96 6 0 0 0 0 0 0 0 0 0 -14 21 -14 19 -14 19 -14 18 -14 17 -14 16 -14 15 -13 14 -13 14 -13 13 -13 13 -12 12 -11 11 -11 10 -10 10 -10 10 -9 9 -8 9 -7 9 -7 9 -6 9 -5 9 -5 9 -4 10 -4 9 -3 9 0 0 -2 10 -1 11 0 10 -1 11 0 11 0 11 0 12 1 12 1 12 1 12 2 12 1 12 1 12 1 12 1 12 2 12 2 13 2 11 2 12 2 11 2 12 1 12 1 11 2 11 1 11 1 10 0 0 0 0 0 0 0 0 0 0 ],1687784605.3030348
CSI_DATA,STA,08:3A:F2:A8:E0:C1,-39,11,1,5,1,1,1,1,0,0,0,-95,1,1,1,14574324,0,110,0,0,14.7631,384,[110 96 6 0 0 0 0 0 0 0 0 0 8 -21 8 -20 8 -20 9 -19 9 -18 9 -17 9 -16 9 -15 9 -15 8 -14 9 -14 8 -13 7 -12 7 -12 7 -11 7 -11 6 -10 5 -10 4 -10 4 -10 4 -10 3 -10 3 -9 1 -10 1 -10 0 -10 0 0 0 -10 -1 -10 -2 -10 -2 -10 -2 -11 -2 -11 -2 -11 -3 -11 -3 -11 -4 -11 -4 -11 -4 -11 -4 -11 -4 -12 -4 -12 -4 -11 -4 -12 -4 -11 -4 -11 -4 -11 -3 -11 -3 -11 -3 -11 -4 -10 -3 -10 -4 -10 0 0 0 0 0 0 0 0 0 0 ],1687784605.313
CSI_DATA,STA,08:3A:F2:A8:E0:C1,-39,11,1,5,1,1,1,1,0,0,0,-95,1,1,1,14585554,0,110,0,0,14.7743,384,[110 96 6 0 0 0 0 0 0 0 0 0 20 -9 19 -8 20 -7 19 -6 19 -6 17 -5 17 -4 16 -4 16 -4 15 -3 15 -3 14 -3 14 -2 13 -3 12 -2 12 -3 11 -3 11 -4 10 -3 9 -4 9 -4 9 -4 8 -5 7 -5 7 -5 7 -6 0 0 7 -7 6 -7 6 -7 6 -8 6 -9 6 -9 6 -9 5 -9 5 -10 6 -10 5 -10 6 -10 5 -10 5 -10 5 -11 5 -11 5 -11 5 -10 5 -10 5 -10 5 -9 5 -10 5 -10 4 -10 4 -9 4 -9 0 0 0 0 0 0 0 0 0 0 ],1687784605.3237429
CSI_DATA,STA,08:3A:F2:A8:E0:C1,-39,11,1,5,1,1,1,1,0,0,0,-95,1,1,1,14592537,0,110,0,0,14.7812,384,[110 96 6 0 0 0 0 0 0 0 0 0 14 -17 15 -16 14 -15 15 -14 15 -13 14 -13 14 -11 14 -11 14 -10 12 -10 12 -10 12 -9 11 -9 11 -9 10 -8 10 -8 9 -8 8 -8 7 -8 8 -7 6 -7 6 -8 6 -8 4 -8 4 -9 4 -9 0 0 3 -10 2 -9 2 -10 2 -10 2 -11 1 -11 2 -11 1 -12 1 -12 1 -12 0 -12 1 -12 1 -12 1 -12 1 -12 0 -12 1 -12 0 -12 1 -12 0 -11 1 -12 1 -11 1 -11 0 -11 0 -11 0 -10 0 0 0 0 0 0 0 0 0 0 ],1687784605.331903
CSI_DATA,STA,08:3A:F2:A8:E0:C1,-39,11,1,5,1,1,1,1,0,0,0,-95,1,1,1,14602959,0,110,0,0,14.7917,384,[110 96 6 0 0 0 0 0 0 0 0 0 16 -17 16 -15 15 -15 16 -14 15 -13 15 -12 15 -11 14 -10 14 -10 13 -9 13 -9 13 -9 12 -8 11 -8 11 -7 10 -8 9 -7 9 -7 8 -7 7 -7 7 -7 6 -8 5 -8 5 -8 5 -9 4 -9 0 0 3 -10 3 -10 2 -10 2 -10 2 -10 2 -11 2 -11 1 -12 1 -12 1 -12 0 -12 1 -12 0 -12 0 -12 1 -12 0 -12 0 -12 0 -12 0 -11 0 -12 1 -12 1 -11 1 -11 0 -11 0 -11 0 -10 0 0 0 0 0 0 0 0 0 0 ],1687784605.34195
CSI_DATA,STA,08:3A:F2:A8:E0:C1,-38,11,1,4,1,1,1,1,0,0,0,-95,1,1,1,14616213,0,110,0,0,14.805,384,[110 96 6 0 0 0 0 0 0 0 0 0 -9 20 -10 20 -9 19 -11 19 -11 17 -10 16 -11 15 -11 14 -11 14 -10 12 -10 13 -10 12 -9 11 -9 11 -9 10 -8 11 -7 10 -7 9 -6 9 -5 9 -5 8 -4 8 -4 8 -3 9 -3 9 -2 9 0 0 -1 9 0 10 0 10 0 10 0 10 1 10 0 11 1 11 1 11 2 10 2 11 2 11 2 11 2 11 2 11 3 11 2 11 3 10 2 10 2 10 1 11 1 10 2 10 2 10 2 10 2 9 0 0 0 0 0 0 0 0 0 0 ],1687784605.354639
CSI_DATA,STA,08:3A:F2:A8:E0:C1,-39,11,1,5,1,1,1,1,0,0,0,-95,1,1,1,14622936,0,110,0,0,14.8116,384,[110 96 6 0 0 0 0 0 0 0 0 0 -15 -21 -14 -21 -13 -20 -13 -21 -12 -19 -10 -20 -8 -19 -8 -18 -7 -18 -8 -17 -7 -17 -7 -16 -7 -16 -7 -15 -7 -14 -6 -13 -6 -12 -6 -11 -7 -11 -7 -11 -7 -10 -7 -10 -7 -8 -8 -8 -9 -8 -9 -7 0 0 -9 -6 -10 -6 -10 -6 -10 -5 -11 -5 -11 -6 -12 -6 -12 -5 -12 -6 -12 -4 -13 -4 -13 -5 -13 -5 -13 -4 -12 -5 -13 -5 -13 -5 -13 -5 -12 -5 -12 -5 -12 -5 -12 -5 -12 -5 -12 -4 -11 -5 -11 -4 0 0 0 0 0 0 0 0 0 0 ],1687784605.362336
CSI_DATA,STA,08:3A:F2:A8:E0:C1,-39,11,1,5,1,1,1,1,0,0,0,-95,1,1,1,14632890,0,110,0,0,14.8216,384,[110 96 6 0 0 0 0 0 0 0 0 0 -12 19 -13 18 -13 17 -14 16 -13 15 -13 14 -13 13 -13 12 -13 11 -12 11 -13 11 -12 10 -11 10 -10 9 -10 8 -10 9 -9 8 -8 8 -7 8 -7 8 -6 7 -6 7 -5 8 -4 8 -4 8 -4 9 0 0 -3 9 -2 9 -2 9 -2 10 -1 10 -1 10 -1 11 -1 11 -1 10 -1 11 0 11 0 11 0 11 0 11 0 11 0 11 0 12 0 11 0 11 0 10 -1 10 -1 10 0 10 0 10 0 10 0 9 0 0 0 0 0 0 0 0 0 0 ],1687784605.371649
CSI_DATA,STA,08:3A:F2:A8:E0:C1,-39,11,1,5,1,1,1,1,0,0,0,-95,1,1,1,14642730,0,110,0,0,14.8315,384,[110 96 6 0 0 0 0 0 0 0 0 0 -19 -18 -18 -18 -17 -17 -17 -18 -15 -17 -13 -17 -13 -17 -12 -17 -11 -16 -11 -15 -10 -15 -10 -15 -10 -14 -9 -13 -9 -12 -9 -12 -8 -11 -8 -10 -9 -10 -8 -9 -9 -9 -8 -8 -8 -7 -9 -6 -10 -6 -10 -6 0 0 -10 -5 -11 -4 -12 -4 -11 -4 -12 -4 -12 -4 -12 -4 -13 -4 -13 -3 -13 -3 -13 -3 -13 -3 -13 -3 -13 -3 -13 -3 -14 -3 -14 -3 -13 -3 -13 -3 -13 -3 -13 -3 -13 -3 -12 -3 -12 -2 -12 -3 -11 -3 0 0 0 0 0 0 0 0 0 0 ],1687784605.3820958
CSI_DATA,STA,08:3A:F2:A8:E0:C1,-39,11,1,5,1,1,1,1,0,0,0,-95,1,1,1,14654872,0,110,0,0,14.844,384,[110 96 6 0 0 0 0 0 0 0 0 0 1 24 0 24 0 22 -1 23 -2 21 -2 21 -3 19 -4 18 -3 18 -3 17 -3 17 -3 16 -2 15 -2 15 -2 14 -2 13 -2 13 -2 12 0 11 0 10 0 10 1 10 1 10 3 9 3 9 3 9 0 0 4 9 5 9 6 9 5 8 6 9 6 9 7 9 7 9 7 9 7 9 8 9 8 9 8 9 8 9 8 9 9 9 8 9 8 9 8 9 7 8 7 9 7 9 7 8 7 8 7 8 7 8 0 0 0 0 0 0 0 0 0 0 ],1687784605.3939
CSI_DATA,STA,08:3A:F2:A8:E0:C1,-39,11,1,5,1,1,1,1,0,0,0,-95,1,1,1,14664337,0,110,0,0,14.8531,384,[110 96 6 0 0 0 0 0 0 0 0 0 -3 22 -4 21 -4 20 -5 20 -5 18 -6 18 -6 17 -6 16 -6 16 -6 15 -6 15 -6 14 -5 13 -5 13 -5 12 -4 11 -4 11 -3 10 -2 10 -2 10 -2 9 -1 9 -1 9 1 9 0 9 1 9 0 0 2 9 2 9 3 9 3 8 4 9 4 9 5 9 5 9 5 9 5 9 5 9 5 9 6 10 6 10 5 9 6 9 6 9 6 9 6 9 6 8 5 9 5 9 5 8 5 8 5 8 5 8 0 0 0 0 0 0 0 0 0 0 ],1687784605.403685
CSI_DATA,STA,08:3A:F2:A8:E0:C1,-39,11,1,5,1,1,1,1,0,0,0,-95,1,1,1,14674688,0,110,0,0,14.8635,384,[110 96 6 0 0 0 0 0 0 0 0 0 18 13 16 12 17 12 15 13 15 13 13 12 12 13 11 12 11 12 10 12 10 11 9 11 9 11 9 10 8 10 8 8 7 7 8 7 7 7 8 7 7 6 7 5 8 5 8 4 8 3 8 3 0 0 8 2 9 2 9 1 10 1 10 1 10 1 10 1 10 1 11 1 11 0 11 0 11 0 11 0 11 0 11 0 11 -1 12 0 11 0 11 0 11 0 10 0 10 0 10 0 10 -1 10 0 9 0 0 0 0 0 0 0 0 0 0 0 ],1687784605.412817
CSI_DATA,STA,08:3A:F2:A8:E0:C1,-38,11,1,4,1,1,1,1,0,0,0,-95,1,1,1,14686364,0,110,0,0,14.8751,384,[110 96 6 0 0 0 0 0 0 0 0 0 -12 19 -12 18 -12 18 -13 17 -12 16 -13 14 -13 14 -12 12 -13 12 -11 11 -12 12 -11 11 -10 11 -10 11 -9 9 -9 9 -8 9 -8 8 -7 8 -6 8 -6 8 -5 8 -5 8 -3 9 -4 9 -3 9 0 0 -2 9 -1 10 -1 10 0 10 -1 10 0 10 0 11 0 11 1 11 1 11 1 11 1 12 1 12 1 12 1 12 1 11 1 12 2 11 1 11 1 10 1 11 0 11 1 10 2 10 1 10 1 9 0 0 0 0 0 0 0 0 0 0 ],1687784605.424505
CSI_DATA,STA,08:3A:F2:A8:E0:C1,-39,11,1,5,1,1,1,1,0,0,0,-95,1,1,1,14695707,0,110,0,0,14.8843,384,[110 96 6 0 0 0 0 0 0 0 0 0 22 0 20 1 22 1 20 2 20 2 18 3 18 3 16 4 16 3 16 4 15 4 14 4 14 4 13 3 12 3 12 2 11 2 11 1 10 1 10 1 10 1 10 0 10 -1 9 -1 9 -2 9 -3 0 0 9 -3 9 -4 8 -4 9 -5 8 -5 9 -6 9 -6 9 -6 9 -7 9 -7 9 -7 9 -7 9 -7 9 -7 9 -7 9 -7 10 -8 9 -7 9 -7 9 -7 9 -6 9 -7 9 -6 8 -7 8 -6 8 -6 0 0 0 0 0 0 0 0 0 0 ],1687784605.4333491
CSI_DATA,STA,08:3A:F2:A8:E0:C1,-38,11,1,4,1,1,1,1,0,0,0,-95,1,1,1,14704244,0,110,0,0,14.893,384,[110 96 6 0 0 0 0 0 0 0 0 0 13 22 12 22 11 21 10 22 9 20 7 20 7 20 6 18 5 18 5 17 4 17 4 17 4 16 4 15 4 14 4 13 4 13 3 11 5 11 5 10 5 10 6 9 5 8 6 8 7 8 7 7 0 0 8 7 9 6 9 6 9 6 10 6 10 6 11 6 11 6 11 6 10 5 12 5 12 6 11 6 12 6 11 6 12 6 12 6 12 5 11 5 11 5 11 5 10 5 10 5 10 5 9 5 10 5 0 0 0 0 0 0 0 0 0 0 ],1687784605.441834
CSI_DATA,STA,08:3A:F2:A8:E0:C1,-38,11,1,4,1,1,1,1,0,0,0,-95,1,1,1,14715626,0,110,0,0,14.9044,384,[110 96 6 0 0 0 0 0 0 0 0 0 -22 -8 -21 -9 -21 -8 -20 -10 -19 -9 -17 -10 -16 -10 -15 -10 -15 -10 -14 -10 -14 -9 -13 -10 -13 -9 -13 -9 -12 -8 -12 -7 -10 -7 -10 -6 -10 -6 -10 -5 -10 -5 -10 -5 -10 -4 -10 -3 -11 -2 -10 -1 0 0 -10 -1 -11 0 -11 0 -10 1 -11 1 -11 1 -12 1 -12 1 -12 2 -11 2 -12 3 -12 2 -12 2 -12 3 -12 2 -12 3 -12 3 -11 3 -11 3 -11 3 -11 2 -11 2 -11 2 -11 3 -11 2 -10 2 0 0 0 0 0 0 0 0 0 0 ],1687784605.454056
CSI_DATA,STA,08:3A:F2:A8:E0:C1,-39,11,1,5,1,1,1,1,0,0,0,-95,1,1,1,14724420,0,110,0,0,14.9131,384,[110 96 6 0 0 0 0 0 0 0 0 0 12 -20 12 -19 12 -17 12 -17 12 -15 12 -15 12 -14 11 -13 12 -13 11 -12 11 -11 11 -11 10 -10 9 -10 9 -10 9 -10 8 -9 7 -9 6 -9 5 -9 5 -8 5 -9 4 -9 3 -9 3 -9 3 -10 0 0 2 -10 1 -10 1 -10 0 -10 0 -11 0 -11 0 -11 -1 -11 -1 -12 -1 -12 -1 -12 -1 -12 -1 -12 -1 -12 -1 -12 -1 -12 -1 -12 -1 -12 -1 -12 -1 -11 -1 -11 -1 -11 -1 -11 -1 -11 -1 -11 -1 -10 0 0 0 0 0 0 0 0 0 0 ],1687784605.462531
CSI_DATA,STA,08:3A:F2:A8:E0:C1,-39,11,1,5,1,1,1,1,0,0,0,-95,1,1,1,14732879,0,110,0,0,14.9216,384,[110 96 6 0 0 0 0 0 0 0 0 0 19 -17 19 -15 19 -14 19 -13 19 -12 18 -11 18 -10 17 -10 17 -9 16 -8 15 -8 15 -8 14 -7 14 -7 13 -7 12 -7 11 -7 10 -7 10 -7 9 -7 8 -7 8 -8 7 -8 6 -8 6 -9 6 -10 0 0 5 -10 4 -10 4 -11 3 -11 4 -11 4 -12 4 -12 3 -12 4 -12 3 -12 3 -13 3 -13 3 -13 3 -13 3 -13 2 -13 3 -13 2 -13 3 -12 2 -13 3 -12 3 -12 3 -12 2 -12 3 -12 2 -12 0 0 0 0 0 0 0 0 0 0 ],1687784605.471387
CSI_DATA,STA,08:3A:F2:A8:E0:C1,-38,11,1,4,1,1,1,1,0,0,0,-95,1,1,1,14743944,0,110,0,0,14.9327,384,[110 96 6 0 0 0 0 0 0 0 0 0 13 -19 13 -18 13 -18 14 -17 13 -15 13 -14 13 -14 12 -12 12 -13 12 -11 12 -11 12 -10 10 -10 10 -9 9 -9 9 -10 8 -9 8 -9 7 -8 6 -9 6 -8 5 -9 5 -9 4 -9 4 -10 3 -10 0 0 2 -10 1 -10 0 -11 0 -11 1 -11 0 -11 0 -12 0 -12 -1 -12 -1 -12 -1 -12 -1 -12 -1 -12 -1 -12 -1 -12 -2 -12 -1 -13 -2 -12 -2 -12 -2 -12 -1 -12 -1 -11 -1 -12 -2 -11 -1 -11 -1 -10 0 0 0 0 0 0 0 0 0 0 ],1687784605.482782
CSI_DATA,STA,08:3A:F2:A8:E0:C1,-38,11,1,4,1,1,1,1,0,0,0,-95,1,1,1,14753904,0,110,0,0,14.9426,384,[110 96 6 0 0 0 0 0 0 0 0 0 5 -23 5 -22 4 -21 6 -21 6 -20 7 -18 7 -18 7 -17 7 -17 6 -15 6 -15 6 -15 6 -14 5 -13 5 -13 5 -12 4 -12 4 -11 3 -11 2 -11 2 -10 2 -10 1 -10 0 -10 -1 -10 -1 -10 0 0 -2 -11 -3 -10 -3 -10 -4 -10 -4 -11 -4 -11 -4 -11 -5 -11 -5 -11 -5 -10 -6 -11 -6 -11 -6 -11 -6 -11 -5 -11 -6 -11 -6 -11 -6 -11 -6 -11 -6 -10 -6 -11 -5 -10 -5 -10 -6 -10 -5 -10 -5 -9 0 0 0 0 0 0 0 0 0 0 ],1687784605.493419
CSI_DATA,STA,08:3A:F2:A8:E0:C1,-38,11,1,4,1,1,1,1,0,0,0,-95,1,1,1,14765205,0,110,0,0,14.9541,384,[110 96 6 0 0 0 0 0 0 0 0 0 11 23 10 22 9 21 8 22 7 20 6 20 5 20 4 18 4 19 3 17 3 18 3 17 3 16 3 15 3 14 3 14 2 13 3 12 3 11 4 10 4 10 4 10 4 9 5 8 6 9 6 8 0 0 7 8 8 7 9 7 9 6 9 7 10 7 10 7 10 7 10 7 10 6 11 6 11 7 11 7 11 6 10 7 11 6 11 7 11 6 11 6 10 6 10 7 10 6 10 6 10 5 9 6 9 5 0 0 0 0 0 0 0 0 0 0 ],1687784605.503415
CSI_DATA,STA,08:3A:F2:A8:E0:C1,-39,11,1,5,1,1,1,1,0,0,0,-95,1,1,1,14772721,0,110,0,0,14.9615,384,[110 96 6 0 0 0 0 0 0 0 0 0 -5 24 -6 24 -7 22 -7 22 -8 20 -8 20 -8 18 -8 18 -8 17 -8 16 -8 16 -8 15 -7 14 -7 13 -7 13 -6 12 -6 12 -5 10 -4 11 -4 10 -3 10 -3 10 -2 10 -1 10 -1 10 0 11 0 0 1 10 2 10 2 11 2 10 3 11 3 11 3 12 4 11 3 11 4 11 4 12 4 12 5 12 5 12 4 11 5 12 4 12 5 11 4 11 4 11 4 11 4 11 3 10 4 10 4 11 4 10 0 0 0 0 0 0 0 0 0 0 ],1687784605.510685
CSI_DATA,STA,08:3A:F2:A8:E0:C1,-39,11,1,5,1,1,1,1,0,0,0,-95,1,1,1,14787186,0,110,0,0,14.9759,384,[110 96 6 0 0 0 0 0 0 0 0 0 -15 20 -16 19 -15 18 -16 17 -16 15 -16 15 -16 13 -15 13 -15 12 -14 11 -14 11 -14 10 -13 10 -12 10 -11 9 -11 9 -10 8 -9 8 -8 8 -8 8 -8 8 -7 8 -6 8 -5 9 -5 9 -5 9 0 0 -4 10 -3 10 -3 11 -2 11 -2 11 -2 11 -2 12 -2 12 -2 12 -1 12 -1 12 -1 13 -1 13 -1 13 -1 13 -1 13 -1 13 -1 12 -1 12 -1 12 -1 12 -2 12 -1 11 -1 11 -1 11 -1 10 0 0 0 0 0 0 0 0 0 0 ],1687784605.525721
CSI_DATA,STA,08:3A:F2:A8:E0:C1,-39,11,1,5,1,1,1,1,0,0,0,-95,1,1,1,14794117,0,110,0,0,14.9827,384,[110 96 6 0 0 0 0 0 0 0 0 0 -18 -16 -17 -16 -16 -15 -15 -16 -15 -15 -12 -15 -12 -15 -11 -15 -11 -14 -10 -14 -10 -13 -9 -13 -9 -13 -9 -12 -9 -11 -8 -10 -8 -9 -8 -9 -8 -8 -8 -8 -8 -8 -8 -7 -8 -6 -9 -6 -9 -5 -9 -4 0 0 -10 -4 -10 -3 -10 -3 -10 -2 -11 -2 -11 -2 -11 -2 -12 -2 -12 -1 -12 -1 -12 -1 -12 -1 -12 -1 -12 -1 -12 -1 -12 -1 -12 -1 -12 -1 -12 -1 -12 -1 -12 -2 -12 -1 -11 -1 -11 0 -11 -1 -11 -1 0 0 0 0 0 0 0 0 0 0 ],1687784605.532831
CSI_DATA,STA,08:3A:F2:A8:E0:C1,-39,11,1,5,1,1,1,1,0,0,0,-95,1,1,1,14802855,0,110,0,0,14.9916,384,[110 96 6 0 0 0 0 0 0 0 0 0 25 0 24 1 23 2 23 3 22 3 20 4 19 4 19 4 18 4 17 4 16 4 16 4 16 4 15 3 14 4 14 2 13 2 12 1 11 1 11 1 10 1 11 0 10 -1 10 -2 10 -2 10 -3 0 0 10 -4 9 -5 10 -5 9 -6 10 -6 10 -6 10 -6 10 -7 11 -7 10 -8 10 -8 10 -8 10 -8 11 -8 10 -8 10 -8 10 -9 10 -8 10 -8 9 -8 10 -7 10 -7 9 -7 9 -8 9 -7 8 -7 0 0 0 0 0 0 0 0 0 0 ],1687784605.541075
CSI_DATA,STA,08:3A:F2:A8:E0:C1,-39,11,1,5,1,1,1,1,0,0,0,-95,1,1,1,14814268,0,110,0,0,15.003,384,[110 96 6 0 0 0 0 0 0 0 0 0 -22 6 -21 5 -21 4 -21 3 -20 2 -19 2 -19 1 -17 1 -17 1 -16 1 -16 0 -16 0 -15 0 -14 0 -13 0 -13 1 -12 1 -12 1 -11 1 -11 2 -10 2 -9 2 -9 3 -9 3 -9 4 -8 5 0 0 -8 5 -7 6 -8 6 -7 7 -7 7 -7 7 -8 8 -7 8 -7 8 -7 8 -7 9 -7 9 -7 9 -7 9 -7 9 -6 9 -7 9 -7 9 -7 9 -6 8 -7 8 -7 8 -7 8 -6 8 -6 8 -6 8 0 0 0 0 0 0 0 0 0 0 ],1687784605.552845
CSI_DATA,STA,08:3A:F2:A8:E0:C1,-39,11,1,5,1,1,1,1,0,0,0,-95,1,1,1,14822808,0,110,0,0,15.0115,384,[110 96 6 0 0 0 0 0 0 0 0 0 6 -23 6 -22 6 -21 7 -20 7 -19 7 -18 8 -17 8 -16 8 -16 7 -14 8 -15 7 -14 6 -13 6 -13 6 -12 5 -12 5 -11 4 -11 3 -11 3 -11 2 -10 2 -10 1 -10 0 -10 0 -10 0 -10 0 0 -1 -11 -2 -10 -3 -10 -3 -10 -4 -11 -4 -11 -4 -11 -4 -11 -4 -11 -5 -11 -5 -11 -5 -11 -5 -11 -5 -11 -5 -11 -6 -11 -5 -11 -6 -11 -5 -11 -5 -11 -5 -11 -5 -11 -5 -10 -5 -10 -5 -10 -5 -9 0 0 0 0 0 0 0 0 0 0 ],1687784605.561744
CSI_DATA,STA,08:3A:F2:A8:E0:C1,-39,11,1,5,1,1,1,1,0,0,0,-95,1,1,1,14832806,0,110,0,0,15.0216,384,[110 96 6 0 0 0 0 0 0 0 0 0 25 -2 24 0 23 0 23 1 22 1 20 2 19 3 19 3 18 3 17 3 17 2 16 2 16 3 15 2 15 2 13 1 12 1 12 0 12 0 12 0 11 0 11 -1 10 -2 10 -3 10 -4 10 -5 0 0 10 -5 9 -6 9 -6 9 -7 9 -7 9 -7 10 -7 9 -8 10 -8 9 -9 9 -9 9 -9 9 -9 10 -10 9 -9 9 -9 9 -9 9 -9 9 -8 9 -9 9 -8 9 -8 9 -9 8 -9 8 -8 7 -8 0 0 0 0 0 0 0 0 0 0 ],1687784605.571318
CSI_DATA,STA,08:3A:F2:A8:E0:C1,-39,11,1,5,1,1,1,1,0,0,0,-95,1,1,1,14842778,0,110,0,0,15.0315,384,[110 96 6 0 0 0 0 0 0 0 0 0 -21 13 -22 12 -21 11 -22 11 -20 9 -20 8 -19 7 -19 6 -18 6 -17 5 -18 6 -17 5 -16 5 -15 4 -15 4 -13 5 -13 5 -12 5 -11 5 -11 5 -10 5 -10 5 -9 6 -8 6 -8 7 -8 7 0 0 -7 9 -6 9 -6 9 -6 10 -6 10 -6 10 -6 10 -6 11 -5 11 -6 11 -5 12 -5 11 -5 12 -5 12 -5 11 -5 12 -5 12 -5 11 -5 12 -5 11 -5 11 -5 11 -5 10 -5 11 -5 10 -4 10 0 0 0 0 0 0 0 0 0 0 ],1687784605.581752
CSI_DATA,STA,08:3A:F2:A8:E0:C1,-38,11,1,4,1,1,1,1,0,0,0,-95,1,1,1,14855572,0,110,0,0,15.0444,384,[110 96 6 0 0 0 0 0 0 0 0 0 7 24 6 24 6 22 4 24 3 21 2 21 1 20 1 19 0 19 1 17 1 18 0 17 1 16 1 16 0 15 0 14 1 13 0 12 2 12 2 11 2 11 3 10 2 9 4 9 5 10 5 9 0 0 6 9 6 9 7 8 7 8 8 9 8 8 8 9 9 8 9 9 9 7 10 7 10 9 10 8 10 8 9 8 10 8 10 8 10 8 9 8 9 7 9 8 8 8 8 7 9 7 8 8 8 7 0 0 0 0 0 0 0 0 0 0 ],1687784605.594069
CSI_DATA,STA,08:3A:F2:A8:E0:C1,-39,11,1,5,1,1,1,1,0,0,0,-95,1,1,1,14865140,0,110,0,0,15.054,384,[110 96 6 0 0 0 0 0 0 0 0 0 14 -21 15 -19 14 -18 15 -17 14 -16 15 -15 14 -14 14 -13 14 -13 13 -12 13 -11 13 -11 12 -10 12 -10 11 -10 10 -10 10 -9 8 -9 8 -9 8 -9 6 -8 6 -9 6 -9 5 -9 5 -10 4 -10 0 0 4 -11 2 -11 2 -11 2 -11 2 -11 2 -12 2 -13 1 -13 1 -13 1 -13 1 -13 1 -13 1 -13 1 -13 1 -13 0 -13 1 -14 1 -13 1 -13 1 -13 1 -12 1 -12 2 -13 1 -12 1 -12 1 -11 0 0 0 0 0 0 0 0 0 0 ],1687784605.603359
CSI_DATA,STA,08:3A:F2:A8:E0:C1,-39,11,1,5,1,1,1,1,0,0,0,-95,1,1,1,14873106,0,110,0,0,15.0619,384,[110 96 6 0 0 0 0 0 0 0 0 0 21 12 20 13 19 12 19 13 18 13 16 13 15 12 14 12 13 12 13 12 12 12 11 12 12 11 11 11 11 10 10 8 9 8 9 7 10 7 10 6 9 5 9 5 9 4 10 4 10 3 10 2 0 0 10 1 11 1 11 0 11 0 11 0 12 -1 12 0 12 -1 12 -1 12 -2 12 -1 12 -1 13 -1 13 -2 12 -1 12 -2 13 -2 12 -2 12 -2 11 -2 12 -1 12 -1 11 -1 11 -2 11 -1 10 -1 0 0 0 0 0 0 0 0 0 0 ],1687784605.612331
CSI_DATA,STA,08:3A:F2:A8:E0:C1,-39,11,1,5,1,1,1,1,0,0,0,-95,1,1,1,14883753,0,110,0,0,15.0725,384,[110 96 6 0 0 0 0 0 0 0 0 0 5 -23 6 -22 6 -21 6 -20 7 -19 7 -18 8 -17 7 -16 7 -16 7 -15 7 -15 7 -15 6 -14 5 -13 5 -12 5 -12 4 -12 4 -11 3 -11 3 -10 2 -10 1 -10 1 -10 0 -10 0 -10 -1 -10 0 0 -2 -10 -3 -10 -3 -10 -3 -10 -4 -11 -4 -11 -4 -11 -5 -11 -5 -11 -5 -11 -6 -11 -5 -11 -6 -11 -5 -11 -6 -11 -6 -11 -6 -11 -6 -11 -5 -11 -5 -10 -5 -11 -5 -10 -5 -10 -6 -10 -5 -10 -5 -9 0 0 0 0 0 0 0 0 0 0 ],1687784605.622449
CSI_DATA,STA,08:3A:F2:A8:E0:C1,-39,11,1,5,1,1,1,1,0,0,0,-95,1,1,1,14893748,0,110,0,0,15.0825,384,[110 96 6 0 0 0 0 0 0 0 0 0 1 -23 1 -23 2 -22 3 -22 3 -20 4 -20 4 -18 4 -18 5 -17 4 -16 4 -16 4 -15 3 -14 3 -14 3 -14 3 -13 3 -12 2 -11 1 -11 1 -11 1 -11 0 -10 0 -10 -1 -10 -2 -10 -2 -10 0 0 -3 -10 -4 -10 -4 -10 -5 -9 -5 -10 -5 -10 -5 -10 -5 -11 -5 -11 -6 -10 -7 -10 -6 -10 -7 -11 -7 -11 -6 -11 -7 -10 -6 -11 -6 -11 -6 -10 -6 -10 -6 -11 -6 -11 -5 -10 -6 -9 -5 -10 -6 -9 0 0 0 0 0 0 0 0 0 0 ],1687784605.632284
CSI_DATA,STA,08:3A:F2:A8:E0:C1,-39,11,1,5,1,1,1,1,0,0,0,-95,1,1,1,14903782,0,110,0,0,15.0925,384,[110 96 6 0 0 0 0 0 0 0 0 0 13 20 12 21 12 20 11 21 10 19 8 19 7 19 6 18 5 17 5 16 6 16 5 16 5 15 5 14 5 13 5 13 4 12 4 11 5 10 5 10 5 10 5 9 5 8 7 8 7 7 8 7 0 0 8 6 9 6 9 5 9 5 10 6 10 5 10 6 10 5 11 5 11 4 12 4 12 5 12 4 12 5 11 5 12 5 12 5 11 4 11 5 11 5 11 5 10 5 11 4 10 4 10 4 10 4 0 0 0 0 0 0 0 0 0 0 ],1687784605.642891
CSI_DATA,STA,08:3A:F2:A8:E0:C1,-39,11,1,5,1,1,1,1,0,0,0,-95,1,1,1,14913816,0,110,0,0,15.1025,384,[110 96 6 0 0 0 0 0 0 0 0 0 -5 22 -6 21 -6 20 -7 20 -7 18 -7 17 -8 16 -8 16 -8 15 -7 15 -8 15 -7 13 -7 13 -6 12 -5 11 -6 11 -5 11 -5 10 -3 10 -3 10 -3 9 -2 9 -2 9 -1 9 -1 9 0 9 0 0 1 9 2 9 3 9 3 9 3 10 3 10 4 10 4 10 4 10 4 10 4 10 5 10 5 10 5 10 5 10 5 10 5 10 5 10 5 9 5 9 5 10 4 9 4 10 5 9 4 9 4 8 0 0 0 0 0 0 0 0 0 0 ],1687784605.651679
CSI_DATA,STA,08:3A:F2:A8:E0:C1,-39,11,1,5,1,1,1,1,0,0,0,-95,1,1,1,14925094,0,110,0,0,15.1138,384,[110 96 6 0 0 0 0 0 0 0 0 0 -14 -21 -13 -21 -13 -21 -12 -21 -11 -20 -9 -20 -8 -19 -7 -18 -7 -18 -7 -17 -7 -17 -6 -17 -6 -16 -7 -15 -6 -14 -6 -13 -6 -13 -5 -12 -6 -11 -6 -11 -7 -10 -7 -9 -7 -9 -8 -8 -8 -8 -9 -8 0 0 -9 -7 -10 -7 -10 -6 -10 -6 -11 -6 -11 -6 -12 -6 -12 -6 -12 -5 -12 -5 -13 -5 -12 -5 -13 -5 -12 -5 -12 -5 -13 -5 -13 -5 -12 -5 -12 -5 -12 -5 -12 -5 -12 -5 -11 -5 -11 -5 -11 -5 -11 -4 0 0 0 0 0 0 0 0 0 0 ],1687784605.664133
CSI_DATA,STA,08:3A:F2:A8:E0:C1,-39,11,1,5,1,1,1,1,0,0,0,-95,1,1,1,14933720,0,110,0,0,15.1225,384,[110 96 6 0 0 0 0 0 0 0 0 0 -12 -23 -11 -22 -11 -22 -9 -22 -9 -21 -7 -20 -6 -20 -6 -19 -5 -19 -5 -18 -4 -18 -4 -17 -4 -16 -5 -16 -4 -14 -4 -14 -4 -13 -4 -13 -5 -12 -5 -11 -5 -11 -6 -10 -6 -9 -7 -9 -7 -9 -7 -8 0 0 -8 -8 -9 -7 -9 -7 -10 -7 -10 -7 -11 -7 -11 -7 -11 -7 -11 -7 -12 -7 -12 -7 -12 -7 -12 -7 -12 -7 -12 -6 -11 -6 -12 -7 -12 -7 -11 -7 -12 -6 -11 -7 -11 -7 -11 -7 -11 -6 -10 -7 -10 -6 0 0 0 0 0 0 0 0 0 0 ],1687784605.672599
CSI_DATA,STA,08:3A:F2:A8:E0:C1,-39,11,1,5,1,1,1,1,0,0,0,-95,1,1,1,14945271,0,110,0,0,15.134,384,[110 96 6 0 0 0 0 0 0 0 0 0 -10 22 -11 22 -11 21 -12 20 -12 18 -12 18 -12 16 -12 15 -12 15 -11 14 -11 14 -11 13 -10 12 -9 12 -9 11 -9 11 -8 11 -8 10 -6 10 -6 10 -6 9 -5 9 -4 9 -3 10 -3 10 -2 10 0 0 -2 10 -1 10 0 11 0 10 1 11 1 12 0 12 1 12 1 12 2 12 2 12 2 12 2 13 2 13 1 12 2 12 2 12 2 12 2 12 2 11 1 12 1 12 1 11 2 11 2 11 2 10 0 0 0 0 0 0 0 0 0 0 ],1687784605.68391
CSI_DATA,STA,08:3A:F2:A8:E0:C1,-38,11,1,3,1,1,1,1,0,0,0,-95,1,1,1,14957989,0,110,0,0,15.1468,384,[110 96 6 0 0 0 0 0 0 0 0 0 -16 -16 -15 -16 -15 -16 -14 -17 -13 -16 -11 -16 -11 -16 -10 -15 -10 -15 -9 -14 -8 -14 -8 -14 -8 -13 -8 -13 -7 -12 -8 -11 -7 -10 -7 -10 -8 -9 -8 -9 -8 -8 -8 -8 -7 -7 -8 -6 -9 -6 -9 -5 0 0 -9 -4 -10 -4 -10 -4 -11 -3 -11 -3 -11 -3 -12 -3 -11 -3 -12 -2 -12 -2 -12 -2 -12 -3 -12 -3 -12 -2 -12 -2 -12 -2 -13 -2 -12 -2 -11 -1 -11 -1 -11 -2 -12 -2 -11 -2 -11 -1 -11 -2 -10 -2 0 0 0 0 0 0 0 0 0 0 ],1687784605.697088
CSI_DATA,STA,08:3A:F2:A8:E0:C1,-39,11,1,5,1,1,1,1,0,0,0,-95,1,1,1,14966407,0,110,0,0,15.1552,384,[110 96 6 0 0 0 0 0 0 0 0 0 1 -26 3 -24 2 -24 3 -23 4 -22 5 -21 6 -20 6 -19 6 -19 5 -17 5 -17 5 -17 4 -16 3 -15 4 -14 3 -14 3 -13 3 -12 1 -13 1 -12 1 -12 0 -12 0 -11 -2 -11 -2 -11 -2 -11 0 0 -3 -11 -4 -11 -5 -11 -5 -10 -6 -11 -6 -12 -6 -12 -6 -12 -6 -12 -7 -11 -8 -11 -7 -12 -7 -11 -7 -11 -7 -12 -7 -11 -7 -12 -7 -11 -7 -12 -7 -11 -6 -11 -7 -11 -6 -11 -7 -10 -6 -10 -6 -10 0 0 0 0 0 0 0 0 0 0 ],1687784605.705618
CSI_DATA,STA,08:3A:F2:A8:E0:C1,-39,11,1,5,1,1,1,1,0,0,0,-95,1,1,1,14975454,0,110,0,0,15.1641,384,[110 96 6 0 0 0 0 0 0 0 0 0 -23 11 -22 10 -23 9 -22 8 -22 7 -20 6 -20 5 -19 5 -19 4 -18 3 -17 3 -17 3 -16 3 -16 3 -14 3 -14 4 -13 3 -13 4 -12 4 -11 4 -11 4 -10 4 -10 5 -9 5 -9 6 -8 7 0 0 -8 7 -7 8 -7 8 -7 9 -7 9 -7 10 -7 10 -7 10 -6 10 -6 11 -6 11 -7 11 -7 11 -6 11 -7 11 -6 11 -7 11 -6 11 -6 11 -6 10 -6 10 -6 10 -7 10 -6 10 -6 9 -5 9 0 0 0 0 0 0 0 0 0 0 ],1687784605.714186
CSI_DATA,STA,08:3A:F2:A8:E0:C1,-39,11,1,5,1,1,1,1,0,0,0,-95,1,1,1,14985489,0,110,0,0,15.1743,384,[110 96 6 0 0 0 0 0 0 0 0 0 9 -23 10 -22 9 -21 10 -21 11 -20 11 -18 11 -18 10 -17 10 -16 10 -15 10 -15 9 -14 9 -13 8 -13 8 -12 7 -12 7 -11 6 -11 5 -12 5 -11 4 -10 3 -10 3 -10 2 -11 1 -11 1 -11 0 0 0 -11 -1 -11 -2 -11 -2 -12 -2 -12 -3 -12 -3 -12 -3 -13 -3 -13 -4 -12 -4 -13 -3 -13 -3 -13 -4 -13 -4 -13 -4 -13 -4 -13 -4 -13 -4 -12 -4 -12 -3 -13 -4 -12 -3 -12 -4 -12 -3 -12 -4 -11 0 0 0 0 0 0 0 0 0 0 ],1687784605.726165
CSI_DATA,STA,08:3A:F2:A8:E0:C1,-39,11,1,5,1,1,1,1,0,0,0,-95,1,1,1,14993539,0,110,0,0,15.1823,384,[110 96 6 0 0 0 0 0 0 0 0 0 -14 -22 -12 -22 -12 -22 -11 -21 -10 -21 -8 -20 -7 -20 -7 -19 -6 -19 -6 -18 -6 -18 -5 -17 -6 -16 -6 -15 -5 -14 -6 -14 -5 -13 -5 -12 -6 -12 -6 -11 -6 -10 -7 -10 -6 -9 -8 -9 -8 -8 -8 -8 0 0 -9 -7 -10 -7 -10 -6 -11 -6 -11 -6 -11 -6 -12 -6 -12 -6 -12 -6 -12 -5 -13 -5 -12 -6 -13 -5 -12 -5 -13 -5 -13 -5 -12 -6 -12 -5 -12 -6 -12 -5 -12 -6 -12 -5 -12 -5 -12 -5 -11 -5 -11 -4 0 0 0 0 0 0 0 0 0 0 ],1687784605.7329879
CSI_DATA,STA,08:3A:F2:A8:E0:C1,-39,11,1,5,1,1,1,1,0,0,0,-95,1,1,1,15003753,0,110,0,0,15.1925,384,[110 96 6 0 0 0 0 0 0 0 0 0 -13 18 -14 18 -13 16 -14 16 -13 15 -14 14 -13 13 -13 12 -13 12 -12 11 -12 10 -12 10 -11 9 -11 9 -10 8 -10 9 -9 8 -8 8 -7 8 -7 8 -6 8 -6 8 -5 8 -5 8 -4 8 -4 9 0 0 -3 9 -3 9 -2 9 -2 9 -2 10 -1 10 -1 11 -1 10 -1 11 -1 11 -1 11 -1 11 -1 11 0 12 -1 11 0 11 0 11 0 11 0 11 0 11 0 11 -1 11 -1 11 0 10 -1 10 0 9 0 0 0 0 0 0 0 0 0 0 ],1687784605.741749
CSI_DATA,STA,08:3A:F2:A8:E0:C1,-39,11,1,5,1,1,1,1,0,0,0,-95,1,1,1,15015202,0,110,0,0,15.204,384,[110 96 6 0 0 0 0 0 0 0 0 0 17 -15 16 -14 16 -13 16 -13 16 -12 16 -10 15 -10 15 -9 15 -9 13 -8 14 -8 13 -8 12 -7 12 -7 11 -7 10 -7 10 -6 9 -7 8 -7 8 -7 7 -7 7 -7 6 -7 5 -8 5 -8 5 -8 0 0 4 -9 3 -9 3 -9 3 -10 3 -10 3 -11 3 -11 2 -11 2 -11 2 -11 1 -12 2 -12 2 -12 2 -12 2 -12 1 -12 2 -12 2 -12 2 -11 1 -11 2 -11 2 -11 2 -11 1 -11 2 -10 1 -10 0 0 0 0 0 0 0 0 0 0 ],1687784605.7540731
CSI_DATA,STA,08:3A:F2:A8:E0:C1,-38,11,1,4,1,1,1,1,0,0,0,-95,1,1,1,15025344,0,110,0,0,15.2141,384,[110 96 6 0 0 0 0 0 0 0 0 0 17 14 16 14 16 14 15 15 14 14 12 14 11 14 10 13 10 13 10 13 9 12 9 12 9 12 9 11 8 10 8 10 7 9 7 8 7 7 7 7 7 7 7 6 7 5 8 5 8 4 8 4 0 0 9 3 9 3 10 2 9 1 10 2 10 2 11 2 11 1 11 1 10 1 11 0 11 1 12 1 11 1 11 1 11 1 12 0 11 0 11 1 10 0 11 1 10 1 10 1 10 0 10 1 9 0 0 0 0 0 0 0 0 0 0 0 ],1687784605.764
CSI_DATA,STA,08:3A:F2:A8:E0:C1,-39,11,1,5,1,1,1,1,0,0,0,-95,1,1,1,15033715,0,110,0,0,15.2225,384,[110 96 6 0 0 0 0 0 0 0 0 0 -24 -9 -23 -10 -23 -10 -22 -10 -21 -10 -19 -11 -18 -11 -17 -11 -16 -11 -16 -11 -15 -10 -15 -10 -14 -9 -14 -9 -13 -9 -13 -8 -12 -7 -11 -6 -12 -6 -11 -6 -11 -5 -11 -5 -10 -3 -11 -2 -11 -2 -11 -1 0 0 -11 0 -12 0 -12 1 -11 1 -12 1 -12 2 -13 2 -13 2 -13 2 -13 3 -13 3 -13 3 -13 3 -13 3 -13 2 -13 3 -13 4 -13 3 -13 3 -12 3 -13 3 -12 2 -12 3 -12 3 -11 2 -11 3 0 0 0 0 0 0 0 0 0 0 ],1687784605.77314
CSI_DATA,STA,08:3A:F2:A8:E0:C1,-39,11,1,5,1,1,1,1,0,0,0,-95,1,1,1,15045313,0,110,0,0,15.2341,384,[110 96 6 0 0 0 0 0 0 0 0 0 -7 -25 -5 -24 -6 -24 -4 -23 -3 -22 -2 -21 -1 -21 -1 -20 -1 -20 -1 -19 -1 -18 -1 -17 -1 -16 -2 -16 -1 -15 -1 -14 -1 -13 -2 -13 -2 -12 -3 -12 -3 -11 -3 -11 -4 -10 -5 -10 -5 -10 -6 -10 0 0 -6 -10 -7 -9 -7 -9 -8 -9 -8 -9 -9 -9 -9 -9 -9 -9 -10 -9 -10 -9 -10 -9 -10 -9 -10 -9 -10 -9 -10 -9 -10 -9 -10 -9 -10 -9 -10 -9 -10 -9 -9 -9 -9 -9 -9 -9 -9 -8 -9 -8 -9 -8 0 0 0 0 0 0 0 0 0 0 ],1687784605.783723
CSI_DATA,STA,08:3A:F2:A8:E0:C1,-39,11,1,5,1,1,1,1,0,0,0,-95,1,1,1,15057902,0,110,0,0,15.2467,384,[110 96 6 0 0 0 0 0 0 0 0 0 -13 18 -14 17 -13 16 -14 16 -13 14 -14 13 -13 12 -13 12 -13 11 -12 10 -12 11 -12 10 -11 9 -11 9 -10 8 -9 9 -9 8 -8 7 -7 8 -7 7 -6 7 -6 7 -5 7 -4 8 -5 8 -4 8 0 0 -3 9 -2 9 -2 9 -2 9 -2 10 -1 10 -1 11 -1 10 -1 10 -1 10 -1 11 -1 11 -1 11 -1 11 -1 11 -1 11 0 11 0 10 0 11 0 10 -1 10 -1 10 -1 10 0 10 -1 10 0 9 0 0 0 0 0 0 0 0 0 0 ],1687784605.796366
CSI_DATA,STA,08:3A:F2:A8:E0:C1,-40,11,1,6,1,1,1,1,0,0,0,-95,1,1,1,15065045,0,110,0,0,15.254,384,[110 96 6 0 0 0 0 0 0 0 0 0 -15 17 -15 16 -14 16 -15 14 -14 13 -14 12 -14 11 -14 11 -13 11 -13 10 -12 9 -12 9 -11 9 -11 8 -10 8 -10 8 -9 8 -9 7 -8 8 -7 7 -7 7 -6 7 -6 7 -4 8 -4 8 -4 8 0 0 -3 9 -2 9 -2 9 -2 9 -1 10 -1 10 -1 10 -1 10 -1 10 -1 10 0 11 0 11 0 11 0 11 0 11 0 11 0 11 0 11 0 10 0 10 0 10 0 11 0 10 0 10 0 10 1 9 0 0 0 0 0 0 0 0 0 0 ],1687784605.803404
CSI_DATA,STA,08:3A:F2:A8:E0:C1,-39,11,1,5,1,1,1,1,0,0,0,-95,1,1,1,15076665,0,110,0,0,15.2655,384,[110 96 6 0 0 0 0 0 0 0 0 0 23 -6 23 -5 22 -5 23 -4 21 -3 20 -2 20 -2 19 -1 18 -1 17 -1 17 0 16 -1 15 0 15 0 14 0 13 -1 12 -1 12 -2 11 -2 11 -2 10 -2 10 -3 9 -4 9 -4 9 -5 9 -6 0 0 9 -6 8 -7 8 -7 7 -8 8 -8 8 -9 8 -9 8 -9 8 -9 8 -10 8 -10 8 -10 8 -10 8 -10 8 -10 8 -10 8 -10 8 -10 8 -9 7 -10 8 -9 8 -9 7 -9 7 -9 7 -9 7 -9 0 0 0 0 0 0 0 0 0 0 ],1687784605.814469
CSI_DATA,STA,08:3A:F2:A8:E0:C1,-39,11,1,5,1,1,1,1,0,0,0,-95,1,1,1,15085009,0,110,0,0,15.2736,384,[110 96 6 0 0 0 0 0 0 0 0 0 -24 -6 -24 -7 -23 -7 -23 -8 -21 -8 -20 -9 -18 -9 -18 -9 -17 -9 -17 -8 -16 -8 -15 -8 -15 -8 -15 -7 -14 -7 -13 -6 -12 -6 -11 -5 -12 -5 -11 -4 -11 -3 -11 -3 -11 -2 -11 -1 -11 -1 -12 0 0 0 -11 1 -11 1 -11 2 -11 3 -12 3 -12 3 -12 3 -12 3 -12 4 -12 4 -12 4 -13 4 -13 4 -13 5 -12 4 -13 4 -12 4 -12 4 -12 4 -12 4 -12 4 -12 4 -11 4 -11 4 -11 4 -11 4 0 0 0 0 0 0 0 0 0 0 ],1687784605.8235142
CSI_DATA,STA,08:3A:F2:A8:E0:C1,-40,11,1,6,1,1,1,1,0,0,0,-95,1,1,1,15094558,0,110,0,0,15.2833,384,[110 96 6 0 0 0 0 0 0 0 0 0 -2 23 -3 22 -3 21 -4 20 -4 19 -5 18 -5 18 -6 16 -6 16 -5 15 -6 15 -5 14 -5 13 -4 13 -4 12 -4 12 -4 11 -3 11 -3 10 -2 10 -2 9 -1 9 -1 9 0 10 0 9 1 9 0 0 2 9 3 9 3 9 4 9 4 9 4 9 4 10 5 9 5 9 5 10 5 10 5 10 5 9 6 10 6 10 6 9 6 9 6 9 6 9 5 9 5 9 5 9 5 9 5 8 5 9 5 8 0 0 0 0 0 0 0 0 0 0 ],1687784605.832531
CSI_DATA,STA,08:3A:F2:A8:E0:C1,-40,11,1,6,1,1,1,1,0,0,0,-95,1,1,1,15105390,0,110,0,0,15.2941,384,[110 96 6 0 0 0 0 0 0 0 0 0 -23 11 -23 10 -22 9 -23 8 -21 7 -20 6 -20 5 -19 5 -19 4 -18 4 -17 4 -17 3 -16 3 -16 3 -15 3 -14 3 -13 3 -12 3 -12 3 -11 4 -11 4 -10 4 -10 5 -9 5 -9 6 -9 7 0 0 -8 7 -8 8 -7 8 -7 9 -7 9 -7 10 -7 9 -7 10 -7 10 -7 10 -7 10 -7 11 -7 11 -7 11 -7 11 -7 11 -7 11 -7 11 -6 10 -6 10 -6 10 -7 10 -6 10 -6 10 -6 9 -6 9 0 0 0 0 0 0 0 0 0 0 ],1687784605.8434
CSI_DATA,STA,08:3A:F2:A8:E0:C1,-40,11,1,6,1,1,1,1,0,0,0,-95,1,1,1,15113749,0,110,0,0,15.3025,384,[110 96 6 0 0 0 0 0 0 0 0 0 -21 10 -20 9 -21 9 -20 7 -20 7 -18 6 -18 5 -17 5 -17 4 -17 4 -16 4 -16 3 -15 3 -14 3 -13 3 -13 4 -11 3 -11 4 -10 4 -10 4 -10 4 -9 4 -9 5 -8 5 -8 5 -8 6 0 0 -7 7 -6 7 -6 7 -6 8 -5 8 -6 9 -6 9 -6 9 -5 9 -5 10 -5 10 -5 10 -5 10 -5 10 -5 11 -5 10 -5 11 -5 10 -4 10 -5 10 -5 10 -5 10 -5 10 -4 10 -5 9 -4 9 0 0 0 0 0 0 0 0 0 0 ],1687784605.8520162
CSI_DATA,STA,08:3A:F2:A8:E0:C1,-40,11,1,6,1,1,1,1,0,0,0,-95,1,1,1,15125392,0,110,0,0,15.3141,384,[110 96 6 0 0 0 0 0 0 0 0 0 10 -23 11 -23 11 -21 11 -20 11 -19 11 -18 12 -17 11 -16 11 -16 10 -15 10 -15 10 -14 9 -13 8 -12 8 -12 7 -12 7 -12 6 -11 5 -11 5 -11 4 -10 4 -11 3 -11 2 -10 1 -11 1 -11 0 0 0 -11 -1 -11 -2 -11 -2 -12 -2 -12 -2 -12 -2 -12 -3 -13 -3 -13 -3 -13 -4 -13 -4 -13 -4 -13 -4 -13 -4 -13 -4 -13 -4 -13 -4 -13 -3 -13 -4 -13 -3 -13 -3 -12 -3 -12 -4 -12 -4 -12 -4 -11 0 0 0 0 0 0 0 0 0 0 ],1687784605.864929
CSI_DATA,STA,08:3A:F2:A8:E0:C1,-39,11,1,5,1,1,1,1,0,0,0,-95,1,1,1,15134470,0,110,0,0,15.3232,384,[110 96 6 0 0 0 0 0 0 0 0 0 -17 18 -17 17 -17 17 -17 15 -17 15 -17 13 -16 12 -16 11 -16 11 -15 10 -15 10 -15 9 -13 9 -13 8 -12 8 -12 9 -10 8 -10 8 -9 7 -8 7 -8 8 -7 8 -7 8 -6 8 -5 9 -5 9 0 0 -4 10 -3 10 -3 10 -3 11 -2 11 -2 11 -2 12 -2 11 -2 12 -1 12 -1 13 -1 13 -1 13 -1 12 -1 13 -1 12 -1 13 -1 12 -1 12 -1 12 -1 12 -1 12 -2 12 -1 11 -1 11 -1 11 0 0 0 0 0 0 0 0 0 0 ],1687784605.872469
CSI_DATA,STA,08:3A:F2:A8:E0:C1,-39,11,1,5,1,1,1,1,0,0,0,-95,1,1,1,15144982,0,110,0,0,15.3337,384,[110 96 6 0 0 0 0 0 0 0 0 0 23 -9 22 -8 22 -7 22 -6 21 -6 19 -4 19 -4 18 -3 18 -2 17 -2 17 -3 16 -2 15 -2 15 -2 14 -2 14 -3 12 -2 11 -3 11 -3 11 -3 10 -3 10 -4 9 -5 8 -5 8 -6 8 -7 0 0 8 -8 8 -8 7 -8 7 -9 7 -9 7 -9 8 -10 7 -10 7 -10 7 -10 7 -11 7 -11 7 -11 7 -11 7 -11 6 -11 7 -11 7 -10 7 -10 7 -10 7 -10 7 -10 7 -10 6 -10 6 -9 6 -9 0 0 0 0 0 0 0 0 0 0 ],1687784605.884004
CSI_DATA,STA,08:3A:F2:A8:E0:C1,-40,11,1,6,1,1,1,1,0,0,0,-95,1,1,1,15155335,0,110,0,0,15.3441,384,[110 96 6 0 0 0 0 0 0 0 0 0 5 -23 6 -22 6 -21 7 -20 7 -19 7 -18 8 -17 7 -16 7 -16 6 -15 7 -15 7 -14 6 -13 6 -13 5 -12 5 -12 4 -11 4 -11 3 -10 3 -11 2 -10 2 -10 1 -9 0 -10 0 -10 -1 -10 0 0 -1 -10 -2 -10 -3 -10 -3 -10 -4 -11 -4 -11 -4 -11 -4 -11 -4 -11 -5 -11 -5 -11 -5 -11 -5 -11 -5 -12 -5 -11 -5 -11 -5 -11 -5 -11 -5 -11 -5 -11 -5 -11 -5 -11 -5 -10 -5 -10 -5 -10 -5 -10 0 0 0 0 0 0 0 0 0 0 ],1687784605.8937469
CSI_DATA,STA,08:3A:F2:A8:E0:C1,-40,11,1,6,1,1,1,1,0,0,0,-95,1,1,1,15165946,0,110,0,0,15.3558,384,[110 96 6 0 0 0 0 0 0 0 0 0 9 -20 10 -19 10 -18 10 -17 10 -16 10 -16 10 -14 10 -13 10 -13 9 -12 10 -12 9 -12 8 -11 8 -11 8 -11 7 -10 6 -9 6 -9 5 -9 5 -9 4 -9 4 -9 3 -9 2 -9 2 -9 1 -9 0 0 1 -10 0 -10 0 -10 0 -10 -1 -10 -1 -11 -1 -11 -2 -11 -1 -11 -2 -11 -2 -11 -2 -12 -2 -11 -2 -12 -2 -12 -2 -12 -2 -12 -2 -12 -2 -11 -2 -11 -2 -11 -2 -11 -2 -11 -3 -11 -2 -10 -2 -10 0 0 0 0 0 0 0 0 0 0 ],1687784605.90573
CSI_DATA,STA,08:3A:F2:A8:E0:C1,-40,11,1,6,1,1,1,1,0,0,0,-95,1,1,1,15178569,0,110,0,0,15.3672,384,[110 96 6 0 0 0 0 0 0 0 0 0 -4 22 -5 21 -4 20 -5 20 -5 18 -6 17 -6 17 -6 16 -6 16 -6 14 -7 14 -6 13 -6 13 -6 12 -5 12 -4 11 -4 11 -4 10 -3 10 -2 9 -2 9 -1 9 -1 9 0 9 0 9 0 9 0 0 1 9 2 9 3 9 3 9 3 9 4 9 4 9 4 9 4 9 4 10 5 10 4 10 5 10 5 10 5 10 5 10 5 10 5 9 5 9 5 9 5 9 5 9 4 9 5 9 4 9 4 8 0 0 0 0 0 0 0 0 0 0 ],1687784605.916841
CSI_DATA,STA,08:3A:F2:A8:E0:C1,-40,11,1,6,1,1,1,1,0,0,0,-95,1,1,1,15184881,0,110,0,0,15.3735,384,[110 96 6 0 0 0 0 0 0 0 0 0 22 -3 21 -2 22 -2 20 0 21 -1 18 0 18 1 17 1 17 1 16 2 15 1 15 2 14 1 13 1 12 1 12 0 11 0 11 0 10 -1 11 -1 9 -1 10 -2 9 -2 9 -3 9 -3 8 -4 0 0 8 -5 8 -5 8 -6 8 -6 8 -7 8 -7 9 -7 8 -7 8 -8 8 -8 8 -8 8 -8 9 -8 8 -8 9 -8 8 -8 9 -9 8 -8 8 -8 8 -8 8 -7 8 -7 8 -8 8 -7 7 -7 7 -7 0 0 0 0 0 0 0 0 0 0 ],1687784605.922456
CSI_DATA,STA,08:3A:F2:A8:E0:C1,-40,11,1,6,1,1,1,1,0,0,0,-95,1,1,1,15196803,0,110,0,0,15.3855,384,[110 96 6 0 0 0 0 0 0 0 0 0 -19 -15 -18 -15 -17 -15 -16 -15 -15 -14 -14 -15 -12 -15 -12 -14 -11 -14 -11 -14 -11 -13 -10 -13 -10 -12 -10 -11 -9 -11 -9 -10 -8 -9 -8 -9 -9 -8 -9 -8 -8 -7 -9 -7 -9 -6 -9 -5 -9 -5 -10 -4 0 0 -10 -4 -10 -3 -10 -3 -11 -2 -11 -2 -11 -2 -12 -2 -12 -2 -12 -2 -12 -1 -12 -1 -13 -1 -12 -1 -12 -1 -13 -1 -12 -1 -12 -1 -12 -1 -12 -1 -12 -1 -12 -2 -12 -1 -11 -1 -11 0 -11 -1 -11 -1 0 0 0 0 0 0 0 0 0 0 ],1687784605.9354172
CSI_DATA,STA,08:3A:F2:A8:E0:C1,-39,11,1,5,1,1,1,1,0,0,0,-95,1,1,1,15209354,0,110,0,0,15.398,384,[110 96 6 0 0 0 0 0 0 0 0 0 22 8 21 9 21 9 20 10 19 9 17 10 16 10 15 10 15 10 14 9 13 9 13 9 13 8 13 8 12 7 11 7 11 6 10 5 10 5 10 4 10 4 10 3 10 2 10 1 10 1 10 0 0 0 10 -1 11 -1 11 -2 10 -2 11 -2 11 -2 12 -3 11 -3 12 -3 11 -4 11 -4 12 -4 12 -4 12 -4 12 -4 12 -4 12 -5 11 -4 11 -4 11 -4 11 -3 12 -3 11 -4 10 -4 10 -4 10 -4 0 0 0 0 0 0 0 0 0 0 ],1687784605.9479868
CSI_DATA,STA,08:3A:F2:A8:E0:C1,-39,11,1,5,1,1,1,1,0,0,0,-95,1,1,1,15221352,0,110,0,0,15.4103,384,[110 96 6 0 0 0 0 0 0 0 0 0 24 -4 23 -3 23 -3 22 -1 21 -1 20 0 19 1 18 1 18 1 17 1 16 1 16 1 15 1 15 1 14 1 14 0 13 0 11 0 11 -1 11 -1 11 -1 11 -2 10 -2 10 -3 10 -4 9 -5 0 0 9 -5 9 -6 9 -7 8 -7 9 -7 9 -8 10 -8 9 -8 9 -9 9 -9 9 -9 9 -9 9 -9 9 -9 9 -9 8 -10 9 -10 9 -9 9 -8 8 -9 9 -8 9 -8 8 -8 8 -9 8 -8 7 -8 0 0 0 0 0 0 0 0 0 0 ],1687784605.959362
CSI_DATA,STA,08:3A:F2:A8:E0:C1,-39,11,1,5,1,1,1,1,0,0,0,-95,1,1,1,15233767,0,110,0,0,15.4226,384,[110 96 6 0 0 0 0 0 0 0 0 0 -25 2 -24 2 -23 1 -24 0 -22 -1 -21 -1 -20 -2 -19 -2 -18 -3 -18 -2 -17 -3 -17 -3 -16 -3 -15 -2 -15 -2 -14 -1 -14 -1 -13 -1 -12 -1 -12 0 -12 0 -11 1 -11 2 -10 2 -11 3 -10 4 0 0 -10 5 -10 5 -9 5 -9 6 -10 6 -10 7 -10 7 -10 7 -10 8 -10 8 -10 8 -10 8 -10 8 -10 9 -10 8 -10 9 -10 8 -9 8 -9 8 -9 8 -10 8 -9 7 -9 7 -8 7 -9 7 -8 7 0 0 0 0 0 0 0 0 0 0 ],1687784605.972702
CSI_DATA,STA,08:3A:F2:A8:E0:C1,-40,11,1,6,1,1,1,1,0,0,0,-95,1,1,1,15234305,0,110,0,0,15.4272,384,[110 96 6 0 0 0 0 0 0 0 0 0 -14 -19 -12 -18 -12 -18 -11 -18 -11 -18 -9 -17 -8 -17 -8 -16 -7 -16 -7 -15 -6 -15 -5 -15 -5 -14 -5 -14 -5 -12 -6 -12 -5 -11 -5 -10 -6 -10 -6 -10 -6 -9 -6 -9 -6 -8 -7 -8 -7 -7 -7 -7 0 0 -8 -6 -9 -6 -9 -5 -10 -5 -10 -5 -10 -5 -10 -5 -10 -5 -11 -5 -11 -5 -11 -5 -11 -5 -11 -5 -11 -5 -11 -5 -11 -4 -11 -5 -11 -5 -11 -5 -11 -5 -11 -5 -11 -5 -11 -5 -10 -4 -10 -5 -9 -4 0 0 0 0 0 0 0 0 0 0 ],1687784605.976436
CSI_DATA,STA,08:3A:F2:A8:E0:C1,-40,11,1,6,1,1,1,1,0,0,0,-95,1,1,1,15246962,0,110,0,0,15.4356,384,[110 96 6 0 0 0 0 0 0 0 0 0 -23 3 -21 2 -22 2 -21 1 -21 1 -19 0 -19 0 -18 -1 -17 -1 -17 -1 -17 -1 -16 -2 -15 -2 -14 -1 -13 -1 -14 0 -12 0 -12 0 -11 0 -11 1 -10 1 -10 2 -10 2 -9 2 -9 3 -9 3 0 0 -9 4 -9 5 -8 6 -8 6 -8 6 -8 7 -8 7 -8 7 -8 8 -8 8 -9 8 -9 8 -9 8 -8 8 -8 8 -8 8 -8 9 -8 8 -8 8 -8 8 -8 8 -8 8 -8 8 -7 7 -8 7 -7 7 0 0 0 0 0 0 0 0 0 0 ],1687784605.984677
CSI_DATA,STA,08:3A:F2:A8:E0:C1,-38,11,1,4,1,1,1,1,0,0,0,-95,1,1,1,15256451,0,110,0,0,15.4451,384,[110 96 6 0 0 0 0 0 0 0 0 0 14 21 12 20 12 20 11 20 10 20 8 19 8 19 7 18 6 17 5 17 5 17 5 17 5 15 5 15 4 14 5 13 4 12 4 11 5 10 6 10 5 10 6 9 5 8 7 8 7 8 7 7 0 0 8 7 9 6 10 6 10 6 10 6 10 6 11 6 11 5 11 5 11 5 12 5 12 5 11 5 11 5 12 5 11 5 12 5 12 5 11 5 11 4 11 6 10 5 10 5 11 4 10 5 9 4 0 0 0 0 0 0 0 0 0 0 ],1687784605.994717
CSI_DATA,STA,08:3A:F2:A8:E0:C1,-41,11,1,6,1,1,1,1,0,0,0,-95,1,1,1,15268713,0,110,0,0,15.4587,384,[110 96 6 0 0 0 0 0 0 0 0 0 -23 -8 -21 -9 -22 -10 -20 -10 -20 -10 -17 -10 -17 -10 -16 -10 -15 -10 -15 -10 -14 -10 -13 -9 -13 -9 -13 -9 -12 -8 -12 -7 -11 -6 -11 -6 -11 -6 -11 -5 -10 -5 -10 -4 -10 -3 -10 -3 -10 -3 -11 -1 0 0 -11 -1 -11 0 -10 0 -11 1 -11 2 -12 1 -12 1 -12 1 -12 2 -12 2 -12 2 -13 3 -13 2 -12 2 -13 3 -12 3 -12 3 -12 2 -12 2 -12 2 -12 2 -12 2 -12 2 -12 3 -11 2 -10 2 0 0 0 0 0 0 0 0 0 0 ],1687784606.010535
CSI_DATA,STA,08:3A:F2:A8:E0:C1,-39,11,1,5,1,1,1,1,0,0,0,-95,1,1,1,15280727,0,110,0,0,15.4694,384,[110 96 6 0 0 0 0 0 0 0 0 0 -22 10 -22 9 -22 8 -22 7 -21 6 -20 5 -20 5 -19 4 -19 4 -18 3 -18 3 -17 3 -16 2 -16 3 -15 2 -14 3 -13 3 -12 3 -12 3 -11 4 -11 3 -10 4 -9 5 -9 5 -9 6 -8 7 0 0 -8 8 -7 8 -7 8 -7 9 -7 9 -7 9 -8 10 -7 9 -7 10 -7 10 -7 10 -7 10 -7 11 -7 11 -7 11 -6 10 -7 11 -6 10 -7 10 -6 10 -7 10 -7 10 -6 10 -6 10 -6 9 -6 9 0 0 0 0 0 0 0 0 0 0 ],1687784606.019632
CSI_DATA,STA,08:3A:F2:A8:E0:C1,-38,11,1,4,1,1,1,1,0,0,0,-95,1,1,1,15290180,0,110,0,0,15.4788,384,[110 96 6 0 0 0 0 0 0 0 0 0 -4 22 -4 22 -4 20 -6 21 -6 18 -6 18 -7 17 -7 16 -7 15 -6 14 -7 15 -6 14 -6 13 -6 13 -5 12 -5 12 -5 11 -4 10 -3 10 -3 10 -3 9 -2 9 -2 9 -1 9 0 10 0 9 0 0 1 9 2 9 3 10 3 9 3 10 3 10 3 10 4 10 4 10 4 9 5 10 4 10 5 10 5 10 4 10 5 10 5 10 5 10 4 10 4 9 4 10 4 10 4 9 5 9 4 9 4 8 0 0 0 0 0 0 0 0 0 0 ],1687784606.0282822
CSI_DATA,STA,08:3A:F2:A8:E0:C1,-40,11,1,6,1,1,1,1,0,0,0,-95,1,1,1,15300670,0,110,0,0,15.4893,384,[110 96 6 0 0 0 0 0 0 0 0 0 -1 25 -2 24 -2 23 -3 22 -3 21 -4 20 -5 20 -5 18 -5 18 -5 17 -5 17 -5 16 -5 15 -4 14 -4 14 -3 13 -3 12 -3 12 -2 11 -2 11 -1 11 0 10 0 10 1 10 2 10 2 10 0 0 3 10 4 9 4 9 4 10 5 10 5 10 6 10 6 10 6 10 6 10 6 10 6 10 7 11 7 11 7 10 7 10 7 10 7 10 7 10 6 9 6 10 6 10 6 9 6 9 6 9 6 9 0 0 0 0 0 0 0 0 0 0 ],1687784606.0386581
CSI_DATA,STA,08:3A:F2:A8:E0:C1,-40,11,1,6,1,1,1,1,0,0,0,-95,1,1,1,15310434,0,110,0,0,15.4991,384,[110 96 6 0 0 0 0 0 0 0 0 0 -25 4 -24 3 -24 3 -24 2 -23 1 -21 0 -20 -1 -20 -1 -19 -1 -18 -2 -18 -1 -17 -2 -17 -2 -16 -1 -15 -2 -15 0 -13 0 -13 0 -13 0 -12 1 -11 1 -11 2 -11 2 -11 2 -10 4 -10 4 0 0 -10 5 -9 6 -9 6 -9 7 -9 7 -9 7 -10 7 -10 7 -9 8 -9 9 -10 9 -10 9 -9 9 -10 9 -9 9 -9 9 -9 9 -10 9 -9 9 -9 9 -10 8 -9 8 -9 8 -8 8 -9 8 -8 7 0 0 0 0 0 0 0 0 0 0 ],1687784606.0484679
CSI_DATA,STA,08:3A:F2:A8:E0:C1,-38,11,1,4,1,1,1,1,0,0,0,-95,1,1,1,15319816,0,110,0,0,15.5084,384,[110 96 6 0 0 0 0 0 0 0 0 0 20 -9 20 -8 19 -7 20 -6 19 -5 18 -5 17 -4 17 -4 16 -3 15 -3 16 -3 15 -3 14 -2 13 -2 13 -2 12 -3 11 -2 10 -3 10 -3 10 -3 9 -3 9 -4 8 -5 8 -5 8 -6 7 -6 0 0 7 -7 7 -7 7 -8 6 -8 6 -9 7 -9 7 -9 6 -10 6 -10 6 -10 6 -10 6 -10 6 -10 6 -10 6 -10 6 -11 6 -11 6 -10 6 -10 5 -10 6 -10 6 -9 6 -9 5 -10 6 -9 5 -9 0 0 0 0 0 0 0 0 0 0 ],1687784606.057503
CSI_DATA,STA,08:3A:F2:A8:E0:C1,-39,11,1,5,1,1,1,1,0,0,0,-95,1,1,1,15329341,0,110,0,0,15.518,384,[110 96 6 0 0 0 0 0 0 0 0 0 20 -14 20 -13 20 -12 20 -11 19 -10 18 -8 18 -8 17 -7 17 -6 16 -7 15 -7 15 -6 15 -6 14 -6 13 -5 12 -6 11 -5 11 -6 10 -5 10 -6 9 -6 9 -6 8 -6 8 -7 7 -8 7 -9 0 0 6 -9 6 -9 6 -9 5 -10 5 -10 5 -11 6 -11 5 -11 5 -12 4 -12 4 -12 5 -12 5 -13 5 -13 5 -12 5 -12 5 -13 4 -12 5 -12 4 -12 5 -11 5 -11 5 -11 4 -11 4 -10 4 -10 0 0 0 0 0 0 0 0 0 0 ],1687784606.067529
CSI_DATA,STA,08:3A:F2:A8:E0:C1,-40,11,1,6,1,1,1,1,0,0,0,-95,1,1,1,15336055,0,110,0,0,15.5247,384,[110 96 6 0 0 0 0 0 0 0 0 0 20 -14 20 -13 20 -12 20 -11 19 -10 19 -9 19 -7 18 -7 17 -6 17 -6 16 -6 16 -6 15 -6 14 -6 13 -5 13 -6 12 -5 11 -6 10 -5 10 -6 9 -6 9 -6 9 -7 8 -8 7 -7 7 -8 0 0 7 -9 6 -9 6 -10 5 -10 6 -10 6 -11 6 -11 5 -12 5 -11 5 -12 5 -12 5 -12 5 -12 5 -12 5 -12 5 -12 5 -13 5 -12 6 -12 5 -12 6 -11 5 -11 5 -11 4 -12 5 -11 4 -10 0 0 0 0 0 0 0 0 0 0 ],1687784606.074355
CSI_DATA,STA,08:3A:F2:A8:E0:C1,-40,11,1,6,1,1,1,1,0,0,0,-95,1,1,1,15343595,0,110,0,0,15.5324,384,[110 96 6 0 0 0 0 0 0 0 0 0 -25 5 -25 4 -24 3 -24 2 -22 1 -22 0 -20 0 -20 -1 -20 -1 -18 -1 -18 -1 -17 -1 -17 -1 -16 -1 -16 -1 -14 0 -14 0 -13 1 -13 0 -12 1 -12 1 -11 1 -11 2 -11 3 -10 4 -11 5 0 0 -10 6 -9 6 -9 6 -9 7 -10 7 -9 7 -10 8 -10 8 -10 8 -9 8 -9 9 -10 9 -10 9 -10 9 -9 9 -10 9 -9 9 -9 9 -9 9 -9 8 -9 8 -9 8 -9 8 -8 8 -8 8 -8 8 0 0 0 0 0 0 0 0 0 0 ],1687784606.082005
CSI_DATA,STA,08:3A:F2:A8:E0:C1,-40,11,1,6,1,1,1,1,0,0,0,-95,1,1,1,15353717,0,110,0,0,15.5424,384,[110 96 6 0 0 0 0 0 0 0 0 0 -18 14 -18 13 -18 11 -18 11 -17 10 -17 9 -16 8 -16 8 -16 7 -15 7 -15 7 -14 6 -13 6 -13 6 -12 6 -12 6 -11 5 -10 6 -10 5 -9 5 -8 6 -8 6 -7 6 -7 7 -6 7 -6 7 0 0 -6 8 -5 8 -4 9 -4 9 -4 9 -4 10 -4 10 -4 10 -4 10 -3 10 -3 11 -3 11 -3 11 -3 11 -3 11 -3 11 -3 11 -3 11 -3 11 -3 11 -3 10 -3 10 -3 10 -2 10 -2 10 -3 10 0 0 0 0 0 0 0 0 0 0 ],1687784606.09174
CSI_DATA,STA,08:3A:F2:A8:E0:C1,-40,11,1,6,1,1,1,1,0,0,0,-95,1,1,1,15367670,0,110,0,0,15.5565,384,[110 96 6 0 0 0 0 0 0 0 0 0 20 -20 19 -19 19 -18 20 -16 19 -16 19 -14 19 -13 18 -12 18 -12 17 -11 16 -11 15 -10 15 -9 14 -10 13 -9 12 -10 12 -8 11 -9 9 -9 10 -9 9 -9 8 -9 7 -9 6 -10 6 -10 6 -11 0 0 5 -12 4 -12 4 -12 3 -13 3 -13 3 -14 3 -14 3 -14 3 -14 2 -14 2 -15 2 -15 2 -15 2 -15 2 -15 2 -15 2 -15 2 -15 2 -15 2 -14 2 -14 2 -14 2 -14 1 -14 2 -14 1 -13 0 0 0 0 0 0 0 0 0 0 ],1687784606.10597
CSI_DATA,STA,08:3A:F2:A8:E0:C1,-40,11,1,6,1,1,1,1,0,0,0,-95,1,1,1,15375889,0,110,0,0,15.5647,384,[110 96 6 0 0 0 0 0 0 0 0 0 18 -17 18 -16 18 -15 18 -14 17 -12 17 -12 17 -11 17 -10 16 -10 15 -9 15 -8 15 -8 14 -8 13 -8 12 -7 11 -8 11 -7 10 -7 9 -8 9 -7 8 -7 7 -8 7 -8 6 -8 6 -9 6 -9 0 0 5 -10 3 -10 3 -10 4 -11 3 -11 3 -12 3 -12 3 -12 3 -13 3 -13 3 -13 3 -13 2 -13 2 -13 2 -13 2 -13 2 -13 2 -13 2 -13 2 -13 3 -12 2 -12 3 -12 2 -12 2 -11 2 -11 0 0 0 0 0 0 0 0 0 0 ],1687784606.1147368
CSI_DATA,STA,08:3A:F2:A8:E0:C1,-40,11,1,6,1,1,1,1,0,0,0,-95,1,1,1,15384005,0,110,0,0,15.5728,384,[110 96 6 0 0 0 0 0 0 0 0 0 -7 -25 -6 -24 -6 -24 -5 -23 -5 -22 -3 -21 -2 -21 -2 -20 -1 -20 -2 -19 0 -19 -1 -18 -2 -17 -2 -16 -2 -15 -2 -15 -2 -14 -2 -13 -3 -13 -3 -12 -3 -11 -4 -11 -4 -11 -5 -11 -6 -10 -6 -9 0 0 -7 -9 -8 -9 -8 -9 -8 -9 -9 -9 -9 -9 -10 -9 -10 -9 -10 -9 -10 -9 -11 -8 -11 -9 -11 -9 -11 -9 -11 -9 -11 -8 -11 -9 -11 -9 -11 -9 -11 -9 -10 -9 -10 -8 -9 -9 -10 -8 -10 -8 -9 -8 0 0 0 0 0 0 0 0 0 0 ],1687784606.123539
CSI_DATA,STA,08:3A:F2:A8:E0:C1,-39,11,1,5,1,1,1,1,0,0,0,-95,1,1,1,15401177,0,110,0,0,15.5901,384,[110 96 6 0 0 0 0 0 0 0 0 0 -24 -9 -22 -10 -23 -10 -21 -11 -21 -11 -18 -11 -17 -11 -16 -11 -16 -11 -16 -11 -15 -10 -14 -10 -14 -10 -14 -10 -13 -9 -13 -8 -11 -7 -11 -6 -12 -6 -11 -6 -10 -6 -11 -5 -11 -3 -11 -3 -11 -2 -11 -1 0 0 -11 -1 -11 0 -11 0 -12 1 -12 1 -13 1 -13 1 -13 2 -13 3 -13 3 -13 3 -13 3 -13 3 -13 3 -13 3 -13 3 -13 3 -13 3 -12 3 -13 3 -12 3 -13 3 -12 3 -12 3 -12 2 -11 3 0 0 0 0 0 0 0 0 0 0 ],1687784606.1397069
CSI_DATA,STA,08:3A:F2:A8:E0:C1,-39,11,1,5,1,1,1,1,0,0,0,-95,1,1,1,15409809,0,110,0,0,15.5984,384,[110 96 6 0 0 0 0 0 0 0 0 0 -14 -18 -14 -18 -13 -18 -12 -18 -11 -17 -10 -16 -9 -16 -8 -16 -7 -16 -8 -15 -7 -14 -7 -14 -7 -14 -7 -13 -7 -12 -7 -11 -6 -11 -6 -10 -7 -9 -7 -9 -7 -9 -7 -8 -7 -7 -8 -7 -8 -7 -8 -6 0 0 -9 -5 -9 -5 -10 -5 -10 -4 -10 -4 -11 -4 -11 -4 -11 -4 -11 -4 -12 -3 -12 -3 -12 -3 -12 -3 -12 -3 -12 -3 -12 -3 -12 -3 -12 -3 -12 -3 -11 -3 -11 -3 -11 -3 -11 -3 -11 -2 -11 -3 -10 -3 0 0 0 0 0 0 0 0 0 0 ],1687784606.148543
CSI_DATA,STA,08:3A:F2:A8:E0:C1,-40,11,1,6,1,1,1,1,0,0,0,-95,1,1,1,15419777,0,110,0,0,15.6084,384,[110 96 6 0 0 0 0 0 0 0 0 0 21 6 19 7 20 8 18 8 18 8 16 8 16 8 15 8 14 8 14 8 13 7 12 8 12 7 12 7 11 6 11 6 10 5 10 4 10 4 9 3 9 3 9 2 9 2 9 1 9 1 9 0 0 0 9 -1 10 -1 9 -2 10 -3 9 -2 10 -3 10 -3 10 -3 10 -4 10 -4 10 -4 11 -4 11 -4 11 -4 11 -4 10 -4 11 -4 10 -4 10 -4 10 -4 10 -4 10 -4 10 -4 10 -4 9 -3 9 -4 0 0 0 0 0 0 0 0 0 0 ],1687784606.157408
CSI_DATA,STA,08:3A:F2:A8:E0:C1,-40,11,1,6,1,1,1,1,0,0,0,-95,1,1,1,15427669,0,110,0,0,15.6163,384,[110 96 6 0 0 0 0 0 0 0 0 0 7 21 6 21 6 20 4 20 4 19 3 18 2 18 1 17 1 16 1 16 1 15 0 15 1 14 1 14 1 13 1 12 2 11 2 10 2 10 2 9 2 9 3 9 3 8 4 8 4 8 5 7 0 0 5 7 6 7 7 7 7 6 7 7 8 6 8 7 8 7 9 6 8 6 9 6 9 6 9 6 9 6 9 6 9 6 9 6 9 6 9 6 9 6 9 6 8 6 8 6 8 5 8 5 8 5 0 0 0 0 0 0 0 0 0 0 ],1687784606.166613
CSI_DATA,STA,08:3A:F2:A8:E0:C1,-40,11,1,6,1,1,1,1,0,0,0,-95,1,1,1,15433947,0,110,0,0,15.6226,384,[110 96 6 0 0 0 0 0 0 0 0 0 15 -18 15 -17 15 -16 15 -14 15 -14 14 -13 14 -12 14 -11 14 -10 13 -10 13 -10 12 -9 11 -9 11 -8 10 -8 10 -8 9 -8 8 -8 8 -8 8 -8 6 -8 6 -8 6 -8 5 -9 4 -9 4 -9 0 0 3 -9 2 -10 2 -10 2 -10 2 -11 2 -11 2 -11 1 -12 1 -12 1 -12 0 -12 1 -12 1 -12 1 -12 1 -12 1 -12 1 -13 0 -12 1 -12 1 -12 1 -12 1 -11 1 -12 0 -11 1 -11 0 -10 0 0 0 0 0 0 0 0 0 0 ],1687784606.17176
CSI_DATA,STA,08:3A:F2:A8:E0:C1,-40,11,1,6,1,1,1,1,0,0,0,-95,1,1,1,15443835,0,110,0,0,15.6326,384,[110 96 6 0 0 0 0 0 0 0 0 0 14 -19 13 -17 13 -17 13 -15 14 -15 13 -14 14 -13 13 -12 12 -12 12 -11 12 -11 12 -10 11 -10 10 -9 9 -9 9 -9 8 -9 8 -9 7 -9 6 -9 6 -8 5 -9 5 -9 4 -9 4 -9 3 -10 0 0 3 -10 2 -10 1 -10 1 -11 0 -11 1 -11 0 -12 0 -12 0 -12 0 -12 -1 -12 0 -12 0 -12 -1 -12 -1 -13 -1 -12 -1 -13 -1 -12 -1 -12 -1 -12 0 -12 -1 -12 -1 -12 -1 -11 -1 -11 -1 -11 0 0 0 0 0 0 0 0 0 0 ],1687784606.182583
CSI_DATA,STA,08:3A:F2:A8:E0:C1,-39,11,1,5,1,1,1,1,0,0,0,-95,1,1,1,15455136,0,110,0,0,15.6439,384,[110 96 6 0 0 0 0 0 0 0 0 0 14 -21 15 -20 14 -18 15 -18 15 -16 14 -15 14 -14 14 -13 14 -13 13 -12 13 -12 12 -12 11 -11 11 -11 10 -10 10 -10 9 -10 8 -9 7 -9 7 -9 6 -9 6 -9 5 -9 4 -10 4 -10 3 -11 0 0 3 -11 2 -11 2 -11 1 -12 1 -12 1 -13 1 -13 1 -13 0 -13 0 -13 -1 -13 0 -13 0 -14 0 -14 0 -13 -1 -13 0 -14 -1 -14 0 -13 -1 -13 0 -13 0 -13 0 -13 -1 -12 -1 -12 -1 -12 0 0 0 0 0 0 0 0 0 0 ],1687784606.193642
CSI_DATA,STA,08:3A:F2:A8:E0:C1,-38,11,1,4,1,1,1,1,0,0,0,-95,1,1,1,15466465,0,110,0,0,15.6552,384,[110 96 6 0 0 0 0 0 0 0 0 0 21 -8 21 -7 20 -6 21 -5 19 -5 18 -4 17 -3 17 -3 17 -2 15 -2 16 -3 15 -2 14 -2 13 -2 13 -2 12 -3 12 -2 11 -2 10 -3 10 -3 9 -3 9 -4 8 -4 8 -5 8 -6 8 -6 0 0 7 -7 7 -7 7 -8 6 -8 7 -8 7 -9 7 -9 6 -9 7 -10 6 -10 6 -10 6 -10 6 -10 6 -11 6 -10 6 -11 6 -11 5 -10 6 -10 5 -10 6 -10 6 -9 5 -10 5 -10 5 -9 5 -9 0 0 0 0 0 0 0 0 0 0 ],1687784606.204845
CSI_DATA,STA,08:3A:F2:A8:E0:C1,-40,11,1,6,1,1,1,1,0,0,0,-95,1,1,1,15474827,0,110,0,0,15.6637,384,[110 96 6 0 0 0 0 0 0 0 0 0 -8 21 -9 20 -9 19 -9 18 -9 17 -9 16 -10 15 -9 14 -9 14 -9 13 -9 12 -9 12 -8 11 -8 11 -7 11 -7 10 -7 10 -6 9 -5 9 -5 9 -4 9 -4 9 -3 9 -2 9 -2 9 -2 9 0 0 -1 9 0 9 1 9 1 9 1 10 1 10 1 10 2 10 2 10 2 10 2 11 2 11 2 11 2 11 2 10 2 10 3 11 3 11 2 10 2 10 2 10 2 10 2 10 2 9 2 10 2 9 0 0 0 0 0 0 0 0 0 0 ],1687784606.213595
CSI_DATA,STA,08:3A:F2:A8:E0:C1,-38,11,1,4,1,1,1,1,0,0,0,-95,1,1,1,15486720,0,110,0,0,15.6755,384,[110 96 6 0 0 0 0 0 0 0 0 0 18 17 16 17 17 17 15 18 14 17 12 16 11 17 10 16 10 15 9 15 9 15 9 15 8 14 8 13 8 12 8 12 7 11 7 9 7 9 8 9 7 8 8 8 7 7 8 6 9 6 9 5 0 0 10 4 10 4 11 3 11 3 11 3 12 3 12 3 12 2 12 3 12 2 13 2 13 2 13 2 13 2 13 2 13 2 13 2 12 1 12 2 11 1 12 2 12 2 12 2 11 1 11 2 10 2 0 0 0 0 0 0 0 0 0 0 ],1687784606.224847
CSI_DATA,STA,08:3A:F2:A8:E0:C1,-39,11,1,5,1,1,1,1,0,0,0,-95,1,1,1,15493489,0,110,0,0,15.6821,384,[110 96 6 0 0 0 0 0 0 0 0 0 -19 -17 -18 -18 -18 -17 -17 -17 -15 -17 -13 -17 -12 -16 -12 -16 -11 -16 -11 -15 -10 -15 -10 -15 -10 -14 -10 -13 -9 -13 -9 -12 -8 -11 -8 -10 -9 -10 -9 -9 -9 -9 -8 -8 -8 -7 -10 -7 -10 -7 -10 -5 0 0 -10 -5 -11 -4 -11 -4 -11 -4 -11 -4 -12 -4 -13 -4 -13 -4 -13 -3 -13 -3 -13 -2 -13 -3 -14 -3 -14 -2 -13 -3 -13 -3 -13 -3 -13 -3 -13 -3 -13 -3 -12 -4 -13 -3 -12 -3 -12 -2 -12 -3 -12 -3 0 0 0 0 0 0 0 0 0 0 ],1687784606.232469
CSI_DATA,STA,08:3A:F2:A8:E0:C1,-39,11,1,5,1,1,1,1,0,0,0,-95,1,1,1,15504078,0,110,0,0,15.6928,384,[110 96 6 0 0 0 0 0 0 0 0 0 24 -7 23 -6 22 -6 22 -4 21 -4 21 -3 20 -2 18 -1 19 -2 17 0 18 0 17 0 16 0 15 0 14 -1 14 -2 13 -2 12 -2 11 -2 11 -3 11 -3 10 -3 10 -4 9 -5 9 -5 9 -6 0 0 8 -7 8 -7 8 -8 8 -9 8 -9 8 -9 8 -9 8 -10 8 -10 8 -10 8 -11 8 -10 8 -10 8 -11 8 -11 7 -11 8 -11 7 -11 7 -10 7 -10 8 -10 7 -10 8 -9 7 -10 7 -9 6 -9 0 0 0 0 0 0 0 0 0 0 ],1687784606.242822
CSI_DATA,STA,08:3A:F2:A8:E0:C1,-38,11,1,4,1,1,1,1,0,0,0,-95,1,1,1,15515062,0,110,0,0,15.7038,384,[110 96 6 0 0 0 0 0 0 0 0 0 -26 0 -25 -1 -25 -1 -25 -2 -24 -2 -22 -3 -21 -3 -19 -4 -19 -3 -18 -5 -18 -4 -18 -4 -17 -4 -16 -4 -15 -4 -15 -2 -14 -2 -13 -2 -13 -2 -12 -1 -12 -1 -12 0 -12 1 -11 1 -12 2 -11 3 0 0 -11 4 -11 5 -10 5 -11 6 -11 6 -11 6 -12 7 -11 7 -11 7 -11 7 -11 8 -11 8 -11 8 -11 8 -11 8 -10 9 -11 9 -10 8 -10 8 -10 8 -11 7 -10 7 -10 7 -10 7 -10 7 -9 6 0 0 0 0 0 0 0 0 0 0 ],1687784606.253721
CSI_DATA,STA,08:3A:F2:A8:E0:C1,-39,11,1,5,1,1,1,1,0,0,0,-95,1,1,1,15528133,0,110,0,0,15.7169,384,[110 96 6 0 0 0 0 0 0 0 0 0 7 -24 8 -23 7 -22 9 -21 9 -20 9 -19 9 -18 9 -17 9 -17 9 -16 9 -16 8 -15 7 -14 7 -14 7 -13 6 -13 6 -12 5 -12 4 -11 4 -11 3 -11 3 -11 2 -11 1 -11 1 -11 0 -11 0 0 -1 -11 -2 -11 -2 -11 -3 -11 -3 -12 -3 -12 -3 -12 -4 -13 -4 -12 -4 -12 -5 -13 -5 -13 -5 -12 -5 -13 -5 -13 -5 -12 -5 -13 -5 -12 -4 -12 -5 -12 -4 -12 -4 -12 -4 -12 -5 -11 -5 -11 -5 -11 0 0 0 0 0 0 0 0 0 0 ],1687784606.266918
CSI_DATA,STA,08:3A:F2:A8:E0:C1,-38,11,1,4,1,1,1,1,0,0,0,-95,1,1,1,15538061,0,110,0,0,15.7267,384,[110 96 6 0 0 0 0 0 0 0 0 0 15 -17 15 -16 14 -16 15 -15 15 -13 15 -12 14 -11 14 -11 14 -10 12 -10 13 -10 13 -9 11 -9 11 -8 11 -8 10 -8 9 -8 9 -7 8 -7 7 -7 7 -7 6 -8 6 -8 5 -8 5 -9 4 -9 0 0 3 -9 3 -10 2 -10 2 -10 2 -11 2 -12 2 -12 2 -12 2 -12 1 -11 0 -12 1 -12 1 -12 1 -12 1 -12 1 -12 1 -13 1 -12 1 -12 0 -11 1 -12 1 -11 1 -11 0 -11 1 -11 0 -10 0 0 0 0 0 0 0 0 0 0 ],1687784606.276593
CSI_DATA,STA,08:3A:F2:A8:E0:C1,-39,11,1,5,1,1,1,1,0,0,0,-95,1,1,1,15546136,0,110,0,0,15.7348,384,[110 96 6 0 0 0 0 0 0 0 0 0 -25 5 -24 4 -24 3 -24 2 -22 1 -21 0 -20 0 -19 0 -19 -1 -18 0 -18 -1 -17 0 -17 -1 -16 0 -15 -1 -14 0 -13 0 -13 1 -13 1 -12 1 -11 1 -11 1 -11 2 -10 3 -10 4 -10 5 0 0 -10 5 -9 6 -9 6 -9 7 -9 7 -9 8 -10 8 -9 8 -9 9 -9 9 -9 9 -9 9 -9 9 -9 9 -9 9 -9 9 -9 9 -9 9 -9 9 -9 9 -8 8 -9 8 -8 8 -8 8 -8 8 -8 8 0 0 0 0 0 0 0 0 0 0 ],1687784606.284608
CSI_DATA,STA,08:3A:F2:A8:E0:C1,-39,11,1,5,1,1,1,1,0,0,0,-95,1,1,1,15553596,0,110,0,0,15.7424,384,[110 96 6 0 0 0 0 0 0 0 0 0 -2 -26 -1 -25 -1 -25 0 -23 1 -23 2 -21 3 -21 3 -20 3 -20 3 -18 3 -18 3 -18 2 -16 2 -15 2 -15 1 -15 2 -13 1 -13 0 -12 0 -12 -1 -12 -2 -11 -2 -11 -3 -11 -3 -11 -4 -10 0 0 -5 -10 -6 -10 -6 -10 -7 -10 -7 -10 -7 -11 -7 -11 -8 -11 -8 -11 -8 -11 -9 -11 -9 -11 -9 -11 -9 -11 -9 -11 -9 -10 -9 -11 -9 -11 -8 -11 -8 -10 -8 -10 -8 -10 -8 -10 -8 -9 -8 -10 -8 -9 0 0 0 0 0 0 0 0 0 0 ],1687784606.292337
CSI_DATA,STA,08:3A:F2:A8:E0:C1,-39,11,1,5,1,1,1,1,0,0,0,-95,1,1,1,15565233,0,110,0,0,15.754,384,[110 96 6 0 0 0 0 0 0 0 0 0 19 -10 20 -9 19 -9 20 -7 18 -7 18 -6 17 -5 16 -4 16 -4 15 -4 15 -4 14 -4 14 -3 13 -3 13 -3 12 -3 11 -3 10 -4 10 -4 10 -4 9 -4 8 -4 8 -5 7 -6 7 -6 7 -7 0 0 7 -7 6 -7 6 -8 5 -8 6 -9 6 -9 6 -9 6 -9 6 -10 5 -10 5 -10 5 -10 5 -10 6 -10 5 -10 5 -10 6 -10 5 -11 6 -10 5 -10 6 -10 6 -9 6 -9 5 -10 5 -9 4 -9 0 0 0 0 0 0 0 0 0 0 ],1687784606.303183
CSI_DATA,STA,08:3A:F2:A8:E0:C1,-38,11,1,4,1,1,1,1,0,0,0,-95,1,1,1,15582017,0,110,0,0,15.7711,384,[110 96 6 0 0 0 0 0 0 0 0 0 1 22 1 21 1 21 -1 21 -1 19 -2 18 -3 18 -3 16 -4 16 -3 15 -3 16 -3 15 -3 14 -2 13 -3 12 -3 12 -2 11 -2 11 -1 10 -1 10 -1 9 0 9 0 9 2 9 2 9 3 9 0 0 3 9 4 9 4 9 5 8 5 8 5 9 5 9 5 9 6 9 6 8 7 9 6 9 6 9 7 9 6 9 7 9 7 9 7 8 6 9 6 8 6 9 5 9 5 8 6 8 5 8 5 8 0 0 0 0 0 0 0 0 0 0 ],1687784606.320697
CSI_DATA,STA,08:3A:F2:A8:E0:C1,-39,11,1,5,1,1,1,1,0,0,0,-95,1,1,1,15590269,0,110,0,0,15.7789,384,[110 96 6 0 0 0 0 0 0 0 0 0 16 18 14 18 14 18 13 18 12 18 10 17 9 17 8 16 8 16 8 16 7 15 6 15 7 14 7 13 6 12 6 12 6 11 6 10 6 9 6 9 6 9 7 8 7 7 8 7 7 6 8 5 0 0 8 5 9 5 10 4 10 4 10 4 11 4 11 4 11 4 11 3 12 3 12 3 12 3 12 4 12 3 12 3 12 3 12 3 12 3 12 3 11 3 11 4 11 3 11 3 10 3 10 3 10 3 0 0 0 0 0 0 0 0 0 0 ],1687784606.3281002
CSI_DATA,STA,08:3A:F2:A8:E0:C1,-39,11,1,5,1,1,1,1,0,0,0,-95,1,1,1,15598019,0,110,0,0,15.7867,384,[110 96 6 0 0 0 0 0 0 0 0 0 24 -5 23 -4 22 -3 23 -2 21 -1 20 -1 19 0 19 0 18 0 17 1 17 0 17 1 15 0 15 0 14 0 13 -1 13 -1 12 -1 11 -1 11 -2 10 -2 11 -3 10 -3 9 -4 9 -4 10 -5 0 0 9 -6 8 -6 9 -7 8 -8 8 -8 9 -8 9 -9 8 -9 9 -10 8 -9 8 -10 8 -10 8 -10 9 -10 8 -10 8 -10 8 -10 8 -10 8 -9 7 -10 8 -9 8 -9 8 -9 7 -10 7 -9 7 -9 0 0 0 0 0 0 0 0 0 0 ],1687784606.336404
CSI_DATA,STA,08:3A:F2:A8:E0:C1,-39,11,1,5,1,1,1,1,0,0,0,-95,1,1,1,15606072,0,110,0,0,15.7947,384,[110 96 6 0 0 0 0 0 0 0 0 0 22 -11 22 -10 22 -9 22 -8 20 -7 20 -6 19 -5 18 -5 18 -4 17 -4 17 -4 16 -4 15 -4 14 -3 14 -3 13 -3 12 -3 11 -4 11 -4 10 -4 9 -4 10 -5 9 -6 8 -6 8 -7 8 -8 0 0 7 -8 7 -8 7 -9 6 -9 6 -10 6 -10 6 -10 6 -11 6 -11 6 -11 5 -12 6 -11 6 -12 6 -12 6 -11 5 -12 6 -12 5 -12 6 -12 5 -11 6 -11 6 -11 5 -11 5 -11 5 -11 5 -10 0 0 0 0 0 0 0 0 0 0 ],1687784606.344662
CSI_DATA,STA,08:3A:F2:A8:E0:C1,-38,11,1,4,1,1,1,1,0,0,0,-95,1,1,1,15616294,0,110,0,0,15.8051,384,[110 96 6 0 0 0 0 0 0 0 0 0 -11 -23 -10 -23 -11 -23 -9 -23 -8 -22 -7 -21 -6 -20 -5 -19 -5 -19 -4 -18 -4 -19 -4 -18 -4 -17 -4 -16 -4 -15 -4 -15 -4 -13 -4 -13 -5 -12 -5 -12 -5 -11 -5 -11 -5 -10 -7 -10 -7 -10 -7 -9 0 0 -8 -9 -9 -8 -10 -8 -10 -8 -10 -8 -10 -8 -11 -9 -11 -8 -11 -8 -11 -7 -12 -8 -11 -8 -12 -8 -12 -8 -12 -8 -12 -7 -12 -8 -12 -7 -12 -8 -11 -7 -11 -8 -11 -7 -11 -8 -11 -7 -10 -7 -10 -7 0 0 0 0 0 0 0 0 0 0 ],1687784606.354927
CSI_DATA,STA,08:3A:F2:A8:E0:C1,-38,11,1,4,1,1,1,1,0,0,0,-95,1,1,1,15628193,0,110,0,0,15.8168,384,[110 96 6 0 0 0 0 0 0 0 0 0 -2 -26 -1 -25 -1 -24 0 -24 1 -23 2 -22 3 -21 3 -20 3 -20 3 -18 3 -18 3 -18 3 -17 2 -16 2 -15 2 -15 1 -14 1 -13 0 -13 0 -12 -1 -12 -1 -12 -1 -11 -3 -11 -3 -11 -4 -11 0 0 -4 -11 -6 -11 -6 -10 -7 -10 -7 -11 -7 -11 -7 -12 -8 -11 -8 -11 -8 -11 -9 -11 -8 -11 -9 -11 -8 -11 -9 -11 -9 -11 -9 -12 -8 -11 -8 -11 -8 -10 -8 -11 -8 -11 -7 -11 -8 -10 -7 -10 -7 -10 0 0 0 0 0 0 0 0 0 0 ],1687784606.366631
CSI_DATA,STA,08:3A:F2:A8:E0:C1,-39,11,1,5,1,1,1,1,0,0,0,-95,1,1,1,15636620,0,110,0,0,15.8253,384,[110 96 6 0 0 0 0 0 0 0 0 0 21 -7 21 -5 20 -5 20 -4 19 -3 18 -3 17 -2 17 -1 17 -1 16 -1 15 -2 15 -1 14 -1 13 -1 12 -2 12 -2 11 -2 10 -2 10 -3 10 -3 9 -3 9 -3 8 -4 8 -5 8 -5 8 -6 0 0 7 -6 7 -7 7 -8 6 -8 6 -8 7 -9 7 -9 7 -9 6 -9 6 -9 6 -10 6 -10 6 -10 6 -10 6 -10 6 -10 6 -10 6 -10 6 -10 6 -10 6 -9 6 -9 6 -9 5 -10 5 -9 5 -9 0 0 0 0 0 0 0 0 0 0 ],1687784606.375778
CSI_DATA,STA,08:3A:F2:A8:E0:C1,-39,11,1,5,1,1,1,1,0,0,0,-95,1,1,1,15644089,0,110,0,0,15.8329,384,[110 96 6 0 0 0 0 0 0 0 0 0 -7 24 -7 24 -7 22 -8 22 -8 20 -9 20 -8 18 -8 17 -8 17 -8 15 -9 16 -9 15 -8 13 -7 13 -7 13 -6 12 -6 12 -5 11 -4 11 -4 11 -3 10 -2 10 -2 10 -1 10 -1 10 0 10 0 0 1 10 2 10 2 11 3 10 3 11 4 11 3 12 4 11 4 11 4 11 5 12 5 12 4 12 5 12 5 11 5 11 5 11 5 11 5 11 5 11 5 11 4 11 4 10 4 10 4 10 4 10 0 0 0 0 0 0 0 0 0 0 ],1687784606.3825889
CSI_DATA,STA,08:3A:F2:A8:E0:C1,-39,11,1,5,1,1,1,1,0,0,0,-95,1,1,1,15656682,0,110,0,0,15.8454,384,[110 96 6 0 0 0 0 0 0 0 0 0 4 24 3 24 3 22 2 23 1 20 0 21 0 20 -1 19 -1 18 -1 17 -1 17 -1 16 -1 15 0 15 0 14 0 13 -1 13 0 12 1 12 1 11 2 10 2 10 2 9 3 9 4 10 4 9 0 0 5 8 6 8 7 8 7 8 7 8 8 8 8 9 8 8 8 8 8 8 9 8 9 8 9 8 9 9 8 8 9 8 9 8 9 8 9 8 8 7 9 8 8 8 8 7 9 7 8 7 8 7 0 0 0 0 0 0 0 0 0 0 ],1687784606.3960168
CSI_DATA,STA,08:3A:F2:A8:E0:C1,-39,11,1,5,1,1,1,1,0,0,0,-95,1,1,1,15665272,0,110,0,0,15.8541,384,[110 96 6 0 0 0 0 0 0 0 0 0 16 18 14 18 14 18 13 18 12 17 10 17 9 17 9 16 8 16 8 15 7 15 7 15 7 14 7 13 7 12 6 12 6 11 6 10 7 9 7 9 6 9 7 8 7 7 8 7 8 6 8 5 0 0 8 5 10 4 10 4 10 4 10 4 11 4 11 4 11 4 12 3 11 3 12 3 12 3 12 3 12 3 12 3 12 2 12 3 12 3 12 3 11 3 11 3 11 3 11 3 11 2 10 3 10 2 0 0 0 0 0 0 0 0 0 0 ],1687784606.403656
CSI_DATA,STA,08:3A:F2:A8:E0:C1,-39,11,1,5,1,1,1,1,0,0,0,-95,1,1,1,15674109,0,110,0,0,15.8629,384,[110 96 6 0 0 0 0 0 0 0 0 0 -25 5 -24 4 -24 3 -24 2 -23 1 -21 1 -21 0 -19 0 -19 -1 -18 -1 -18 -1 -17 -1 -17 -1 -17 -1 -15 -1 -15 0 -14 0 -13 1 -12 1 -12 1 -12 1 -11 2 -11 3 -10 4 -10 4 -10 5 0 0 -10 6 -10 6 -9 7 -9 7 -9 8 -9 8 -10 8 -9 8 -9 9 -9 9 -9 9 -9 9 -9 10 -9 10 -9 9 -9 10 -9 10 -9 9 -9 9 -8 9 -9 9 -9 9 -8 8 -8 8 -8 8 -8 8 0 0 0 0 0 0 0 0 0 0 ],1687784606.413252
CSI_DATA,STA,08:3A:F2:A8:E0:C1,-39,11,1,5,1,1,1,1,0,0,0,-95,2,1,1,15697880,0,110,0,0,15.8868,384,[110 96 6 0 0 0 0 0 0 0 0 0 23 9 21 10 22 9 20 10 20 10 17 10 16 10 15 10 15 10 14 10 13 9 13 9 13 9 13 9 12 8 12 7 10 6 10 6 10 5 10 5 10 4 10 3 10 3 10 2 10 1 10 0 0 0 10 0 11 -1 10 -1 11 -2 11 -2 11 -2 12 -2 11 -3 12 -3 12 -4 12 -4 12 -4 13 -4 12 -4 12 -4 12 -4 12 -5 12 -4 12 -4 11 -4 12 -4 11 -4 11 -4 11 -4 11 -3 10 -4 0 0 0 0 0 0 0 0 0 0 ],1687784606.4364328
CSI_DATA,STA,08:3A:F2:A8:E0:C1,-40,11,1,6,1,1,1,1,0,0,0,-95,1,1,1,15710430,0,110,0,0,15.8991,384,[110 96 6 0 0 0 0 0 0 0 0 0 8 -22 9 -21 8 -20 8 -19 9 -18 9 -18 9 -16 9 -15 9 -15 8 -14 9 -14 8 -13 7 -13 7 -12 7 -12 6 -11 6 -10 5 -10 4 -10 4 -10 3 -10 3 -10 3 -9 1 -10 1 -10 1 -10 0 0 0 -10 -1 -10 -1 -10 -1 -10 -2 -11 -2 -11 -2 -11 -3 -12 -3 -12 -3 -11 -4 -11 -4 -12 -4 -12 -4 -12 -3 -12 -3 -12 -3 -12 -4 -12 -3 -12 -4 -11 -3 -12 -3 -11 -3 -11 -4 -11 -3 -11 -3 -10 0 0 0 0 0 0 0 0 0 0 ],1687784606.4492009
CSI_DATA,STA,08:3A:F2:A8:E0:C1,-40,11,1,6,1,1,1,1,0,0,0,-95,1,1,1,15718862,0,110,0,0,15.9075,384,[110 96 6 0 0 0 0 0 0 0 0 0 24 -5 24 -5 22 -4 23 -3 21 -2 21 -1 20 -1 19 0 18 0 17 0 17 0 16 0 16 0 15 0 15 0 13 -1 13 -1 12 -2 12 -1 11 -2 11 -2 11 -2 10 -4 10 -4 9 -4 9 -6 0 0 9 -6 8 -6 9 -7 8 -8 9 -8 9 -8 9 -9 9 -9 9 -9 8 -9 8 -10 9 -9 9 -10 9 -10 8 -10 8 -10 8 -10 9 -10 8 -9 8 -10 9 -9 8 -9 8 -9 7 -9 7 -9 7 -8 0 0 0 0 0 0 0 0 0 0 ],1687784606.456345
CSI_DATA,STA,08:3A:F2:A8:E0:C1,-40,11,1,6,1,1,1,1,0,0,0,-95,1,1,1,15725207,0,110,0,0,15.9138,384,[110 96 6 0 0 0 0 0 0 0 0 0 21 -7 21 -6 20 -5 20 -4 19 -3 18 -3 18 -2 17 -2 16 -1 16 -2 15 -2 15 -1 14 -1 13 -1 12 -1 12 -2 12 -2 11 -2 10 -2 10 -3 9 -3 9 -3 9 -4 8 -4 8 -5 8 -5 0 0 8 -6 7 -7 7 -7 6 -8 7 -8 7 -8 7 -8 6 -9 7 -9 6 -9 6 -10 7 -9 7 -10 7 -10 7 -10 6 -10 7 -10 6 -10 7 -9 6 -9 7 -9 6 -9 6 -9 6 -9 6 -9 5 -9 0 0 0 0 0 0 0 0 0 0 ],1687784606.463607
CSI_DATA,STA,08:3A:F2:A8:E0:C1,-40,11,1,6,1,1,1,1,0,0,0,-95,1,1,1,15733867,0,110,0,0,15.9226,384,[110 96 6 0 0 0 0 0 0 0 0 0 21 -8 21 -7 20 -6 20 -6 19 -5 18 -4 18 -4 17 -3 16 -3 15 -2 16 -2 14 -1 14 -1 13 -2 13 -2 12 -3 12 -2 11 -3 10 -3 10 -3 9 -4 9 -4 8 -4 8 -4 8 -5 8 -6 0 0 8 -7 7 -7 7 -8 6 -8 7 -8 6 -9 7 -9 6 -9 6 -9 6 -9 6 -10 7 -9 7 -10 7 -10 7 -10 6 -10 6 -10 7 -10 6 -9 6 -9 6 -9 6 -10 6 -9 6 -9 6 -9 6 -9 0 0 0 0 0 0 0 0 0 0 ],1687784606.4721768
CSI_DATA,STA,08:3A:F2:A8:E0:C1,-40,11,1,6,1,1,1,1,0,0,0,-95,1,1,1,15745233,0,110,0,0,15.934,384,[110 96 6 0 0 0 0 0 0 0 0 0 12 18 11 19 11 17 10 18 9 17 8 17 6 16 6 16 6 15 6 14 5 14 5 14 5 13 5 12 5 12 5 11 5 10 4 9 5 9 5 8 5 8 6 7 5 7 6 6 7 6 6 5 0 0 8 6 8 5 8 4 8 4 9 4 9 4 9 4 10 4 10 4 10 4 11 3 11 3 11 3 11 3 10 3 11 3 11 3 11 3 10 3 10 3 10 3 10 3 10 3 10 2 10 3 9 3 0 0 0 0 0 0 0 0 0 0 ],1687784606.483679
CSI_DATA,STA,08:3A:F2:A8:E0:C1,-39,11,1,5,1,1,1,1,0,0,0,-95,1,1,1,15757672,0,110,0,0,15.9464,384,[110 96 6 0 0 0 0 0 0 0 0 0 8 23 6 22 6 22 5 22 4 20 3 20 2 19 1 18 1 18 1 16 1 16 1 16 1 16 2 15 1 14 1 13 1 12 1 12 2 11 2 11 3 10 3 10 3 9 4 9 5 9 5 8 0 0 6 8 7 8 7 8 7 7 8 8 8 8 8 8 9 8 8 8 9 7 10 7 9 8 10 8 10 8 9 8 10 8 9 8 9 7 9 8 9 7 9 7 8 8 9 7 8 6 8 7 8 6 0 0 0 0 0 0 0 0 0 0 ],1687784606.496066
CSI_DATA,STA,08:3A:F2:A8:E0:C1,-40,11,1,6,1,1,1,1,0,0,0,-95,1,1,1,15765491,0,110,0,0,15.9541,384,[110 96 6 0 0 0 0 0 0 0 0 0 7 21 6 21 6 20 5 20 4 19 3 18 2 18 1 18 1 17 1 16 1 16 1 15 1 14 1 14 1 12 1 12 1 11 1 11 2 10 3 10 2 9 3 9 3 8 4 8 4 8 5 7 0 0 6 7 7 7 7 6 7 6 8 6 8 7 8 7 8 6 8 7 9 6 9 6 9 7 10 6 9 6 9 6 9 6 10 6 9 6 9 6 9 6 9 6 9 6 8 6 9 5 8 5 8 5 0 0 0 0 0 0 0 0 0 0 ],1687784606.50405
CSI_DATA,STA,08:3A:F2:A8:E0:C1,-40,11,1,6,1,1,1,1,0,0,0,-95,1,1,1,15773849,0,110,0,0,15.9626,384,[110 96 6 0 0 0 0 0 0 0 0 0 0 25 0 24 -1 24 -2 23 -2 21 -3 21 -4 20 -5 19 -5 18 -4 17 -4 17 -4 16 -3 16 -3 15 -3 14 -3 13 -3 13 -3 12 -2 12 -1 11 -1 11 0 11 0 10 2 10 2 10 2 10 0 0 3 10 4 10 4 10 5 10 5 10 5 10 5 10 6 11 6 11 6 10 7 10 7 11 7 11 7 11 6 11 7 11 6 10 6 10 6 11 6 10 6 11 5 11 6 10 6 9 6 10 6 9 0 0 0 0 0 0 0 0 0 0 ],1687784606.5114791
CSI_DATA,STA,08:3A:F2:A8:E0:C1,-40,11,1,6,1,1,1,1,0,0,0,-95,1,1,1,15787138,0,110,0,0,15.9761,384,[110 96 6 0 0 0 0 0 0 0 0 0 12 21 11 21 10 20 9 20 8 19 7 19 6 19 5 18 5 18 5 17 4 16 4 16 4 15 5 14 4 14 4 12 4 12 4 11 5 10 5 10 5 10 5 9 5 8 6 8 7 8 7 7 0 0 8 6 8 6 9 6 9 5 9 6 10 6 10 6 10 5 11 5 11 5 11 5 11 5 11 5 11 5 11 5 11 5 12 5 11 5 11 5 10 5 11 5 10 5 10 5 11 4 9 5 10 4 0 0 0 0 0 0 0 0 0 0 ],1687784606.525685
CSI_DATA,STA,08:3A:F2:A8:E0:C1,-38,11,1,4,1,1,1,1,0,0,0,-95,1,1,1,15798231,0,110,0,0,15.9869,384,[110 96 6 0 0 0 0 0 0 0 0 0 18 -19 17 -17 18 -17 18 -15 18 -15 16 -12 17 -12 15 -11 16 -11 15 -10 15 -9 14 -9 14 -8 13 -8 12 -7 12 -9 10 -8 10 -8 9 -8 9 -8 8 -7 8 -8 7 -8 6 -9 6 -9 5 -10 0 0 5 -11 4 -11 3 -11 3 -12 3 -12 3 -12 3 -13 3 -13 3 -13 2 -13 2 -14 2 -13 2 -14 2 -13 2 -14 1 -13 2 -15 2 -13 2 -13 1 -13 2 -13 2 -13 3 -13 2 -12 2 -12 2 -12 0 0 0 0 0 0 0 0 0 0 ],1687784606.536862
CSI_DATA,STA,08:3A:F2:A8:E0:C1,-39,11,1,5,1,1,1,1,0,0,0,-95,1,1,1,15811793,0,110,0,0,16.0007,384,[110 96 6 0 0 0 0 0 0 0 0 0 13 -21 13 -21 12 -19 14 -19 13 -17 13 -17 13 -15 13 -14 13 -14 12 -13 12 -13 11 -13 10 -11 10 -11 10 -11 9 -10 9 -10 8 -10 7 -10 7 -10 6 -9 5 -9 5 -9 3 -10 4 -10 3 -11 0 0 2 -11 1 -11 1 -11 1 -11 0 -12 1 -13 1 -13 0 -13 0 -13 -1 -13 -1 -13 -1 -13 -1 -13 -1 -14 0 -13 -1 -14 0 -13 -1 -14 0 -13 -1 -13 0 -13 0 -13 0 -12 -1 -12 0 -12 -1 -11 0 0 0 0 0 0 0 0 0 0 ],1687784606.550369
CSI_DATA,STA,08:3A:F2:A8:E0:C1,-40,11,1,6,1,1,1,1,0,0,0,-95,1,1,1,15820317,0,110,0,0,16.009,384,[110 96 6 0 0 0 0 0 0 0 0 0 24 -3 24 -2 23 -1 23 0 21 0 20 1 19 1 18 2 18 2 17 2 16 1 16 1 16 2 15 1 14 1 13 1 13 0 12 0 11 0 11 -1 11 -1 11 -1 10 -2 10 -3 10 -4 9 -5 0 0 10 -5 9 -6 9 -6 9 -7 9 -7 9 -8 10 -8 9 -8 10 -8 9 -9 9 -9 9 -9 9 -9 9 -9 9 -9 9 -9 9 -9 9 -9 9 -9 9 -9 9 -8 9 -8 8 -8 8 -8 8 -8 8 -8 0 0 0 0 0 0 0 0 0 0 ],1687784606.558393
CSI_DATA,STA,08:3A:F2:A8:E0:C1,-39,11,1,5,1,1,1,1,0,0,0,-95,1,1,1,15829551,0,110,0,0,16.0182,384,[110 96 6 0 0 0 0 0 0 0 0 0 -9 23 -10 22 -9 21 -10 20 -10 18 -11 18 -11 17 -11 16 -11 16 -10 14 -10 14 -10 13 -9 13 -8 12 -8 12 -8 11 -8 11 -7 10 -6 10 -5 10 -5 10 -4 10 -3 9 -2 10 -2 10 -2 10 0 0 -1 10 0 10 1 11 1 10 1 11 1 11 1 12 2 11 1 12 2 11 2 12 2 12 2 12 3 13 2 12 3 12 2 12 3 12 2 12 2 11 2 12 1 12 2 11 2 10 2 11 2 10 0 0 0 0 0 0 0 0 0 0 ],1687784606.567553
CSI_DATA,STA,08:3A:F2:A8:E0:C1,-39,11,1,5,1,1,1,1,0,0,0,-95,1,1,1,15837513,0,110,0,0,16.0261,384,[110 96 6 0 0 0 0 0 0 0 0 0 -24 -7 -24 -7 -23 -7 -23 -8 -21 -8 -19 -9 -18 -9 -18 -9 -17 -10 -16 -9 -16 -9 -15 -9 -14 -8 -14 -8 -14 -7 -13 -7 -12 -6 -12 -5 -12 -5 -11 -5 -11 -4 -11 -4 -10 -3 -11 -2 -11 -2 -11 -1 0 0 -11 0 -11 0 -11 1 -11 1 -12 1 -12 2 -13 1 -13 2 -13 2 -13 3 -13 3 -13 3 -13 3 -13 3 -13 3 -13 3 -13 3 -13 3 -13 2 -13 3 -13 2 -13 2 -12 2 -12 2 -12 2 -11 2 0 0 0 0 0 0 0 0 0 0 ],1687784606.5757382
CSI_DATA,STA,08:3A:F2:A8:E0:C1,-40,11,1,6,1,1,1,1,0,0,0,-95,1,1,1,15846702,0,110,0,0,16.0353,384,[110 96 6 0 0 0 0 0 0 0 0 0 2 -23 2 -23 3 -22 4 -21 4 -20 5 -19 5 -18 5 -18 4 -17 5 -16 5 -16 5 -15 5 -14 4 -14 4 -13 3 -13 3 -12 3 -12 1 -11 2 -11 0 -11 0 -11 0 -10 -1 -10 -1 -10 -1 -10 0 0 -3 -10 -4 -10 -4 -10 -4 -10 -5 -10 -5 -11 -5 -10 -6 -11 -6 -10 -6 -11 -6 -11 -6 -11 -6 -11 -6 -11 -6 -11 -7 -11 -6 -11 -6 -11 -6 -11 -7 -10 -6 -10 -6 -10 -6 -10 -6 -10 -5 -10 -5 -10 0 0 0 0 0 0 0 0 0 0 ],1687784606.584387
CSI_DATA,STA,08:3A:F2:A8:E0:C1,-39,11,1,5,1,1,1,1,0,0,0,-95,1,1,1,15855078,0,110,0,0,16.0437,384,[110 96 6 0 0 0 0 0 0 0 0 0 -24 2 -26 1 -23 0 -25 -1 -21 -2 -22 -1 -20 -3 -19 -3 -19 -3 -18 -3 -18 -2 -17 -2 -16 -2 -16 -1 -15 -2 -14 -1 -14 -1 -12 -1 -13 0 -12 -1 -11 0 -11 1 -10 2 -10 3 -10 3 -11 4 0 0 -10 5 -9 5 -10 7 -9 6 -10 7 -10 7 -10 7 -9 8 -10 8 -9 8 -9 9 -9 9 -9 10 -9 10 -9 8 -9 10 -9 9 -9 9 -9 9 -9 8 -9 9 -9 8 -8 8 -7 9 -8 8 -7 8 0 0 0 0 0 0 0 0 0 0 ],1687784606.5938601
CSI_DATA,STA,08:3A:F2:A8:E0:C1,-40,11,1,6,1,1,1,1,0,0,0,-95,1,1,1,15865364,0,110,0,0,16.0541,384,[110 96 6 0 0 0 0 0 0 0 0 0 -6 21 -7 21 -7 19 -8 19 -8 18 -8 17 -9 16 -9 15 -9 15 -8 14 -8 14 -8 13 -7 12 -7 12 -6 11 -6 11 -6 10 -5 10 -4 10 -4 9 -3 9 -3 9 -3 9 -1 9 -1 9 0 9 0 0 0 9 1 9 1 9 2 9 2 10 2 10 2 10 3 10 3 10 3 10 3 10 3 11 3 11 4 11 3 10 4 11 4 10 3 10 3 10 3 10 3 10 3 10 3 9 4 9 3 9 3 9 0 0 0 0 0 0 0 0 0 0 ],1687784606.602886
CSI_DATA,STA,08:3A:F2:A8:E0:C1,-40,11,1,6,1,1,1,1,0,0,0,-95,1,1,1,15875040,0,110,0,0,16.0638,384,[110 96 6 0 0 0 0 0 0 0 0 0 5 -23 6 -22 6 -21 6 -20 6 -19 7 -18 7 -18 7 -17 7 -16 6 -16 7 -15 6 -14 5 -14 5 -13 5 -13 5 -12 5 -12 3 -11 3 -11 2 -11 2 -11 1 -10 1 -10 0 -10 -1 -10 -1 -10 0 0 -2 -10 -2 -10 -3 -10 -3 -10 -4 -11 -4 -11 -4 -11 -5 -11 -4 -11 -5 -11 -6 -11 -5 -11 -5 -11 -5 -11 -5 -12 -5 -11 -6 -12 -6 -11 -6 -11 -6 -11 -5 -11 -5 -10 -5 -11 -6 -10 -5 -10 -5 -10 0 0 0 0 0 0 0 0 0 0 ],1687784606.613305
CSI_DATA,STA,08:3A:F2:A8:E0:C1,-40,11,1,6,1,1,1,1,0,0,0,-95,1,1,1,15886298,0,110,0,0,16.0752,384,[110 96 6 0 0 0 0 0 0 0 0 0 25 -2 23 -1 23 -1 22 0 21 1 20 1 19 2 18 2 18 2 17 3 17 2 16 2 15 2 14 2 14 2 14 1 12 1 12 0 11 0 11 0 11 -1 11 -1 10 -2 9 -2 9 -3 10 -4 0 0 9 -5 9 -5 9 -6 9 -6 9 -6 9 -7 9 -7 10 -8 9 -8 10 -8 9 -8 10 -8 10 -8 10 -8 10 -9 9 -8 10 -9 9 -8 10 -8 9 -8 9 -8 9 -8 9 -8 9 -8 9 -7 8 -8 0 0 0 0 0 0 0 0 0 0 ],1687784606.624419
CSI_DATA,STA,08:3A:F2:A8:E0:C1,-40,11,1,6,1,1,1,1,0,0,0,-95,1,1,1,15895724,0,110,0,0,16.0845,384,[110 96 6 0 0 0 0 0 0 0 0 0 21 -14 21 -13 20 -12 20 -10 20 -10 19 -9 18 -8 18 -7 17 -6 17 -6 15 -6 15 -6 15 -6 14 -5 13 -5 13 -6 12 -6 11 -6 10 -5 10 -6 9 -6 9 -7 8 -7 7 -8 7 -8 7 -8 0 0 6 -9 6 -9 5 -10 5 -11 5 -10 5 -11 5 -11 5 -12 5 -12 4 -12 4 -13 4 -12 4 -13 4 -13 5 -13 4 -12 4 -13 4 -12 4 -12 4 -12 4 -12 4 -12 4 -12 3 -12 3 -11 3 -11 0 0 0 0 0 0 0 0 0 0 ],1687784606.634649
CSI_DATA,STA,08:3A:F2:A8:E0:C1,-39,11,1,5,1,1,1,1,0,0,0,-95,1,1,1,15906376,0,110,0,0,16.0951,384,[110 96 6 0 0 0 0 0 0 0 0 0 -7 -25 -5 -25 -5 -23 -4 -23 -3 -22 -2 -22 -1 -20 -1 -20 0 -20 -1 -18 -1 -18 -1 -17 -1 -16 -1 -16 -1 -15 -2 -14 -1 -14 -1 -12 -2 -13 -2 -12 -3 -12 -3 -12 -4 -10 -5 -10 -5 -10 -6 -10 0 0 -7 -10 -7 -9 -8 -9 -8 -8 -9 -9 -9 -10 -9 -10 -9 -9 -9 -9 -10 -9 -11 -8 -10 -9 -11 -9 -10 -9 -10 -9 -11 -9 -10 -9 -10 -9 -10 -9 -10 -9 -10 -9 -9 -9 -9 -8 -10 -7 -9 -8 -9 -8 0 0 0 0 0 0 0 0 0 0 ],1687784606.64542
CSI_DATA,STA,08:3A:F2:A8:E0:C1,-40,11,1,6,1,1,1,1,0,0,0,-95,1,1,1,15915617,0,110,0,0,16.1044,384,[110 96 6 0 0 0 0 0 0 0 0 0 -14 18 -14 17 -14 16 -14 15 -14 14 -14 13 -14 12 -14 12 -13 11 -13 10 -13 10 -12 9 -11 9 -11 8 -10 8 -10 8 -9 8 -8 8 -8 7 -7 7 -7 7 -6 7 -6 7 -5 8 -4 8 -4 8 0 0 -3 9 -2 9 -2 9 -2 9 -2 10 -2 10 -2 10 -2 11 -2 11 -1 11 -1 11 -1 11 -1 11 -1 11 -1 11 -1 11 -1 11 -1 11 -1 11 -1 10 -1 11 -1 10 -1 10 0 10 -1 10 0 10 0 0 0 0 0 0 0 0 0 0 ],1687784606.653693
CSI_DATA,STA,08:3A:F2:A8:E0:C1,-40,11,1,6,1,1,1,1,0,0,0,-95,1,1,1,15931270,0,110,0,0,16.12,384,[110 96 6 0 0 0 0 0 0 0 0 0 -20 -15 -19 -15 -18 -15 -17 -15 -16 -14 -14 -15 -13 -15 -13 -15 -13 -15 -12 -13 -11 -13 -11 -13 -11 -13 -10 -12 -10 -11 -9 -10 -9 -9 -9 -9 -10 -8 -9 -8 -9 -7 -9 -7 -9 -6 -10 -5 -10 -5 -10 -4 0 0 -10 -3 -11 -3 -11 -3 -11 -2 -12 -2 -12 -2 -12 -2 -13 -1 -13 -1 -13 -1 -13 -1 -13 -1 -13 -1 -13 -1 -13 -1 -13 -1 -13 -1 -13 -1 -12 -1 -13 -1 -13 -1 -13 -1 -12 -1 -11 0 -12 -1 -11 -1 0 0 0 0 0 0 0 0 0 0 ],1687784606.6704562
CSI_DATA,STA,08:3A:F2:A8:E0:C1,-39,11,1,5,1,1,1,1,0,0,0,-95,1,1,1,15942768,0,110,0,0,16.1317,384,[110 96 6 0 0 0 0 0 0 0 0 0 -22 -12 -21 -13 -21 -13 -19 -13 -19 -13 -16 -13 -15 -13 -14 -13 -14 -13 -13 -13 -12 -12 -12 -12 -12 -11 -12 -11 -11 -10 -11 -10 -10 -8 -10 -8 -10 -7 -10 -7 -10 -7 -10 -6 -10 -5 -10 -4 -11 -4 -11 -3 0 0 -10 -2 -11 -2 -11 -1 -12 -1 -12 -1 -12 -1 -13 -1 -13 -1 -13 -1 -13 0 -13 0 -13 0 -14 0 -13 0 -14 0 -13 0 -13 0 -13 0 -13 0 -13 0 -13 -1 -13 -1 -12 0 -12 0 -12 0 -11 0 0 0 0 0 0 0 0 0 0 0 ],1687784606.6813571
CSI_DATA,STA,08:3A:F2:A8:E0:C1,-40,11,1,6,1,1,1,1,0,0,0,-95,1,1,1,15952885,0,110,0,0,16.1416,384,[110 96 6 0 0 0 0 0 0 0 0 0 -23 -2 -22 -2 -22 -3 -20 -3 -21 -4 -18 -5 -18 -5 -17 -5 -16 -5 -17 -5 -15 -5 -15 -6 -14 -5 -14 -4 -13 -4 -13 -3 -11 -3 -11 -3 -11 -2 -11 -2 -11 -1 -10 -1 -10 0 -10 0 -10 0 -9 1 0 0 -10 2 -10 3 -9 3 -10 4 -10 4 -10 4 -10 4 -10 4 -10 5 -11 5 -11 5 -11 5 -11 5 -10 5 -11 5 -11 5 -11 5 -10 5 -10 5 -10 5 -10 4 -10 5 -10 4 -10 5 -10 4 -9 4 0 0 0 0 0 0 0 0 0 0 ],1687784606.69154
CSI_DATA,STA,08:3A:F2:A8:E0:C1,-40,11,1,6,1,1,1,1,0,0,0,-95,1,1,1,15959840,0,110,0,0,16.1485,384,[110 96 6 0 0 0 0 0 0 0 0 0 -21 -11 -19 -11 -19 -11 -19 -12 -17 -11 -16 -12 -15 -12 -14 -12 -14 -12 -13 -11 -12 -11 -12 -11 -12 -10 -11 -10 -11 -9 -10 -8 -9 -8 -10 -7 -10 -7 -10 -6 -10 -5 -10 -5 -9 -4 -10 -4 -10 -4 -10 -3 0 0 -10 -2 -10 -1 -10 -1 -11 -1 -11 0 -11 -1 -12 0 -12 0 -12 0 -12 0 -12 1 -12 0 -12 1 -12 1 -12 1 -12 1 -12 1 -12 1 -12 1 -12 1 -12 0 -12 1 -12 0 -11 1 -11 0 -11 0 0 0 0 0 0 0 0 0 0 0 ],1687784606.6983922
CSI_DATA,STA,08:3A:F2:A8:E0:C1,-38,11,1,4,1,1,1,1,0,0,0,-95,1,1,1,15969680,0,110,0,0,16.1583,384,[110 96 6 0 0 0 0 0 0 0 0 0 18 11 18 12 17 12 17 13 15 12 14 12 12 12 12 12 11 12 11 11 11 11 11 10 11 10 10 9 9 9 9 8 8 8 8 6 8 6 8 6 8 6 8 5 8 4 9 3 9 3 9 2 0 0 9 1 9 1 10 1 9 0 10 0 10 0 11 1 11 0 11 0 10 -1 11 -2 11 -1 12 -1 12 -2 11 -1 11 -1 12 -2 10 -2 11 -1 10 -1 11 -1 11 0 10 -1 10 -3 10 -1 9 -2 0 0 0 0 0 0 0 0 0 0 ],1687784606.707948
CSI_DATA,STA,08:3A:F2:A8:E0:C1,-39,11,1,5,1,1,1,1,0,0,0,-95,1,1,1,15980964,0,110,0,0,16.1697,384,[110 96 6 0 0 0 0 0 0 0 0 0 21 -13 20 -12 21 -11 20 -10 20 -9 18 -8 18 -7 18 -7 17 -6 17 -6 16 -5 15 -6 15 -5 14 -5 13 -4 13 -6 12 -5 11 -5 10 -5 10 -6 9 -5 9 -6 8 -7 7 -7 7 -7 7 -8 0 0 7 -9 6 -9 5 -9 5 -11 5 -10 5 -11 6 -11 5 -12 5 -12 4 -12 4 -12 5 -12 5 -13 5 -12 5 -13 4 -12 4 -13 4 -12 5 -12 4 -12 4 -12 4 -12 4 -12 4 -11 3 -11 3 -11 0 0 0 0 0 0 0 0 0 0 ],1687784606.7193248
CSI_DATA,STA,08:3A:F2:A8:E0:C1,-39,11,1,5,1,1,1,1,0,0,0,-95,1,1,1,15993613,0,110,0,0,16.1828,384,[110 96 6 0 0 0 0 0 0 0 0 0 -21 -13 -20 -14 -20 -14 -19 -14 -17 -14 -16 -14 -15 -14 -13 -14 -13 -14 -13 -13 -13 -13 -12 -12 -12 -12 -11 -11 -11 -11 -11 -10 -9 -9 -9 -8 -10 -8 -10 -8 -9 -7 -9 -6 -9 -5 -10 -5 -10 -5 -10 -4 0 0 -10 -3 -11 -2 -11 -2 -12 -2 -12 -2 -12 -2 -13 -2 -13 -1 -13 -1 -13 -1 -13 0 -13 -1 -13 -1 -13 -1 -13 -1 -13 0 -14 -1 -13 -1 -13 -1 -13 -1 -13 -1 -13 -1 -12 -1 -12 0 -12 -1 -12 0 0 0 0 0 0 0 0 0 0 0 ],1687784606.7323241
CSI_DATA,STA,08:3A:F2:A8:E0:C1,-40,11,1,6,1,1,1,1,0,0,0,-95,1,1,1,16002812,0,110,0,0,16.1915,384,[110 96 6 0 0 0 0 0 0 0 0 0 19 -16 19 -15 18 -14 19 -13 18 -12 17 -11 17 -10 17 -9 16 -9 16 -9 15 -8 14 -7 14 -7 13 -7 12 -8 12 -7 11 -7 11 -7 9 -7 9 -7 8 -8 8 -8 7 -8 6 -8 6 -9 6 -9 0 0 5 -10 4 -10 4 -10 4 -11 4 -11 3 -12 3 -12 3 -12 3 -12 3 -13 3 -13 3 -13 3 -14 3 -13 3 -13 3 -13 3 -13 3 -13 3 -13 3 -12 3 -12 3 -13 3 -12 2 -12 3 -12 2 -11 0 0 0 0 0 0 0 0 0 0 ],1687784606.741961
CSI_DATA,STA,08:3A:F2:A8:E0:C1,-38,11,1,4,1,1,1,1,0,0,0,-95,1,1,1,16018090,0,110,0,0,16.2069,384,[110 96 6 0 0 0 0 0 0 0 0 0 -3 22 -4 20 -4 20 -5 20 -6 18 -6 18 -7 17 -6 15 -6 15 -6 14 -6 15 -6 14 -5 13 -5 12 -5 12 -5 12 -4 11 -4 10 -3 10 -3 10 -3 9 -2 9 -2 9 0 9 0 9 0 9 0 0 1 9 2 9 3 9 3 9 3 9 3 9 3 10 3 10 4 10 4 9 5 10 4 10 4 10 5 10 4 10 5 10 5 10 5 9 5 10 4 9 4 9 3 10 4 9 5 9 4 9 4 8 0 0 0 0 0 0 0 0 0 0 ],1687784606.755713
CSI_DATA,STA,08:3A:F2:A8:E0:C1,-40,11,1,6,1,1,1,1,0,0,0,-95,1,1,1,16019027,0,110,0,0,16.2116,384,[110 96 6 0 0 0 0 0 0 0 0 0 5 23 3 23 3 23 2 22 2 21 0 20 0 19 -1 19 -1 19 0 17 -1 17 -1 16 0 15 0 15 0 14 0 13 0 12 0 12 1 11 2 11 1 10 2 10 3 10 4 9 4 9 4 9 0 0 5 8 6 9 7 8 7 8 7 8 8 8 8 8 8 8 8 8 9 9 9 8 9 8 9 8 9 8 9 8 9 8 10 8 9 7 9 7 9 7 9 8 8 7 8 7 9 7 8 7 8 6 0 0 0 0 0 0 0 0 0 0 ],1687784606.761302
CSI_DATA,STA,08:3A:F2:A8:E0:C1,-40,11,1,6,1,1,1,1,0,0,0,-95,1,1,1,16029168,0,110,0,0,16.2178,384,[110 96 6 0 0 0 0 0 0 0 0 0 15 -17 16 -16 15 -15 16 -14 15 -13 15 -13 14 -11 15 -10 14 -10 13 -9 13 -10 12 -9 12 -9 11 -8 11 -8 10 -8 9 -7 8 -8 7 -8 8 -7 7 -8 6 -8 6 -8 5 -8 5 -8 4 -9 0 0 4 -10 3 -10 3 -10 2 -10 2 -11 2 -11 2 -11 2 -12 2 -12 1 -12 1 -12 1 -12 1 -12 1 -13 1 -12 1 -12 1 -12 1 -12 1 -12 1 -12 1 -12 1 -11 1 -11 0 -11 1 -11 0 -11 0 0 0 0 0 0 0 0 0 0 ],1687784606.7673228
CSI_DATA,STA,08:3A:F2:A8:E0:C1,-40,11,1,6,1,1,1,1,0,0,0,-95,1,1,1,16035913,0,110,0,0,16.2245,384,[110 96 6 0 0 0 0 0 0 0 0 0 -16 -21 -14 -20 -14 -20 -13 -20 -12 -19 -10 -19 -10 -19 -9 -19 -8 -18 -9 -17 -8 -16 -7 -16 -8 -15 -8 -15 -7 -14 -6 -13 -6 -12 -6 -12 -7 -11 -7 -11 -7 -10 -7 -10 -7 -9 -8 -8 -8 -8 -9 -7 0 0 -9 -7 -10 -7 -10 -6 -11 -6 -11 -6 -11 -6 -11 -6 -12 -6 -12 -6 -12 -6 -12 -5 -13 -6 -13 -6 -12 -5 -12 -6 -13 -6 -12 -6 -12 -6 -12 -6 -12 -6 -12 -6 -12 -6 -11 -6 -12 -5 -11 -6 -11 -6 0 0 0 0 0 0 0 0 0 0 ],1687784606.7748249
CSI_DATA,STA,08:3A:F2:A8:E0:C1,-40,11,1,6,1,1,1,1,0,0,0,-95,1,1,1,16045953,0,110,0,0,16.2347,384,[110 96 6 0 0 0 0 0 0 0 0 0 19 7 18 8 17 8 16 8 16 8 14 8 13 9 12 9 12 8 12 8 11 8 11 7 10 7 10 7 9 7 9 6 8 6 8 5 8 4 8 4 8 4 8 3 8 2 8 2 8 1 8 1 0 0 8 0 8 0 9 0 9 -1 9 -1 9 -1 9 -1 9 -2 10 -2 10 -2 10 -2 10 -2 10 -2 10 -2 10 -2 10 -3 10 -2 10 -3 10 -2 10 -2 10 -2 9 -2 10 -2 9 -2 9 -2 8 -2 0 0 0 0 0 0 0 0 0 0 ],1687784606.783964
CSI_DATA,STA,08:3A:F2:A8:E0:C1,-38,11,1,4,1,1,1,1,0,0,0,-95,1,1,1,16058485,0,110,0,0,16.2472,384,[110 96 6 0 0 0 0 0 0 0 0 0 16 19 14 18 15 19 13 19 12 18 10 18 9 18 8 17 8 17 8 16 7 16 7 16 7 15 7 14 6 13 7 12 6 11 6 11 6 10 7 9 7 9 7 9 7 7 8 7 8 7 8 6 0 0 9 6 10 5 10 4 11 4 11 4 11 5 12 5 11 4 12 4 12 3 12 3 12 4 13 3 13 4 12 3 13 3 13 3 12 2 12 3 11 3 12 4 11 4 11 3 11 2 11 3 10 3 0 0 0 0 0 0 0 0 0 0 ],1687784606.7963772
CSI_DATA,STA,08:3A:F2:A8:E0:C1,-40,11,1,6,1,1,1,1,0,0,0,-95,1,1,1,16065875,0,110,0,0,16.2546,384,[110 96 6 0 0 0 0 0 0 0 0 0 -11 20 -11 19 -11 18 -12 17 -12 16 -11 15 -12 14 -12 14 -11 13 -10 12 -11 12 -10 11 -10 11 -9 10 -9 10 -8 10 -8 9 -7 9 -6 9 -6 9 -5 8 -5 8 -4 8 -3 9 -3 9 -3 9 0 0 -2 9 -1 9 -1 10 -1 10 0 10 0 10 0 10 0 11 0 11 1 11 1 11 1 11 1 11 1 11 1 11 1 11 1 11 1 11 1 11 1 11 1 11 1 11 1 10 1 10 1 10 1 10 0 0 0 0 0 0 0 0 0 0 ],1687784606.804564
CSI_DATA,STA,08:3A:F2:A8:E0:C1,-39,11,1,5,1,1,1,1,0,0,0,-95,1,1,1,16076962,0,110,0,0,16.2657,384,[110 96 6 0 0 0 0 0 0 0 0 0 14 19 13 20 12 19 12 20 10 18 9 19 8 17 7 17 6 17 7 16 6 16 5 16 6 15 6 14 6 13 5 12 5 11 4 10 6 11 6 9 6 9 6 8 6 7 7 7 7 7 8 6 0 0 8 6 9 5 10 5 9 4 10 5 10 5 10 5 11 5 11 5 11 4 11 4 12 4 12 4 12 4 11 4 12 4 11 4 12 4 11 4 11 4 11 5 11 4 10 3 10 3 10 4 10 4 0 0 0 0 0 0 0 0 0 0 ],1687784606.814495
CSI_DATA,STA,08:3A:F2:A8:E0:C1,-39,11,1,5,1,1,1,1,0,0,0,-95,1,1,1,16091033,0,110,0,0,16.28,384,[110 96 6 0 0 0 0 0 0 0 0 0 -8 -24 -7 -24 -6 -22 -5 -23 -4 -21 -3 -22 -3 -21 -2 -20 -2 -19 -2 -18 -1 -18 -2 -17 -1 -16 -2 -16 -2 -15 -2 -14 -2 -14 -3 -12 -3 -12 -3 -12 -3 -11 -4 -10 -4 -10 -6 -10 -6 -10 -6 -9 0 0 -7 -9 -7 -8 -8 -9 -8 -8 -9 -8 -9 -9 -10 -9 -10 -8 -10 -9 -10 -8 -11 -8 -11 -8 -11 -9 -11 -8 -11 -8 -11 -8 -11 -8 -11 -8 -10 -8 -10 -8 -10 -8 -10 -8 -10 -8 -10 -7 -10 -7 -10 -7 0 0 0 0 0 0 0 0 0 0 ],1687784606.829806
CSI_DATA,STA,08:3A:F2:A8:E0:C1,-40,11,1,6,1,1,1,1,0,0,0,-95,1,1,1,16098847,0,110,0,0,16.2875,384,[110 96 6 0 0 0 0 0 0 0 0 0 -23 0 -22 -1 -22 -1 -22 -2 -21 -3 -19 -3 -19 -3 -18 -4 -17 -3 -17 -4 -15 -4 -15 -4 -15 -4 -14 -4 -13 -3 -13 -2 -12 -2 -12 -2 -12 -1 -11 -1 -11 -1 -10 0 -10 0 -10 1 -10 1 -10 2 0 0 -9 3 -10 3 -9 4 -10 4 -10 4 -10 5 -10 5 -10 5 -10 6 -10 6 -10 6 -11 6 -11 6 -10 6 -11 6 -10 6 -10 6 -10 6 -10 6 -10 6 -10 5 -10 5 -10 5 -9 5 -9 5 -9 5 0 0 0 0 0 0 0 0 0 0 ],1687784606.836663
CSI_DATA,STA,08:3A:F2:A8:E0:C1,-40,11,1,6,1,1,1,1,0,0,0,-95,1,1,1,16105748,0,110,0,0,16.2944,384,[110 96 6 0 0 0 0 0 0 0 0 0 16 19 14 19 14 19 13 19 12 18 10 18 9 18 8 17 8 17 8 16 7 16 6 15 6 14 7 13 7 12 6 12 6 11 6 10 6 10 6 9 6 9 7 8 7 7 7 7 7 7 8 6 0 0 8 5 9 5 9 5 10 4 11 5 11 4 11 4 11 4 11 4 12 3 12 4 12 4 12 3 12 4 12 4 12 4 12 3 12 4 11 4 11 4 11 4 11 4 11 3 11 3 10 4 10 3 0 0 0 0 0 0 0 0 0 0 ],1687784606.843669
CSI_DATA,STA,08:3A:F2:A8:E0:C1,-40,11,1,6,1,1,1,1,0,0,0,-95,1,1,1,16117977,0,110,0,0,16.3067,384,[110 96 6 0 0 0 0 0 0 0 0 0 -18 14 -18 13 -18 12 -18 11 -17 10 -17 10 -16 9 -16 8 -16 8 -15 7 -15 7 -14 6 -13 6 -13 6 -12 6 -12 6 -11 6 -10 6 -9 6 -9 6 -9 6 -8 6 -7 7 -6 7 -6 7 -6 8 0 0 -5 8 -5 8 -4 9 -4 9 -4 10 -3 10 -4 10 -3 10 -3 11 -3 11 -2 11 -3 11 -2 11 -3 11 -3 11 -2 11 -3 11 -2 11 -3 11 -3 11 -3 11 -3 11 -2 10 -2 10 -2 10 -2 10 0 0 0 0 0 0 0 0 0 0 ],1687784606.856616
CSI_DATA,STA,08:3A:F2:A8:E0:C1,-39,11,1,5,1,1,1,1,0,0,0,-95,1,1,1,16127228,0,110,0,0,16.316,384,[110 96 6 0 0 0 0 0 0 0 0 0 1 24 -1 24 -1 23 -2 23 -3 21 -4 20 -4 19 -4 19 -5 18 -3 17 -4 17 -4 16 -3 15 -3 15 -3 14 -3 13 -3 12 -3 12 -1 12 -1 11 0 11 0 10 0 10 2 10 2 10 2 10 0 0 3 10 4 10 4 9 5 9 5 10 6 10 6 10 6 10 6 10 7 10 7 10 7 11 7 10 7 10 6 11 7 10 7 10 7 10 7 10 6 9 6 10 6 10 6 9 6 9 6 9 6 9 0 0 0 0 0 0 0 0 0 0 ],1687784606.86553
CSI_DATA,STA,08:3A:F2:A8:E0:C1,-39,11,1,5,1,1,1,1,0,0,0,-95,1,1,1,16135699,0,110,0,0,16.3244,384,[110 96 6 0 0 0 0 0 0 0 0 0 23 -15 23 -14 22 -13 23 -11 22 -10 21 -9 21 -7 19 -8 19 -7 18 -7 18 -7 18 -7 16 -6 15 -6 15 -5 14 -6 13 -5 12 -6 12 -6 11 -6 10 -6 10 -7 9 -7 8 -8 8 -8 8 -10 0 0 7 -11 7 -10 7 -11 6 -11 6 -12 6 -12 6 -12 6 -13 6 -13 5 -13 5 -14 5 -14 5 -14 6 -14 5 -14 5 -14 5 -14 5 -14 6 -13 5 -13 6 -13 6 -13 5 -13 4 -12 5 -12 4 -12 0 0 0 0 0 0 0 0 0 0 ],1687784606.873622
CSI_DATA,STA,08:3A:F2:A8:E0:C1,-39,11,1,5,1,1,1,1,0,0,0,-95,1,1,1,16145751,0,110,0,0,16.3345,384,[110 96 6 0 0 0 0 0 0 0 0 0 21 -8 20 -7 20 -6 20 -5 19 -4 18 -3 18 -3 17 -3 17 -2 15 -2 15 -2 15 -2 14 -2 13 -2 12 -1 13 -2 11 -2 10 -3 10 -3 10 -3 9 -3 9 -4 9 -4 8 -5 8 -5 8 -6 0 0 7 -7 7 -7 7 -7 6 -8 6 -8 7 -9 7 -9 7 -9 7 -9 6 -10 7 -10 7 -10 7 -10 6 -10 7 -10 6 -10 7 -10 6 -9 6 -10 6 -9 6 -9 6 -9 6 -9 6 -9 6 -9 5 -8 0 0 0 0 0 0 0 0 0 0 ],1687784606.884341
CSI_DATA,STA,08:3A:F2:A8:E0:C1,-39,11,1,5,1,1,1,1,0,0,0,-95,1,1,1,16155699,0,110,0,0,16.3444,384,[110 96 6 0 0 0 0 0 0 0 0 0 -22 -13 -21 -14 -20 -14 -20 -15 -18 -14 -17 -14 -15 -14 -14 -14 -14 -14 -13 -14 -13 -13 -13 -12 -12 -12 -12 -11 -11 -11 -11 -9 -10 -9 -10 -8 -10 -8 -10 -8 -10 -7 -10 -7 -10 -5 -11 -4 -11 -4 -11 -3 0 0 -11 -2 -11 -2 -12 -1 -12 -1 -12 -1 -13 -1 -13 -1 -13 0 -13 0 -13 0 -14 1 -14 1 -14 1 -14 1 -13 1 -13 1 -14 1 -13 1 -13 1 -13 0 -13 0 -13 1 -12 0 -12 1 -12 1 -12 1 0 0 0 0 0 0 0 0 0 0 ],1687784606.894936
CSI_DATA,STA,08:3A:F2:A8:E0:C1,-39,11,1,5,1,1,1,1,0,0,0,-95,1,1,1,16165703,0,110,0,0,16.3544,384,[110 96 6 0 0 0 0 0 0 0 0 0 13 -22 13 -21 13 -20 14 -19 13 -18 14 -17 13 -15 13 -14 13 -14 12 -12 13 -13 12 -12 11 -11 11 -11 10 -11 9 -10 8 -10 8 -10 7 -10 7 -10 6 -9 5 -10 5 -10 4 -10 4 -10 3 -11 0 0 2 -11 1 -11 1 -11 1 -12 0 -12 0 -13 0 -13 0 -13 0 -13 -1 -13 -1 -14 -1 -13 -1 -13 -1 -14 -1 -13 -1 -14 -1 -14 -1 -14 0 -13 -1 -13 0 -13 0 -13 0 -12 -1 -13 -1 -12 -1 -12 0 0 0 0 0 0 0 0 0 0 ],1687784606.904626
CSI_DATA,STA,08:3A:F2:A8:E0:C1,-39,11,1,5,1,1,1,1,0,0,0,-95,1,1,1,16176114,0,110,0,0,16.3649,384,[110 96 6 0 0 0 0 0 0 0 0 0 -25 -3 -24 -4 -25 -4 -23 -5 -23 -6 -21 -7 -20 -7 -19 -7 -18 -7 -17 -6 -17 -6 -16 -6 -16 -6 -16 -6 -15 -6 -14 -5 -13 -4 -12 -3 -12 -3 -12 -3 -11 -3 -12 -2 -11 -1 -11 0 -11 0 -12 1 0 0 -12 2 -11 2 -11 3 -11 4 -11 4 -12 4 -12 4 -12 5 -12 5 -12 5 -12 6 -12 6 -13 6 -12 6 -12 5 -12 6 -12 6 -12 5 -12 5 -11 5 -12 5 -12 5 -11 5 -11 5 -11 5 -10 5 0 0 0 0 0 0 0 0 0 0 ],1687784606.914357
CSI_DATA,STA,08:3A:F2:A8:E0:C1,-38,11,1,4,1,1,1,1,0,0,0,-95,1,1,1,16190294,0,110,0,0,16.3801,384,[110 96 6 0 0 0 0 0 0 0 0 0 -21 7 -21 7 -20 6 -21 5 -19 4 -19 3 -18 3 -17 2 -17 1 -15 2 -16 2 -15 2 -15 2 -14 2 -14 1 -13 2 -12 2 -11 2 -11 2 -10 2 -10 2 -10 3 -9 3 -9 4 -9 5 -8 5 0 0 -8 6 -7 6 -7 7 -7 7 -8 7 -7 8 -8 8 -7 8 -7 9 -7 8 -7 9 -7 9 -7 9 -7 9 -7 8 -7 9 -7 9 -7 9 -7 9 -6 8 -7 8 -7 8 -6 8 -6 8 -6 8 -6 8 0 0 0 0 0 0 0 0 0 0 ],1687784606.9293408
CSI_DATA,STA,08:3A:F2:A8:E0:C1,-38,11,1,4,1,1,1,1,0,0,0,-95,1,1,1,16199796,0,110,0,0,16.3884,384,[110 96 6 0 0 0 0 0 0 0 0 0 -26 -2 -25 -3 -25 -3 -25 -5 -23 -5 -21 -5 -20 -6 -19 -6 -19 -6 -18 -7 -17 -6 -17 -6 -17 -6 -16 -6 -15 -5 -15 -4 -13 -4 -13 -4 -13 -3 -12 -3 -12 -2 -12 -2 -12 -1 -11 0 -12 0 -12 2 0 0 -12 2 -11 3 -11 3 -12 4 -12 4 -12 4 -12 4 -12 4 -12 5 -12 5 -12 6 -13 5 -13 6 -12 6 -13 6 -12 6 -13 6 -12 6 -12 5 -11 5 -12 5 -12 5 -12 5 -11 5 -12 4 -11 4 0 0 0 0 0 0 0 0 0 0 ],1687784606.9382489
CSI_DATA,STA,08:3A:F2:A8:E0:C1,-39,11,1,5,1,1,1,1,0,0,0,-95,1,1,1,16209164,0,110,0,0,16.3978,384,[110 96 6 0 0 0 0 0 0 0 0 0 22 -10 21 -8 22 -8 21 -7 21 -6 19 -5 19 -5 18 -4 18 -4 17 -3 16 -3 16 -3 16 -3 15 -3 14 -2 13 -4 12 -3 11 -4 11 -4 11 -4 10 -4 10 -5 10 -5 8 -6 8 -6 8 -7 0 0 7 -8 7 -8 7 -9 6 -10 6 -10 7 -10 6 -10 6 -11 6 -11 6 -12 6 -11 6 -11 6 -11 6 -11 6 -12 5 -11 6 -12 6 -11 6 -11 5 -11 6 -11 6 -11 6 -11 5 -11 6 -10 5 -10 0 0 0 0 0 0 0 0 0 0 ],1687784606.947381
CSI_DATA,STA,08:3A:F2:A8:E0:C1,-38,11,1,4,1,1,1,1,0,0,0,-95,1,1,1,16221252,0,110,0,0,16.4099,384,[110 96 6 0 0 0 0 0 0 0 0 0 -3 -23 -3 -22 -3 -22 -2 -22 -1 -21 0 -19 0 -19 1 -18 1 -18 1 -17 2 -17 2 -16 1 -15 1 -15 1 -14 0 -13 0 -12 0 -12 -1 -11 -1 -11 -1 -11 -2 -10 -2 -10 -3 -10 -3 -10 -4 -9 0 0 -5 -10 -6 -9 -6 -9 -7 -9 -6 -9 -7 -9 -7 -10 -7 -10 -8 -9 -8 -9 -8 -9 -8 -10 -8 -10 -8 -9 -8 -10 -9 -9 -9 -10 -8 -9 -8 -9 -8 -8 -8 -9 -8 -9 -7 -9 -8 -8 -7 -9 -7 -8 0 0 0 0 0 0 0 0 0 0 ],1687784606.95966
CSI_DATA,STA,08:3A:F2:A8:E0:C1,-39,11,1,5,1,1,1,1,0,0,0,-95,1,1,1,16231003,0,110,0,0,16.4196,384,[110 96 6 0 0 0 0 0 0 0 0 0 -24 -7 -24 -7 -23 -7 -23 -8 -21 -8 -20 -9 -18 -9 -18 -8 -16 -9 -16 -8 -16 -9 -15 -8 -15 -8 -14 -8 -14 -7 -13 -6 -12 -6 -11 -5 -12 -5 -12 -4 -11 -4 -11 -4 -11 -2 -11 -2 -11 -1 -11 0 0 0 -11 1 -11 1 -12 1 -11 2 -12 2 -12 3 -13 3 -12 3 -13 3 -12 4 -13 4 -13 4 -13 4 -13 4 -13 3 -13 4 -12 4 -13 4 -12 4 -12 4 -12 3 -12 3 -11 3 -11 4 -11 3 -11 3 0 0 0 0 0 0 0 0 0 0 ],1687784606.969635
CSI_DATA,STA,08:3A:F2:A8:E0:C1,-38,11,1,4,1,1,1,1,0,0,0,-95,1,1,1,16243045,0,110,0,0,16.4318,384,[110 96 6 0 0 0 0 0 0 0 0 0 15 -17 15 -16 15 -15 16 -14 15 -13 15 -12 15 -11 14 -10 14 -10 13 -9 13 -9 13 -9 12 -8 11 -8 10 -7 10 -8 10 -7 9 -7 8 -7 8 -7 7 -7 6 -8 6 -7 5 -8 5 -9 5 -9 0 0 4 -9 3 -10 3 -10 3 -10 3 -11 2 -11 3 -11 2 -11 2 -11 2 -11 1 -12 2 -12 2 -12 1 -12 2 -12 1 -12 2 -13 1 -12 1 -12 1 -12 2 -12 1 -11 2 -11 1 -11 2 -10 1 -10 0 0 0 0 0 0 0 0 0 0 ],1687784606.982406
CSI_DATA,STA,08:3A:F2:A8:E0:C1,-38,11,1,4,1,1,1,1,0,0,0,-95,1,1,1,16253051,0,110,0,0,16.4418,384,[110 96 6 0 0 0 0 0 0 0 0 0 -11 23 -12 21 -12 21 -13 20 -13 18 -13 17 -13 16 -12 15 -13 15 -12 13 -12 14 -11 13 -11 12 -10 12 -9 11 -9 11 -8 11 -7 10 -6 10 -6 10 -6 9 -4 10 -4 9 -3 10 -3 10 -2 10 0 0 -1 11 0 11 0 11 1 11 1 12 2 12 1 12 2 12 2 12 2 12 3 12 3 12 3 12 3 13 3 12 3 12 3 13 4 12 3 12 3 11 2 12 2 12 3 11 3 11 3 11 3 10 0 0 0 0 0 0 0 0 0 0 ],1687784606.991345
CSI_DATA,STA,08:3A:F2:A8:E0:C1,-39,11,1,5,1,1,1,1,0,0,0,-95,1,1,1,16262403,0,110,0,0,16.4511,384,[110 96 6 0 0 0 0 0 0 0 0 0 15 20 13 18 14 19 12 18 11 18 9 17 9 18 8 17 7 17 7 16 6 16 6 15 5 14 5 13 5 12 5 12 5 11 5 10 5 10 6 10 6 9 6 8 6 8 7 7 7 8 7 6 0 0 8 6 9 5 9 5 10 5 10 5 10 4 11 5 11 4 11 4 11 4 11 4 11 5 11 5 11 4 12 4 11 4 12 4 11 3 11 4 11 4 11 4 10 4 11 4 10 4 10 4 9 3 0 0 0 0 0 0 0 0 0 0 ],1687784607.0013251
CSI_DATA,STA,08:3A:F2:A8:E0:C1,-39,11,1,5,1,1,1,1,0,0,0,-95,1,1,1,16271767,0,110,0,0,16.4604,384,[110 96 6 0 0 0 0 0 0 0 0 0 -22 6 -21 5 -21 5 -21 4 -20 3 -19 3 -18 2 -17 2 -17 1 -17 1 -17 1 -16 1 -14 0 -14 0 -13 1 -13 1 -12 2 -12 2 -11 2 -10 2 -10 2 -9 3 -9 3 -9 4 -9 4 -8 5 0 0 -8 5 -7 6 -7 7 -7 7 -7 7 -7 8 -7 8 -7 8 -7 8 -7 9 -7 9 -7 9 -7 9 -7 9 -7 9 -7 9 -7 9 -7 9 -7 9 -7 9 -7 9 -6 8 -7 8 -6 8 -6 8 -6 8 0 0 0 0 0 0 0 0 0 0 ],1687784607.010274
CSI_DATA,STA,08:3A:F2:A8:E0:C1,-38,11,1,4,1,1,1,1,0,0,0,-95,1,1,1,16281175,0,110,0,0,16.4698,384,[110 96 6 0 0 0 0 0 0 0 0 0 6 -26 7 -23 6 -24 7 -23 8 -22 8 -20 9 -19 9 -18 8 -18 8 -17 9 -17 8 -16 7 -15 7 -14 7 -13 6 -14 5 -12 5 -13 3 -12 3 -12 3 -11 2 -11 2 -11 1 -11 1 -12 0 -12 0 0 -1 -12 -2 -12 -3 -12 -3 -12 -3 -12 -4 -13 -4 -13 -4 -13 -4 -13 -5 -13 -6 -13 -5 -13 -5 -13 -5 -13 -5 -13 -6 -13 -5 -14 -5 -13 -5 -13 -5 -12 -4 -13 -5 -12 -4 -12 -5 -12 -4 -12 -4 -11 0 0 0 0 0 0 0 0 0 0 ],1687784607.019959
CSI_DATA,STA,08:3A:F2:A8:E0:C1,-39,11,1,5,1,1,1,1,0,0,0,-95,1,1,1,16287918,0,110,0,0,16.4766,384,[110 96 6 0 0 0 0 0 0 0 0 0 -21 -15 -20 -16 -19 -15 -19 -16 -17 -15 -15 -15 -14 -15 -13 -15 -12 -15 -12 -14 -12 -14 -11 -14 -11 -12 -11 -12 -10 -11 -10 -11 -9 -10 -9 -9 -10 -9 -10 -8 -9 -8 -9 -7 -10 -6 -10 -6 -10 -5 -10 -4 0 0 -11 -4 -11 -3 -11 -3 -11 -2 -12 -2 -12 -2 -13 -2 -13 -2 -13 -2 -13 -1 -13 -1 -14 -1 -13 -1 -13 -1 -13 -2 -14 -1 -13 -1 -13 -1 -13 -1 -12 -1 -13 -1 -13 -1 -12 -1 -12 -1 -12 -1 -12 -1 0 0 0 0 0 0 0 0 0 0 ],1687784607.0273302
CSI_DATA,STA,08:3A:F2:A8:E0:C1,-39,11,1,5,1,1,1,1,0,0,0,-95,1,1,1,16309290,0,110,0,0,16.4982,384,[110 96 6 0 0 0 0 0 0 0 0 0 -21 -11 -20 -11 -19 -11 -19 -12 -17 -11 -16 -12 -15 -11 -14 -11 -14 -11 -13 -11 -12 -11 -12 -11 -12 -10 -11 -10 -11 -9 -11 -8 -10 -8 -10 -7 -10 -6 -10 -6 -9 -5 -9 -5 -9 -4 -9 -4 -10 -4 -10 -2 0 0 -10 -2 -11 -1 -10 -1 -11 0 -11 0 -11 0 -12 0 -11 0 -12 1 -12 1 -12 1 -12 0 -12 0 -12 1 -12 1 -12 1 -12 1 -12 1 -12 1 -11 1 -12 1 -12 1 -11 1 -11 1 -11 0 -11 0 0 0 0 0 0 0 0 0 0 0 ],1687784607.048463
CSI_DATA,STA,08:3A:F2:A8:E0:C1,-39,11,1,5,1,1,1,1,0,0,0,-95,1,1,1,16310198,0,110,0,0,16.5035,384,[110 96 6 0 0 0 0 0 0 0 0 0 0 -28 1 -28 1 -26 2 -26 2 -24 3 -24 4 -23 4 -22 4 -21 4 -20 4 -20 4 -19 3 -17 3 -17 3 -16 2 -16 3 -15 2 -14 1 -14 0 -13 0 -13 -1 -13 -1 -12 -3 -12 -3 -12 -3 -12 0 0 -4 -12 -5 -11 -6 -12 -7 -11 -7 -12 -7 -12 -7 -12 -8 -12 -8 -12 -9 -12 -9 -12 -9 -12 -9 -13 -9 -13 -8 -13 -9 -13 -9 -12 -9 -13 -8 -12 -9 -12 -8 -12 -8 -12 -8 -11 -8 -11 -8 -11 -8 -11 0 0 0 0 0 0 0 0 0 0 ],1687784607.0527549
CSI_DATA,STA,08:3A:F2:A8:E0:C1,-39,11,1,5,1,1,1,1,0,0,0,-95,1,1,1,16326249,0,110,0,0,16.5149,384,[110 96 6 0 0 0 0 0 0 0 0 0 0 25 -1 23 0 23 -2 23 -3 21 -3 20 -4 19 -4 19 -4 18 -4 17 -4 17 -4 16 -3 15 -3 14 -3 14 -3 14 -3 13 -2 12 -1 11 -1 11 -1 10 0 11 0 10 2 10 2 10 3 9 0 0 3 9 4 10 5 9 5 9 5 9 6 10 6 10 6 10 6 10 7 10 7 10 7 10 8 10 7 11 7 10 7 10 7 10 7 10 7 10 7 9 7 10 6 10 6 9 7 8 6 9 6 8 0 0 0 0 0 0 0 0 0 0 ],1687784607.06371
CSI_DATA,STA,08:3A:F2:A8:E0:C1,-40,11,1,6,1,1,1,1,0,0,0,-95,1,1,1,16326596,0,110,0,0,16.5192,384,[110 96 6 0 0 0 0 0 0 0 0 0 -17 -16 -16 -16 -15 -16 -14 -16 -13 -16 -12 -15 -11 -15 -10 -15 -10 -15 -9 -14 -8 -14 -8 -13 -8 -13 -8 -12 -8 -11 -8 -10 -7 -10 -7 -10 -8 -9 -8 -8 -8 -8 -8 -8 -8 -7 -8 -6 -9 -6 -8 -5 0 0 -9 -4 -9 -4 -10 -4 -10 -3 -10 -3 -10 -3 -11 -3 -11 -3 -11 -3 -12 -3 -12 -2 -12 -3 -12 -3 -12 -3 -12 -3 -12 -3 -12 -3 -12 -2 -11 -3 -12 -3 -11 -3 -11 -2 -11 -3 -11 -2 -11 -3 -10 -2 0 0 0 0 0 0 0 0 0 0 ],1687784607.068525
CSI_DATA,STA,08:3A:F2:A8:E0:C1,-40,11,1,6,1,1,1,1,0,0,0,-95,1,1,1,16338681,0,110,0,0,16.5273,384,[110 96 6 0 0 0 0 0 0 0 0 0 -4 22 -5 21 -5 20 -6 19 -6 18 -7 17 -7 16 -7 16 -7 15 -7 14 -7 14 -6 14 -6 13 -6 12 -5 12 -5 11 -4 11 -4 10 -3 10 -3 10 -3 9 -2 9 -2 9 0 9 0 9 0 9 0 0 1 9 2 9 2 9 2 9 3 9 3 9 3 10 3 10 4 10 4 10 4 10 4 10 4 11 4 11 4 10 4 10 4 10 4 10 4 10 4 10 4 10 3 10 3 9 4 9 3 9 4 8 0 0 0 0 0 0 0 0 0 0 ],1687784607.076362
CSI_DATA,STA,08:3A:F2:A8:E0:C1,-40,11,1,6,1,1,1,1,0,0,0,-95,1,1,1,16347416,0,110,0,0,16.5362,384,[110 96 6 0 0 0 0 0 0 0 0 0 -13 -22 -12 -22 -12 -21 -11 -21 -9 -20 -8 -20 -7 -20 -6 -19 -6 -19 -6 -18 -5 -17 -5 -17 -6 -16 -5 -15 -5 -15 -5 -13 -5 -13 -5 -12 -6 -12 -6 -11 -6 -11 -6 -10 -6 -9 -7 -9 -7 -8 -8 -8 0 0 -8 -8 -9 -7 -10 -7 -10 -6 -10 -7 -11 -7 -11 -7 -11 -7 -11 -7 -11 -6 -12 -6 -12 -6 -13 -6 -12 -6 -12 -6 -13 -6 -12 -6 -12 -7 -12 -7 -11 -6 -11 -7 -11 -7 -11 -6 -11 -6 -11 -6 -11 -6 0 0 0 0 0 0 0 0 0 0 ],1687784607.086349
CSI_DATA,STA,08:3A:F2:A8:E0:C1,-40,11,1,6,1,1,1,1,0,0,0,-95,1,1,1,16356932,0,110,0,0,16.5457,384,[110 96 6 0 0 0 0 0 0 0 0 0 -20 12 -20 11 -19 10 -20 9 -18 8 -18 7 -17 7 -17 6 -16 6 -15 5 -16 5 -15 5 -14 4 -13 4 -13 4 -12 4 -12 4 -11 4 -10 4 -10 4 -9 5 -9 5 -8 5 -7 6 -7 6 -7 6 0 0 -6 7 -6 8 -5 8 -5 8 -5 9 -5 9 -5 10 -5 10 -5 10 -5 10 -5 10 -5 10 -5 11 -4 10 -5 10 -4 11 -4 11 -5 10 -4 10 -4 10 -5 10 -5 10 -4 9 -4 9 -4 9 -3 9 0 0 0 0 0 0 0 0 0 0 ],1687784607.0953522
CSI_DATA,STA,08:3A:F2:A8:E0:C1,-40,11,1,6,1,1,1,1,0,0,0,-95,1,1,1,16369638,0,110,0,0,16.5584,384,[110 96 6 0 0 0 0 0 0 0 0 0 7 -27 9 -26 8 -25 9 -24 10 -23 10 -21 10 -21 10 -19 10 -19 10 -18 9 -17 9 -16 8 -16 7 -15 7 -15 7 -15 6 -13 6 -13 4 -13 4 -12 3 -12 3 -12 2 -12 1 -12 0 -12 0 -12 0 0 -1 -13 -3 -13 -3 -12 -3 -13 -4 -13 -4 -13 -4 -14 -5 -14 -5 -14 -5 -14 -6 -14 -5 -14 -6 -14 -6 -14 -6 -15 -6 -13 -6 -15 -6 -14 -5 -14 -6 -14 -5 -13 -5 -13 -5 -14 -5 -13 -5 -13 -5 -12 0 0 0 0 0 0 0 0 0 0 ],1687784607.1083798
CSI_DATA,STA,08:3A:F2:A8:E0:C1,-40,11,1,6,1,1,1,1,0,0,0,-95,1,1,1,16376773,0,110,0,0,16.5654,384,[110 96 6 0 0 0 0 0 0 0 0 0 -11 19 -12 19 -11 17 -12 17 -12 16 -12 15 -12 14 -11 13 -12 13 -11 12 -11 11 -11 11 -10 10 -10 10 -9 10 -8 10 -8 9 -7 9 -6 9 -6 8 -5 9 -5 9 -4 8 -3 8 -3 9 -3 9 0 0 -2 9 -1 9 -1 10 0 9 0 10 0 10 0 10 1 10 1 11 1 10 1 11 1 11 1 11 1 11 1 11 2 11 1 11 2 11 1 11 1 10 1 11 1 11 1 10 1 10 1 10 1 9 0 0 0 0 0 0 0 0 0 0 ],1687784607.114503
CSI_DATA,STA,08:3A:F2:A8:E0:C1,-40,11,1,6,1,1,1,1,0,0,0,-95,1,1,1,16385770,0,110,0,0,16.5745,384,[110 96 6 0 0 0 0 0 0 0 0 0 -17 -21 -15 -20 -15 -20 -14 -19 -12 -19 -11 -18 -10 -18 -9 -18 -9 -18 -8 -17 -7 -17 -7 -16 -7 -15 -7 -15 -7 -14 -7 -13 -7 -12 -6 -12 -7 -11 -8 -10 -7 -10 -8 -9 -7 -9 -8 -8 -9 -8 -9 -7 0 0 -9 -7 -10 -6 -10 -6 -11 -5 -11 -5 -11 -5 -12 -5 -12 -5 -12 -5 -13 -5 -13 -5 -13 -5 -13 -5 -13 -5 -13 -5 -13 -5 -13 -5 -13 -5 -12 -5 -13 -5 -12 -5 -13 -5 -12 -5 -12 -5 -11 -5 -11 -5 0 0 0 0 0 0 0 0 0 0 ],1687784607.124324
CSI_DATA,STA,08:3A:F2:A8:E0:C1,-40,11,1,6,1,1,1,1,0,0,0,-95,1,1,1,16399548,0,110,0,0,16.5885,384,[110 96 6 0 0 0 0 0 0 0 0 0 -22 12 -22 10 -21 10 -22 8 -21 7 -20 6 -20 6 -19 5 -19 5 -18 4 -17 5 -16 4 -16 4 -15 4 -14 3 -14 4 -13 4 -12 4 -11 4 -11 4 -10 4 -10 5 -9 5 -8 6 -8 6 -8 7 0 0 -8 8 -7 8 -6 8 -7 9 -7 10 -7 9 -7 10 -6 10 -6 10 -6 10 -6 11 -6 11 -6 11 -6 11 -6 11 -6 11 -6 11 -6 11 -6 11 -6 11 -6 10 -6 11 -6 10 -5 10 -5 10 -5 9 0 0 0 0 0 0 0 0 0 0 ],1687784607.1376572
CSI_DATA,STA,08:3A:F2:A8:E0:C1,-40,11,1,6,1,1,1,1,0,0,0,-95,1,1,1,16406846,0,110,0,0,16.5955,384,[110 96 6 0 0 0 0 0 0 0 0 0 -9 -24 -7 -24 -7 -23 -6 -23 -5 -21 -4 -22 -3 -21 -3 -20 -3 -20 -3 -19 -2 -18 -2 -17 -3 -17 -3 -16 -2 -16 -3 -14 -2 -14 -3 -13 -4 -12 -4 -11 -4 -11 -5 -11 -5 -10 -6 -10 -6 -9 -7 -9 0 0 -7 -9 -8 -8 -9 -8 -9 -8 -10 -8 -10 -8 -10 -8 -11 -8 -11 -8 -11 -8 -11 -7 -11 -8 -12 -8 -12 -8 -11 -8 -11 -7 -11 -8 -11 -8 -11 -7 -11 -7 -11 -8 -11 -7 -10 -7 -10 -6 -10 -7 -10 -7 0 0 0 0 0 0 0 0 0 0 ],1687784607.145823
CSI_DATA,STA,08:3A:F2:A8:E0:C1,-40,11,1,6,1,1,1,1,0,0,0,-95,1,1,1,16415846,0,110,0,0,16.6046,384,[110 96 6 0 0 0 0 0 0 0 0 0 18 12 17 13 17 13 16 13 15 12 13 13 13 13 12 13 11 12 11 12 10 11 10 11 10 10 9 10 9 9 9 9 8 8 8 7 8 7 8 6 8 6 8 5 8 4 8 4 9 3 8 3 0 0 9 2 9 2 9 1 10 1 10 1 10 1 11 1 11 0 11 0 11 0 11 0 11 0 11 0 11 0 11 0 11 0 11 0 11 -1 11 0 11 0 11 0 11 0 10 0 10 -1 10 0 9 0 0 0 0 0 0 0 0 0 0 0 ],1687784607.154099
CSI_DATA,STA,08:3A:F2:A8:E0:C1,-40,11,1,6,1,1,1,1,0,0,0,-95,1,1,1,16427450,0,110,0,0,16.6162,384,[110 96 6 0 0 0 0 0 0 0 0 0 -25 -6 -24 -7 -23 -7 -22 -8 -21 -7 -20 -8 -19 -8 -18 -9 -17 -9 -17 -9 -16 -8 -15 -8 -15 -8 -14 -7 -14 -7 -13 -6 -12 -6 -12 -5 -12 -5 -12 -4 -12 -4 -11 -3 -11 -2 -11 -2 -11 -1 -11 -1 0 0 -12 1 -11 1 -11 1 -11 2 -12 2 -12 2 -13 2 -12 3 -13 3 -13 3 -13 4 -13 4 -13 4 -13 4 -13 4 -13 4 -13 4 -13 3 -13 3 -12 3 -12 3 -13 3 -12 3 -12 3 -11 3 -11 3 0 0 0 0 0 0 0 0 0 0 ],1687784607.165799
CSI_DATA,STA,08:3A:F2:A8:E0:C1,-40,11,1,6,1,1,1,1,0,0,0,-95,1,1,1,16435208,0,110,0,0,16.6239,384,[110 96 6 0 0 0 0 0 0 0 0 0 -14 -19 -13 -19 -13 -18 -11 -18 -10 -18 -9 -17 -8 -17 -8 -17 -7 -16 -7 -15 -7 -15 -6 -15 -6 -14 -7 -13 -6 -13 -6 -12 -5 -11 -6 -11 -6 -10 -6 -10 -6 -9 -7 -9 -6 -8 -7 -7 -8 -7 -8 -7 0 0 -8 -6 -9 -6 -9 -6 -9 -5 -10 -5 -10 -5 -11 -5 -11 -5 -11 -5 -11 -4 -12 -4 -11 -4 -12 -4 -12 -4 -12 -5 -12 -5 -11 -5 -11 -4 -11 -5 -11 -4 -11 -5 -11 -4 -11 -5 -10 -4 -10 -5 -10 -4 0 0 0 0 0 0 0 0 0 0 ],1687784607.17408
CSI_DATA,STA,08:3A:F2:A8:E0:C1,-40,11,1,6,1,1,1,1,0,0,0,-95,1,1,1,16448710,0,110,0,0,16.6375,384,[110 96 6 0 0 0 0 0 0 0 0 0 24 -5 24 -4 22 -3 23 -2 21 -1 21 -1 20 0 19 0 18 1 17 1 16 0 16 0 16 0 15 0 15 0 13 0 13 0 12 -1 12 -1 11 -1 11 -1 11 -2 10 -3 9 -4 9 -4 9 -5 0 0 9 -6 9 -6 9 -7 8 -7 9 -8 9 -8 9 -8 8 -9 9 -9 8 -9 9 -9 9 -9 9 -9 9 -10 9 -9 9 -9 9 -9 9 -10 9 -9 8 -9 9 -9 9 -8 8 -9 8 -9 8 -8 8 -8 0 0 0 0 0 0 0 0 0 0 ],1687784607.1867142
CSI_DATA,STA,08:3A:F2:A8:E0:C1,-40,11,1,6,1,1,1,1,0,0,0,-95,1,1,1,16455593,0,110,0,0,16.6442,384,[110 96 6 0 0 0 0 0 0 0 0 0 15 -17 15 -16 15 -15 15 -14 15 -13 14 -12 14 -11 14 -11 14 -10 13 -10 13 -10 12 -9 12 -8 11 -8 11 -8 10 -8 10 -8 8 -8 8 -8 7 -8 7 -8 6 -8 6 -8 5 -8 5 -9 4 -9 0 0 3 -10 3 -10 3 -10 2 -10 2 -11 2 -11 2 -11 2 -12 2 -12 1 -12 1 -12 2 -12 2 -12 1 -12 1 -12 1 -12 1 -12 1 -12 1 -12 1 -12 1 -12 2 -11 1 -11 1 -11 1 -11 1 -11 0 0 0 0 0 0 0 0 0 0 ],1687784607.1933901
CSI_DATA,STA,08:3A:F2:A8:E0:C1,-40,11,1,6,1,1,1,1,0,0,0,-95,1,1,1,16468593,0,110,0,0,16.6573,384,[110 96 6 0 0 0 0 0 0 0 0 0 23 7 22 7 22 8 20 8 20 8 18 8 17 9 16 9 16 8 15 9 14 9 13 8 13 8 13 7 12 7 12 6 11 5 11 4 11 5 10 4 10 3 10 3 10 2 10 1 10 1 10 -1 0 0 10 -1 11 -1 10 -2 11 -3 11 -3 11 -3 11 -3 11 -4 11 -4 12 -4 11 -5 12 -4 12 -4 12 -5 12 -5 11 -5 12 -5 11 -4 12 -4 11 -5 11 -4 11 -4 11 -4 11 -4 11 -3 10 -4 0 0 0 0 0 0 0 0 0 0 ],1687784607.20653
CSI_DATA,STA,08:3A:F2:A8:E0:C1,-39,11,1,5,1,1,1,1,0,0,0,-95,1,1,1,16477075,0,110,0,0,16.6657,384,[110 96 6 0 0 0 0 0 0 0 0 0 20 -11 18 -10 19 -10 18 -8 18 -8 17 -6 17 -5 16 -5 16 -5 16 -4 15 -5 14 -4 14 -4 13 -4 12 -3 12 -4 10 -4 10 -4 9 -4 9 -4 9 -4 8 -5 8 -5 7 -6 7 -6 7 -6 0 0 6 -7 6 -8 6 -8 6 -9 6 -9 6 -9 6 -9 5 -10 5 -10 5 -10 5 -11 5 -10 5 -10 5 -10 5 -11 4 -11 5 -11 5 -10 5 -10 5 -10 5 -10 5 -10 5 -10 4 -10 4 -9 4 -9 0 0 0 0 0 0 0 0 0 0 ],1687784607.215311
CSI_DATA,STA,08:3A:F2:A8:E0:C1,-40,11,1,6,1,1,1,1,0,0,0,-95,1,1,1,16485983,0,110,0,0,16.6747,384,[110 96 6 0 0 0 0 0 0 0 0 0 -21 9 -21 8 -20 7 -20 6 -20 6 -19 4 -18 4 -17 3 -18 3 -16 3 -16 3 -16 2 -15 2 -14 3 -14 2 -13 3 -12 3 -11 3 -11 3 -11 3 -10 3 -10 4 -9 4 -8 5 -8 5 -8 6 0 0 -8 7 -7 7 -7 7 -7 8 -7 8 -7 8 -7 9 -7 9 -6 9 -6 9 -6 10 -6 10 -6 10 -6 10 -6 10 -5 10 -6 10 -6 10 -6 10 -6 10 -6 9 -6 9 -6 9 -5 9 -5 9 -5 9 0 0 0 0 0 0 0 0 0 0 ],1687784607.224633
CSI_DATA,STA,08:3A:F2:A8:E0:C1,-40,11,1,6,1,1,1,1,0,0,0,-95,1,1,1,16499469,0,110,0,0,16.6884,384,[110 96 6 0 0 0 0 0 0 0 0 0 3 22 3 21 2 20 1 20 1 19 0 18 -1 18 -1 17 -1 17 -1 16 -1 15 -2 14 -1 14 -1 13 -1 13 -1 12 -1 11 -1 11 0 10 1 10 0 10 1 9 2 9 2 9 2 9 3 8 0 0 4 8 4 9 5 8 5 8 6 8 6 8 6 8 6 8 6 8 7 8 7 8 7 8 7 8 7 8 7 8 7 8 7 8 7 8 6 8 7 8 6 8 6 8 6 8 7 7 6 8 6 7 0 0 0 0 0 0 0 0 0 0 ],1687784607.237652
CSI_DATA,STA,08:3A:F2:A8:E0:C1,-40,11,1,6,1,1,1,1,0,0,0,-95,1,1,1,16507752,0,110,0,0,16.6964,384,[110 96 6 0 0 0 0 0 0 0 0 0 24 -2 23 -2 23 -2 22 0 22 0 20 1 20 1 19 1 18 1 17 2 17 2 16 2 16 2 15 2 14 2 14 0 12 0 12 0 11 0 11 -1 11 -1 10 -2 10 -3 10 -3 10 -3 9 -4 0 0 9 -5 9 -6 9 -7 9 -7 9 -8 9 -8 9 -8 9 -8 9 -9 9 -9 9 -9 9 -9 9 -9 9 -9 9 -10 8 -9 9 -10 9 -9 8 -9 8 -9 8 -9 8 -9 8 -8 8 -9 8 -8 7 -8 0 0 0 0 0 0 0 0 0 0 ],1687784607.245654
CSI_DATA,STA,08:3A:F2:A8:E0:C1,-39,11,1,5,1,1,1,1,0,0,0,-95,1,1,1,16517756,0,110,0,0,16.7065,384,[110 96 6 0 0 0 0 0 0 0 0 0 -22 12 -22 11 -21 10 -21 9 -21 8 -20 7 -19 5 -19 5 -19 4 -18 4 -17 5 -17 4 -16 4 -15 4 -14 4 -14 4 -13 4 -12 4 -11 4 -11 4 -11 4 -10 4 -9 5 -9 6 -9 7 -8 7 0 0 -7 8 -7 8 -6 9 -6 9 -6 9 -7 10 -7 10 -6 10 -7 10 -6 11 -6 11 -6 11 -6 12 -6 12 -6 11 -6 12 -6 12 -6 11 -6 11 -6 10 -6 10 -6 10 -5 10 -5 10 -5 10 -5 10 0 0 0 0 0 0 0 0 0 0 ],1687784607.256031
CSI_DATA,STA,08:3A:F2:A8:E0:C1,-38,11,1,4,1,1,1,1,0,0,0,-95,1,1,1,16530971,0,110,0,0,16.7197,384,[110 96 6 0 0 0 0 0 0 0 0 0 21 -8 19 -7 20 -7 20 -5 20 -5 18 -4 18 -3 16 -2 17 -2 16 -1 16 -2 15 -1 14 -1 13 -1 12 -1 13 -3 11 -2 11 -2 10 -2 10 -3 9 -2 9 -3 9 -3 8 -5 8 -5 8 -5 0 0 8 -6 7 -7 7 -7 7 -8 7 -8 7 -8 8 -9 7 -9 7 -9 7 -9 7 -10 7 -9 7 -9 7 -9 7 -10 6 -10 7 -11 6 -10 7 -9 6 -9 7 -9 7 -9 7 -9 6 -9 6 -8 6 -8 0 0 0 0 0 0 0 0 0 0 ],1687784607.270167
CSI_DATA,STA,08:3A:F2:A8:E0:C1,-40,11,1,6,1,1,1,1,0,0,0,-95,1,1,1,16539327,0,110,0,0,16.728,384,[110 96 6 0 0 0 0 0 0 0 0 0 14 17 12 17 12 17 11 17 11 16 9 16 8 16 7 15 7 15 7 14 6 14 5 14 6 13 5 12 5 11 5 11 4 10 5 9 5 9 6 8 6 8 6 7 6 7 6 6 6 6 7 5 0 0 7 5 8 5 8 4 9 4 9 4 9 4 9 4 10 3 10 3 10 3 10 3 10 3 10 4 10 3 11 3 10 3 11 3 10 3 10 3 10 3 10 4 10 3 10 3 9 3 9 3 9 3 0 0 0 0 0 0 0 0 0 0 ],1687784607.27719
CSI_DATA,STA,08:3A:F2:A8:E0:C1,-40,11,1,6,1,1,1,1,0,0,0,-95,1,1,1,16545787,0,110,0,0,16.7344,384,[110 96 6 0 0 0 0 0 0 0 0 0 -23 10 -23 9 -23 8 -22 7 -22 6 -21 5 -20 4 -19 4 -19 3 -18 3 -18 3 -17 3 -16 2 -15 3 -15 3 -15 4 -13 3 -13 3 -12 3 -11 4 -11 4 -10 4 -10 5 -9 5 -9 6 -9 7 0 0 -8 7 -7 8 -8 8 -7 9 -8 9 -7 9 -8 10 -7 10 -7 10 -7 10 -7 11 -7 11 -7 11 -7 11 -7 11 -7 11 -7 11 -7 11 -7 10 -7 10 -7 10 -7 10 -7 10 -6 10 -6 9 -6 9 0 0 0 0 0 0 0 0 0 0 ],1687784607.283632
CSI_DATA,STA,08:3A:F2:A8:E0:C1,-40,11,1,6,1,1,1,1,0,0,0,-95,1,1,1,16555773,0,110,0,0,16.7445,384,[110 96 6 0 0 0 0 0 0 0 0 0 -8 24 -8 23 -8 22 -10 21 -10 20 -10 19 -9 18 -9 17 -9 17 -9 16 -10 15 -9 14 -9 13 -8 13 -7 12 -7 12 -7 11 -6 11 -5 11 -5 11 -4 10 -3 10 -3 10 -2 10 -2 10 -1 10 0 0 0 10 1 11 1 10 1 11 2 11 3 12 2 12 3 12 3 12 3 12 3 12 2 12 3 12 3 12 3 12 4 12 3 12 3 12 3 12 3 12 3 12 2 12 3 11 3 11 2 11 2 10 0 0 0 0 0 0 0 0 0 0 ],1687784607.293591
CSI_DATA,STA,08:3A:F2:A8:E0:C1,-40,11,1,6,1,1,1,1,0,0,0,-95,1,1,1,16565875,0,110,0,0,16.7546,384,[110 96 6 0 0 0 0 0 0 0 0 0 17 -19 17 -18 18 -17 18 -15 17 -14 16 -13 16 -12 16 -12 16 -11 15 -10 14 -10 14 -9 13 -9 13 -9 12 -9 11 -8 10 -8 9 -8 9 -8 8 -8 8 -8 8 -8 7 -9 6 -9 6 -9 5 -10 0 0 5 -11 4 -11 3 -11 3 -11 3 -11 3 -12 3 -12 2 -13 2 -13 2 -13 2 -13 2 -13 2 -13 2 -14 3 -13 2 -13 2 -13 2 -13 2 -13 2 -13 3 -13 2 -12 2 -13 2 -12 2 -12 2 -11 0 0 0 0 0 0 0 0 0 0 ],1687784607.304354
CSI_DATA,STA,08:3A:F2:A8:E0:C1,-40,11,1,6,1,1,1,1,0,0,0,-95,1,1,1,16575737,0,110,0,0,16.7645,384,[110 96 6 0 0 0 0 0 0 0 0 0 5 25 4 23 5 23 3 22 2 22 1 20 0 21 0 19 0 19 0 18 -1 18 -2 17 -1 16 0 15 0 14 0 14 0 13 0 13 1 12 2 11 2 11 3 10 2 10 4 10 3 9 4 9 0 0 5 9 6 9 6 8 7 8 7 8 8 9 8 8 8 9 8 8 9 9 9 8 9 9 9 9 9 8 9 9 9 8 9 9 9 9 9 9 9 8 8 9 8 8 8 8 8 8 7 8 8 7 0 0 0 0 0 0 0 0 0 0 ],1687784607.314066
CSI_DATA,STA,08:3A:F2:A8:E0:C1,-40,11,1,6,1,1,1,1,0,0,0,-95,1,1,1,16587148,0,110,0,0,16.7759,384,[110 96 6 0 0 0 0 0 0 0 0 0 16 -16 16 -15 16 -14 16 -13 16 -12 15 -11 15 -10 15 -10 14 -9 14 -9 13 -9 13 -8 12 -8 12 -8 11 -7 10 -7 9 -7 9 -7 8 -7 8 -7 7 -7 7 -7 6 -8 5 -8 5 -9 5 -9 0 0 4 -9 3 -9 3 -10 3 -10 3 -10 2 -11 3 -11 2 -11 2 -11 2 -12 1 -12 2 -12 2 -12 2 -12 2 -12 1 -12 2 -12 1 -12 1 -12 1 -11 2 -12 2 -11 2 -11 1 -11 1 -11 1 -10 0 0 0 0 0 0 0 0 0 0 ],1687784607.325682
CSI_DATA,STA,08:3A:F2:A8:E0:C1,-40,11,1,6,1,1,1,1,0,0,0,-95,1,1,1,16596043,0,110,0,0,16.7849,384,[110 96 6 0 0 0 0 0 0 0 0 0 1 29 0 27 -1 26 -2 25 -3 25 -4 23 -4 23 -4 21 -5 21 -5 20 -5 20 -5 18 -4 17 -3 16 -3 16 -3 16 -3 14 -2 14 -1 13 0 13 0 12 1 12 1 12 2 11 2 11 3 11 0 0 4 11 5 11 6 10 6 11 7 11 7 11 7 11 8 11 7 11 8 11 9 11 8 12 8 12 8 11 8 12 8 11 9 12 8 11 8 11 8 11 7 11 8 11 8 11 8 10 7 10 7 10 0 0 0 0 0 0 0 0 0 0 ],1687784607.3342311
CSI_DATA,STA,08:3A:F2:A8:E0:C1,-40,11,1,6,1,1,1,1,0,0,0,-95,1,1,1,16609744,0,110,0,0,16.7986,384,[110 96 6 0 0 0 0 0 0 0 0 0 2 -25 2 -24 3 -24 4 -23 4 -22 5 -21 5 -19 5 -19 5 -19 5 -17 6 -17 5 -16 5 -15 4 -15 4 -14 4 -14 3 -13 3 -13 2 -12 2 -12 1 -11 0 -11 0 -11 -1 -11 -1 -11 -1 -11 0 0 -3 -11 -3 -11 -4 -11 -4 -11 -5 -11 -5 -12 -5 -12 -5 -12 -6 -12 -6 -12 -6 -12 -6 -12 -6 -12 -6 -12 -6 -12 -6 -12 -6 -12 -6 -12 -6 -12 -6 -12 -6 -12 -6 -11 -5 -12 -6 -11 -5 -11 -6 -10 0 0 0 0 0 0 0 0 0 0 ],1687784607.348833
CSI_DATA,STA,08:3A:F2:A8:E0:C1,-40,11,1,6,1,1,1,1,0,0,0,-95,1,1,1,16616999,0,110,0,0,16.8056,384,[110 96 6 0 0 0 0 0 0 0 0 0 17 -15 17 -15 17 -13 17 -12 16 -12 16 -11 15 -10 15 -10 15 -9 13 -8 14 -8 13 -7 13 -7 12 -7 11 -6 11 -7 10 -7 9 -7 9 -7 8 -7 7 -7 7 -7 6 -7 6 -7 6 -8 5 -9 0 0 4 -9 4 -9 3 -10 3 -10 3 -10 3 -11 3 -11 2 -11 3 -11 2 -11 2 -12 2 -12 3 -12 3 -12 3 -12 2 -12 2 -12 2 -12 2 -12 2 -12 2 -11 2 -11 2 -11 2 -11 2 -10 2 -10 0 0 0 0 0 0 0 0 0 0 ],1687784607.354975
CSI_DATA,STA,08:3A:F2:A8:E0:C1,-40,11,1,6,1,1,1,1,0,0,0,-95,1,1,1,16632006,0,110,0,0,16.8208,384,[110 96 6 0 0 0 0 0 0 0 0 0 -24 9 -23 8 -23 7 -22 6 -22 6 -21 5 -20 5 -19 4 -19 3 -18 2 -18 2 -17 2 -16 1 -15 2 -15 2 -14 3 -13 3 -12 3 -12 3 -11 3 -11 4 -10 4 -10 5 -9 5 -9 5 -9 6 0 0 -8 7 -8 8 -7 8 -7 9 -8 9 -7 9 -7 9 -7 10 -7 10 -7 10 -7 11 -8 11 -7 11 -7 11 -7 11 -7 11 -7 11 -7 10 -6 11 -7 10 -7 10 -7 10 -7 10 -6 10 -6 9 -6 9 0 0 0 0 0 0 0 0 0 0 ],1687784607.371087
CSI_DATA,STA,08:3A:F2:A8:E0:C1,-39,11,1,5,1,1,1,1,0,0,0,-95,1,1,1,16641550,0,110,0,0,16.8302,384,[110 96 6 0 0 0 0 0 0 0 0 0 18 15 17 15 17 16 16 15 15 15 13 15 12 15 11 15 10 14 11 14 10 13 9 13 10 13 9 12 8 11 8 10 8 9 7 8 8 8 8 8 8 7 8 7 8 6 9 5 9 5 9 4 0 0 9 3 10 3 10 2 10 2 11 2 11 2 11 2 12 2 12 2 12 1 12 1 12 1 13 1 12 1 12 1 12 1 13 1 12 1 12 1 11 1 11 2 11 1 12 1 11 0 11 1 10 0 0 0 0 0 0 0 0 0 0 0 ],1687784607.3796859
CSI_DATA,STA,08:3A:F2:A8:E0:C1,-40,11,1,6,1,1,1,1,0,0,0,-95,1,1,1,16647797,0,110,0,0,16.8364,384,[110 96 6 0 0 0 0 0 0 0 0 0 20 9 20 10 18 9 18 10 16 9 15 11 14 10 14 10 13 10 12 9 12 9 11 9 11 9 11 8 10 8 10 7 9 7 8 6 9 5 9 5 9 5 9 4 8 3 9 2 9 2 9 1 0 0 9 1 9 0 10 0 9 -1 10 0 10 -1 10 -1 11 -1 11 -2 11 -2 11 -2 11 -1 11 -2 12 -2 11 -2 11 -2 11 -2 11 -2 11 -2 11 -2 11 -1 10 -1 10 -1 10 -2 10 -1 9 -1 0 0 0 0 0 0 0 0 0 0 ],1687784607.386018
CSI_DATA,STA,08:3A:F2:A8:E0:C1,-40,11,1,6,1,1,1,1,0,0,0,-95,1,1,1,16656958,0,110,0,0,16.8457,384,[110 96 6 0 0 0 0 0 0 0 0 0 -18 15 -18 14 -17 12 -18 12 -17 11 -17 10 -16 9 -16 8 -16 7 -15 7 -15 7 -14 7 -13 6 -13 6 -12 6 -12 6 -11 6 -10 6 -9 5 -9 6 -9 6 -8 6 -7 6 -6 7 -6 7 -6 8 0 0 -6 8 -5 8 -4 9 -4 9 -4 9 -4 10 -4 10 -4 10 -4 10 -4 10 -3 11 -3 11 -3 11 -4 11 -4 11 -3 11 -3 11 -3 11 -4 11 -4 10 -4 10 -4 10 -3 10 -3 10 -3 9 -3 9 0 0 0 0 0 0 0 0 0 0 ],1687784607.395571
CSI_DATA,STA,08:3A:F2:A8:E0:C1,-40,11,1,6,1,1,1,1,0,0,0,-95,1,1,1,16668506,0,110,0,0,16.8573,384,[110 96 6 0 0 0 0 0 0 0 0 0 -1 25 -3 23 -3 23 -4 22 -4 21 -5 20 -5 19 -6 19 -6 18 -6 17 -6 16 -5 16 -5 15 -5 14 -4 14 -4 13 -3 12 -3 12 -2 11 -2 11 -2 11 -1 10 -1 10 1 10 1 10 1 10 0 0 2 10 3 10 4 10 4 10 5 10 5 10 5 11 5 11 5 10 6 10 6 10 6 11 6 11 6 11 7 10 6 10 7 11 7 10 7 10 6 10 6 10 6 10 6 10 6 9 6 10 6 9 0 0 0 0 0 0 0 0 0 0 ],1687784607.407003
CSI_DATA,STA,08:3A:F2:A8:E0:C1,-39,11,1,5,1,1,1,1,0,0,0,-95,1,1,1,16678183,0,110,0,0,16.8669,384,[110 96 6 0 0 0 0 0 0 0 0 0 -1 -25 0 -25 0 -23 2 -24 2 -21 3 -22 3 -20 4 -20 4 -20 3 -18 3 -18 3 -17 2 -16 2 -16 3 -15 2 -14 2 -14 1 -13 0 -13 0 -12 0 -12 -1 -11 -1 -11 -2 -11 -3 -11 -3 -11 0 0 -4 -11 -5 -11 -6 -10 -6 -10 -6 -11 -7 -11 -7 -11 -7 -11 -7 -11 -8 -10 -8 -10 -8 -11 -8 -11 -8 -11 -8 -11 -8 -11 -8 -11 -8 -11 -8 -11 -8 -10 -8 -11 -7 -11 -7 -10 -8 -9 -7 -10 -7 -9 0 0 0 0 0 0 0 0 0 0 ],1687784607.416734
CSI_DATA,STA,08:3A:F2:A8:E0:C1,-40,11,1,6,1,1,1,1,0,0,0,-95,1,1,1,16686717,0,110,0,0,16.8754,384,[110 96 6 0 0 0 0 0 0 0 0 0 2 25 1 25 1 23 0 23 -1 21 -2 21 -2 20 -3 19 -3 19 -3 18 -3 17 -4 16 -3 15 -2 15 -2 14 -2 13 -1 13 -1 12 -1 12 0 11 0 11 1 10 1 10 2 10 3 10 3 9 0 0 4 9 5 9 6 9 6 9 7 9 7 9 7 9 8 9 7 9 8 9 8 9 8 10 8 9 8 10 8 9 9 9 9 9 9 9 8 9 8 9 7 9 8 9 7 9 7 8 7 9 7 8 0 0 0 0 0 0 0 0 0 0 ],1687784607.424344
CSI_DATA,STA,08:3A:F2:A8:E0:C1,-39,11,1,5,1,1,1,1,0,0,0,-95,1,1,1,16698285,0,110,0,0,16.8871,384,[110 96 6 0 0 0 0 0 0 0 0 0 -21 -15 -19 -15 -20 -15 -18 -15 -17 -16 -15 -15 -14 -15 -13 -15 -13 -15 -13 -14 -12 -14 -11 -14 -11 -13 -11 -12 -10 -11 -10 -11 -9 -10 -9 -9 -10 -8 -10 -8 -9 -8 -9 -7 -9 -6 -10 -6 -10 -5 -10 -4 0 0 -11 -3 -11 -3 -11 -3 -12 -2 -12 -2 -12 -2 -13 -2 -13 -1 -13 -1 -13 -1 -14 -1 -14 -1 -14 -1 -13 0 -14 -1 -13 0 -14 -1 -13 -1 -13 -1 -13 -1 -13 -1 -13 -1 -13 -1 -12 0 -12 -1 -11 -1 0 0 0 0 0 0 0 0 0 0 ],1687784607.4369762
CSI_DATA,STA,08:3A:F2:A8:E0:C1,-40,11,1,6,1,1,1,1,0,0,0,-95,1,1,1,16707228,0,110,0,0,16.8961,384,[110 96 6 0 0 0 0 0 0 0 0 0 -23 -4 -22 -5 -22 -5 -21 -6 -20 -6 -18 -6 -18 -6 -17 -7 -16 -6 -16 -7 -15 -7 -15 -6 -14 -6 -13 -6 -13 -6 -13 -4 -12 -4 -11 -4 -11 -4 -11 -3 -11 -2 -10 -2 -10 -1 -10 -1 -10 0 -10 1 0 0 -10 1 -10 2 -10 2 -10 3 -10 3 -10 3 -11 4 -11 4 -10 4 -11 4 -11 5 -11 5 -11 5 -11 5 -11 5 -10 5 -11 5 -11 4 -10 5 -10 5 -11 5 -10 5 -10 5 -10 5 -10 4 -9 4 0 0 0 0 0 0 0 0 0 0 ],1687784607.446296
CSI_DATA,STA,08:3A:F2:A8:E0:C1,-39,11,1,5,1,1,1,1,0,0,0,-95,1,1,1,16720274,0,110,0,0,16.909,384,[110 96 6 0 0 0 0 0 0 0 0 0 -24 -7 -23 -8 -23 -8 -22 -9 -21 -9 -19 -9 -18 -10 -17 -10 -17 -10 -16 -9 -16 -9 -15 -8 -15 -8 -15 -8 -13 -7 -13 -7 -12 -6 -11 -5 -12 -5 -11 -5 -11 -4 -11 -4 -10 -2 -11 -2 -11 -1 -11 0 0 0 -11 1 -11 1 -11 1 -11 2 -12 2 -12 3 -12 2 -12 3 -12 3 -12 4 -12 4 -13 4 -12 4 -13 4 -12 3 -12 4 -12 4 -12 4 -12 4 -12 3 -12 3 -12 3 -12 4 -11 4 -11 3 -11 3 0 0 0 0 0 0 0 0 0 0 ],1687784607.458428
CSI_DATA,STA,08:3A:F2:A8:E0:C1,-40,11,1,6,1,1,1,1,0,0,0,-95,1,1,1,16727222,0,110,0,0,16.9158,384,[110 96 6 0 0 0 0 0 0 0 0 0 -19 -18 -17 -18 -17 -18 -16 -18 -15 -17 -12 -18 -12 -17 -11 -17 -11 -16 -10 -16 -10 -15 -9 -15 -10 -14 -10 -14 -9 -13 -9 -12 -8 -11 -8 -10 -9 -10 -8 -9 -8 -9 -9 -8 -9 -7 -10 -7 -10 -6 -10 -5 0 0 -10 -5 -11 -4 -11 -4 -11 -3 -12 -3 -12 -3 -13 -3 -13 -3 -13 -3 -13 -2 -13 -2 -14 -2 -14 -2 -14 -2 -13 -3 -13 -2 -13 -2 -13 -2 -13 -3 -13 -2 -13 -3 -13 -2 -13 -2 -12 -1 -12 -2 -12 -2 0 0 0 0 0 0 0 0 0 0 ],1687784607.465906
CSI_DATA,STA,08:3A:F2:A8:E0:C1,-40,11,1,6,1,1,1,1,0,0,0,-95,1,1,1,16735850,0,110,0,0,16.9246,384,[110 96 6 0 0 0 0 0 0 0 0 0 7 -22 8 -21 7 -21 8 -19 8 -19 8 -18 9 -17 9 -16 9 -15 8 -15 8 -14 8 -14 7 -13 6 -13 6 -12 6 -12 5 -11 5 -11 4 -11 4 -10 3 -10 2 -10 2 -10 1 -10 0 -10 0 -10 0 0 -1 -10 -2 -10 -2 -10 -3 -10 -3 -11 -3 -11 -3 -11 -4 -12 -3 -11 -4 -11 -5 -11 -4 -11 -5 -11 -5 -11 -4 -12 -4 -11 -4 -12 -5 -11 -4 -11 -4 -11 -4 -11 -4 -11 -4 -11 -5 -10 -4 -10 -4 -10 0 0 0 0 0 0 0 0 0 0 ],1687784607.47469
CSI_DATA,STA,08:3A:F2:A8:E0:C1,-40,11,1,6,1,1,1,1,0,0,0,-95,1,1,1,16745742,0,110,0,0,16.9345,384,[110 96 6 0 0 0 0 0 0 0 0 0 12 -20 11 -19 12 -19 12 -17 12 -17 12 -15 13 -14 12 -13 12 -13 12 -12 11 -12 10 -11 10 -11 9 -10 9 -9 9 -10 8 -9 7 -10 6 -9 6 -9 5 -9 5 -9 4 -9 3 -9 3 -9 3 -10 0 0 2 -10 1 -10 0 -10 1 -11 0 -11 0 -11 0 -11 0 -12 0 -12 -1 -12 -2 -12 -1 -12 -2 -12 -1 -12 -1 -13 -2 -12 -1 -13 -1 -12 -1 -12 -1 -12 -1 -12 -1 -11 -1 -12 -2 -11 -2 -11 -2 -10 0 0 0 0 0 0 0 0 0 0 ],1687784607.484267
CSI_DATA,STA,08:3A:F2:A8:E0:C1,-40,11,1,6,1,1,1,1,0,0,0,-95,1,1,1,16755841,0,110,0,0,16.9446,384,[110 96 6 0 0 0 0 0 0 0 0 0 20 14 19 15 18 14 18 15 17 14 15 15 14 14 14 14 13 14 11 13 11 13 10 13 11 12 10 11 10 10 9 10 9 9 8 8 9 8 9 7 9 7 9 6 8 5 9 5 9 4 9 3 0 0 10 3 10 2 11 2 11 1 11 1 11 1 12 1 12 0 12 0 12 0 12 0 12 0 13 0 13 0 12 0 13 0 13 -1 12 0 12 0 12 -1 12 0 12 0 12 0 11 0 11 0 11 0 0 0 0 0 0 0 0 0 0 0 ],1687784607.4939141
CSI_DATA,STA,08:3A:F2:A8:E0:C1,-40,11,1,6,1,1,1,1,0,0,0,-95,1,1,1,16765649,0,110,0,0,16.9544,384,[110 96 6 0 0 0 0 0 0 0 0 0 10 -21 10 -20 10 -19 11 -18 11 -17 11 -16 11 -15 10 -15 10 -14 10 -13 10 -13 9 -13 9 -12 8 -11 8 -11 8 -11 7 -10 7 -10 5 -10 5 -10 4 -9 4 -10 3 -9 2 -10 2 -10 2 -10 0 0 1 -10 0 -10 0 -10 -1 -10 -1 -11 -1 -11 -2 -11 -2 -12 -2 -12 -2 -12 -2 -12 -2 -12 -3 -12 -2 -12 -2 -12 -3 -12 -3 -12 -2 -12 -3 -12 -3 -12 -2 -12 -2 -11 -2 -11 -3 -11 -3 -11 -2 -10 0 0 0 0 0 0 0 0 0 0 ],1687784607.504701
CSI_DATA,STA,08:3A:F2:A8:E0:C1,-39,11,1,5,1,1,1,1,0,0,0,-95,1,1,1,16776973,0,110,0,0,16.9657,384,[110 96 6 0 0 0 0 0 0 0 0 0 -18 -17 -18 -18 -17 -17 -16 -18 -15 -16 -13 -17 -12 -17 -11 -17 -11 -17 -11 -15 -10 -15 -10 -15 -10 -14 -10 -13 -9 -13 -9 -12 -8 -11 -8 -10 -9 -10 -9 -9 -8 -9 -9 -8 -9 -7 -10 -6 -10 -6 -10 -5 0 0 -10 -4 -11 -4 -11 -4 -11 -3 -12 -4 -12 -4 -12 -4 -12 -3 -13 -3 -13 -2 -13 -2 -13 -2 -13 -2 -14 -2 -13 -2 -14 -2 -13 -2 -13 -2 -13 -2 -13 -2 -13 -2 -13 -2 -12 -2 -12 -1 -12 -2 -12 -1 0 0 0 0 0 0 0 0 0 0 ],1687784607.516056
CSI_DATA,STA,08:3A:F2:A8:E0:C1,-40,11,1,6,1,1,1,1,0,0,0,-95,1,1,1,16785712,0,110,0,0,16.9744,384,[110 96 6 0 0 0 0 0 0 0 0 0 1 25 0 24 0 24 -1 23 -2 22 -3 21 -3 20 -3 20 -4 19 -4 18 -4 18 -4 16 -4 15 -3 15 -3 14 -3 14 -3 13 -2 12 -1 12 -1 11 0 11 0 10 1 10 2 10 2 10 2 10 0 0 3 10 4 9 5 9 5 9 5 10 6 10 6 10 7 10 6 10 6 10 7 10 7 10 7 10 7 10 7 10 7 10 7 10 8 10 7 10 7 10 7 10 7 10 6 9 7 9 6 9 6 8 0 0 0 0 0 0 0 0 0 0 ],1687784607.524467
CSI_DATA,STA,08:3A:F2:A8:E0:C1,-40,11,1,6,1,1,1,1,0,0,0,-95,1,1,1,16795656,0,110,0,0,16.9844,384,[110 96 6 0 0 0 0 0 0 0 0 0 19 -12 19 -11 19 -10 19 -9 18 -8 18 -8 17 -6 17 -6 17 -6 15 -5 15 -5 14 -5 13 -5 13 -5 12 -4 12 -5 11 -4 10 -5 9 -5 9 -5 8 -5 8 -5 8 -6 7 -7 7 -7 6 -7 0 0 6 -8 5 -9 5 -9 5 -9 5 -9 5 -10 5 -10 4 -10 5 -11 4 -11 4 -11 4 -11 4 -11 4 -11 4 -11 4 -11 4 -12 4 -11 4 -11 4 -11 4 -11 4 -11 4 -10 3 -10 3 -10 3 -10 0 0 0 0 0 0 0 0 0 0 ],1687784607.534215
CSI_DATA,STA,08:3A:F2:A8:E0:C1,-40,11,1,6,1,1,1,1,0,0,0,-95,1,1,1,16807144,0,110,0,0,16.996,384,[110 96 6 0 0 0 0 0 0 0 0 0 16 -15 16 -15 16 -14 16 -13 16 -12 16 -11 15 -10 15 -10 14 -9 14 -9 14 -8 13 -8 13 -7 12 -7 11 -7 11 -7 10 -7 9 -7 8 -7 8 -7 7 -7 7 -7 6 -7 6 -8 6 -8 5 -8 0 0 4 -9 4 -9 3 -10 3 -10 3 -10 3 -11 3 -10 2 -11 3 -11 2 -11 2 -12 2 -11 3 -12 2 -12 2 -11 2 -12 2 -12 2 -12 2 -11 2 -11 2 -11 2 -11 2 -11 2 -11 2 -11 2 -10 0 0 0 0 0 0 0 0 0 0 ],1687784607.545732
CSI_DATA,STA,08:3A:F2:A8:E0:C1,-40,11,1,6,1,1,1,1,0,0,0,-95,1,1,1,16817489,0,110,0,0,17.0062,384,[110 96 6 0 0 0 0 0 0 0 0 0 -19 -13 -18 -13 -18 -13 -17 -13 -17 -13 -14 -13 -13 -14 -12 -13 -12 -13 -11 -12 -11 -12 -11 -12 -10 -12 -10 -11 -10 -10 -10 -9 -9 -9 -9 -8 -9 -8 -9 -7 -9 -7 -9 -6 -9 -5 -9 -5 -9 -4 -10 -3 0 0 -10 -3 -10 -2 -10 -2 -10 -1 -11 -1 -11 -1 -11 -1 -12 -1 -12 -1 -12 0 -12 0 -12 0 -12 0 -12 0 -12 0 -12 0 -12 0 -12 0 -12 0 -12 0 -11 0 -11 0 -11 0 -11 1 -11 -1 -10 0 0 0 0 0 0 0 0 0 0 0 ],1687784607.5570078
CSI_DATA,STA,08:3A:F2:A8:E0:C1,-40,11,1,6,1,1,1,1,0,0,0,-95,1,1,1,16825478,0,110,0,0,17.0143,384,[110 96 6 0 0 0 0 0 0 0 0 0 -19 -14 -18 -14 -18 -14 -16 -14 -16 -15 -14 -14 -13 -14 -12 -14 -11 -14 -11 -13 -10 -13 -10 -13 -10 -12 -10 -12 -9 -11 -9 -10 -8 -9 -8 -9 -9 -8 -9 -9 -8 -7 -9 -7 -8 -6 -9 -6 -9 -6 -9 -5 0 0 -9 -4 -10 -3 -10 -3 -10 -3 -11 -3 -11 -3 -12 -3 -12 -3 -11 -3 -12 -2 -12 -2 -12 -2 -12 -2 -12 -2 -12 -2 -12 -2 -12 -2 -12 -2 -12 -2 -12 -2 -11 -3 -12 -2 -11 -3 -11 -2 -11 -2 -11 -2 0 0 0 0 0 0 0 0 0 0 ],1687784607.5651479
CSI_DATA,STA,08:3A:F2:A8:E0:C1,-40,11,1,6,1,1,1,1,0,0,0,-95,1,1,1,16835756,0,110,0,0,17.0245,384,[110 96 6 0 0 0 0 0 0 0 0 0 -8 21 -9 20 -9 20 -9 19 -9 18 -10 17 -10 16 -10 15 -10 15 -9 14 -9 13 -9 13 -8 12 -7 12 -7 11 -7 11 -6 11 -6 10 -5 9 -5 10 -4 9 -3 9 -3 9 -2 9 -1 9 -1 9 0 0 0 9 1 10 1 9 2 10 2 10 2 10 2 10 3 10 3 10 3 10 3 11 4 11 3 11 4 11 3 11 4 11 4 11 4 10 4 10 4 10 3 10 3 10 3 10 4 9 3 9 4 9 0 0 0 0 0 0 0 0 0 0 ],1687784607.5759108
CSI_DATA,STA,08:3A:F2:A8:E0:C1,-39,11,1,5,1,1,1,1,0,0,0,-95,1,1,1,16849684,0,110,0,0,17.0384,384,[110 96 6 0 0 0 0 0 0 0 0 0 -18 12 -19 12 -18 11 -18 10 -17 9 -17 8 -17 7 -16 7 -16 6 -15 6 -15 6 -14 5 -13 5 -13 5 -13 5 -12 5 -11 5 -10 5 -10 5 -9 5 -8 5 -8 5 -8 6 -7 6 -7 6 -7 7 0 0 -6 8 -5 8 -5 8 -5 8 -5 9 -4 9 -5 9 -4 9 -4 10 -4 10 -4 10 -4 10 -4 11 -4 11 -4 10 -3 11 -4 10 -3 11 -4 10 -3 10 -4 10 -4 10 -3 9 -3 10 -3 9 -3 9 0 0 0 0 0 0 0 0 0 0 ],1687784607.588525
CSI_DATA,STA,08:3A:F2:A8:E0:C1,-39,11,1,5,1,1,1,1,0,0,0,-95,1,1,1,16860663,0,110,0,0,17.0493,384,[110 96 6 0 0 0 0 0 0 0 0 0 23 5 23 5 22 5 22 7 20 6 19 7 17 7 17 7 16 8 16 7 15 7 15 7 14 7 14 6 13 6 12 5 11 5 10 4 11 3 10 3 10 3 10 2 10 1 10 0 10 0 10 -1 0 0 10 -2 10 -2 10 -2 10 -3 11 -3 11 -4 11 -3 11 -4 11 -4 11 -4 11 -5 11 -4 12 -5 12 -5 11 -5 12 -5 11 -5 11 -5 11 -5 11 -4 11 -4 11 -4 10 -4 10 -5 10 -4 10 -4 0 0 0 0 0 0 0 0 0 0 ],1687784607.5998468
CSI_DATA,STA,08:3A:F2:A8:E0:C1,-38,11,1,4,1,1,1,1,0,0,0,-95,1,1,1,16875185,0,110,0,0,17.064,384,[110 96 6 0 0 0 0 0 0 0 0 0 -10 -24 -10 -23 -9 -23 -8 -23 -7 -22 -5 -21 -5 -20 -5 -20 -3 -20 -4 -19 -3 -19 -3 -18 -3 -17 -4 -16 -3 -15 -3 -15 -3 -14 -3 -13 -4 -12 -4 -11 -5 -11 -5 -11 -5 -10 -6 -10 -6 -10 -7 -9 0 0 -8 -9 -9 -9 -9 -8 -9 -8 -10 -8 -10 -9 -10 -9 -11 -9 -11 -9 -11 -8 -12 -7 -11 -8 -12 -8 -11 -8 -11 -9 -11 -8 -12 -8 -11 -7 -11 -8 -11 -7 -11 -8 -11 -8 -11 -8 -11 -7 -10 -8 -10 -6 0 0 0 0 0 0 0 0 0 0 ],1687784607.614205
CSI_DATA,STA,08:3A:F2:A8:E0:C1,-41,11,1,7,1,1,1,1,0,0,0,-95,1,1,1,16881760,0,110,0,0,17.0704,384,[110 96 6 0 0 0 0 0 0 0 0 0 -21 -10 -20 -10 -19 -10 -19 -11 -18 -11 -17 -11 -15 -11 -15 -11 -14 -10 -14 -10 -13 -10 -12 -10 -13 -9 -12 -9 -12 -8 -11 -7 -10 -7 -10 -7 -10 -6 -10 -5 -10 -5 -10 -5 -10 -4 -10 -3 -10 -3 -10 -2 0 0 -10 -1 -10 -1 -11 -1 -11 0 -11 0 -11 0 -11 0 -11 1 -12 1 -12 1 -12 1 -12 1 -12 1 -12 2 -12 1 -12 1 -12 1 -12 1 -11 2 -12 1 -11 1 -12 1 -11 1 -11 2 -11 1 -11 2 0 0 0 0 0 0 0 0 0 0 ],1687784607.6208608
CSI_DATA,STA,08:3A:F2:A8:E0:C1,-40,11,1,6,1,1,1,1,0,0,0,-95,1,1,1,16891059,0,110,0,0,17.0797,384,[110 96 6 0 0 0 0 0 0 0 0 0 20 -9 20 -9 20 -8 19 -7 19 -6 17 -5 17 -5 16 -5 16 -4 16 -3 15 -3 15 -3 14 -3 13 -2 12 -3 12 -3 11 -3 11 -3 10 -3 9 -4 9 -4 9 -5 8 -5 7 -5 8 -5 7 -6 0 0 7 -7 6 -8 6 -7 6 -8 6 -9 6 -9 6 -9 5 -9 6 -10 6 -10 6 -10 6 -10 6 -10 6 -10 6 -10 6 -10 6 -10 6 -10 6 -10 5 -10 6 -10 6 -10 5 -9 5 -9 5 -9 5 -8 0 0 0 0 0 0 0 0 0 0 ],1687784607.629347
CSI_DATA,STA,08:3A:F2:A8:E0:C1,-41,11,1,7,1,1,1,1,0,0,0,-95,1,1,1,16897501,0,110,0,0,17.0861,384,[110 96 6 0 0 0 0 0 0 0 0 0 10 -21 11 -20 10 -19 11 -18 11 -17 11 -16 11 -15 11 -14 11 -13 10 -13 10 -13 10 -12 9 -11 8 -11 8 -11 8 -10 7 -10 7 -10 6 -10 5 -9 5 -9 5 -9 4 -9 3 -9 3 -9 2 -10 0 0 1 -10 0 -10 0 -10 0 -11 0 -11 -1 -11 -1 -11 -1 -12 -1 -12 -2 -12 -2 -12 -1 -12 -1 -12 -2 -12 -2 -12 -2 -12 -1 -12 -2 -12 -1 -12 -1 -12 -1 -12 -1 -12 -1 -11 -1 -11 -1 -11 -1 -10 0 0 0 0 0 0 0 0 0 0 ],1687784607.635839
CSI_DATA,STA,08:3A:F2:A8:E0:C1,-41,11,1,7,1,1,1,1,0,0,0,-95,1,1,1,16907531,0,110,0,0,17.0968,384,[110 96 6 0 0 0 0 0 0 0 0 0 -21 7 -21 6 -21 5 -21 4 -19 3 -19 3 -18 2 -18 1 -17 1 -16 1 -16 1 -15 1 -14 0 -14 1 -13 0 -13 1 -12 1 -11 1 -11 2 -10 2 -10 2 -10 2 -9 3 -9 4 -9 4 -9 4 0 0 -8 5 -8 6 -8 6 -8 7 -8 7 -8 7 -8 7 -7 7 -7 8 -8 8 -8 8 -8 9 -8 8 -8 8 -7 8 -8 8 -7 8 -7 8 -7 8 -8 8 -8 8 -7 8 -8 8 -7 8 -7 7 -6 7 0 0 0 0 0 0 0 0 0 0 ],1687784607.646558
CSI_DATA,STA,08:3A:F2:A8:E0:C1,-41,11,1,7,1,1,1,1,0,0,0,-95,1,1,1,16919110,0,110,0,0,17.1079,384,[110 96 6 0 0 0 0 0 0 0 0 0 22 3 21 4 20 4 20 5 19 4 17 5 17 6 16 6 15 6 15 5 14 5 13 5 13 5 13 5 12 5 11 4 11 4 10 3 10 3 10 2 9 2 9 1 9 0 9 0 9 0 9 -1 0 0 9 -2 9 -2 9 -3 9 -3 9 -4 10 -4 10 -4 9 -5 10 -5 10 -5 10 -5 10 -5 10 -5 10 -5 10 -5 10 -5 10 -6 10 -5 10 -5 10 -5 10 -5 10 -5 9 -4 9 -5 9 -5 9 -4 0 0 0 0 0 0 0 0 0 0 ],1687784607.6578822
CSI_DATA,STA,08:3A:F2:A8:E0:C1,-40,11,1,6,1,1,1,1,0,0,0,-95,1,1,1,16928690,0,110,0,0,17.1173,384,[110 96 6 0 0 0 0 0 0 0 0 0 -8 -25 -6 -24 -6 -23 -5 -23 -3 -21 -3 -21 -2 -21 -2 -20 -1 -20 -2 -19 -1 -18 -1 -18 -1 -16 -2 -16 -1 -15 -1 -14 -1 -14 -2 -13 -3 -13 -3 -12 -3 -11 -4 -11 -4 -10 -5 -10 -5 -10 -5 -10 0 0 -6 -10 -7 -9 -7 -9 -7 -9 -9 -10 -9 -9 -8 -9 -9 -9 -9 -10 -9 -9 -10 -9 -10 -9 -10 -9 -10 -10 -10 -9 -10 -10 -9 -9 -10 -9 -10 -9 -10 -9 -9 -9 -9 -9 -9 -9 -9 -8 -9 -8 -9 -8 0 0 0 0 0 0 0 0 0 0 ],1687784607.667063
CSI_DATA,STA,08:3A:F2:A8:E0:C1,-41,11,1,7,1,1,1,1,0,0,0,-95,1,1,1,16939814,0,110,0,0,17.1284,384,[110 96 6 0 0 0 0 0 0 0 0 0 7 -26 7 -25 7 -23 9 -22 9 -21 9 -20 9 -19 9 -18 9 -18 9 -16 9 -16 8 -15 7 -15 7 -14 7 -14 6 -13 6 -13 5 -12 4 -12 4 -12 3 -12 3 -11 2 -11 1 -11 0 -11 0 -12 0 0 -1 -11 -2 -12 -2 -11 -3 -11 -3 -12 -3 -12 -4 -12 -4 -13 -4 -13 -4 -13 -4 -13 -5 -13 -5 -13 -5 -13 -5 -13 -4 -13 -4 -13 -5 -13 -4 -13 -5 -13 -4 -13 -4 -13 -4 -12 -4 -12 -4 -12 -4 -11 0 0 0 0 0 0 0 0 0 0 ],1687784607.678954
CSI_DATA,STA,08:3A:F2:A8:E0:C1,-40,11,1,6,1,1,1,1,0,0,0,-95,1,1,1,16948048,0,110,0,0,17.1367,384,[110 96 6 0 0 0 0 0 0 0 0 0 -16 20 -16 18 -16 18 -16 16 -16 15 -16 14 -16 13 -15 12 -15 12 -15 11 -15 11 -14 10 -13 10 -12 9 -11 9 -12 9 -10 8 -10 9 -8 8 -8 8 -7 8 -7 8 -6 9 -6 9 -5 9 -5 9 0 0 -4 10 -3 10 -3 10 -3 11 -2 11 -2 12 -2 12 -2 12 -1 12 -1 12 -1 12 -1 12 -1 12 -1 12 -1 13 -1 12 -1 13 0 12 -1 12 -1 12 -1 12 -1 12 -1 12 -1 11 -1 11 -1 11 0 0 0 0 0 0 0 0 0 0 ],1687784607.687229
CSI_DATA,STA,08:3A:F2:A8:E0:C1,-40,11,1,6,1,1,1,1,0,0,0,-95,1,1,1,16956785,0,110,0,0,17.1456,384,[110 96 6 0 0 0 0 0 0 0 0 0 5 -23 6 -22 5 -21 7 -20 6 -19 7 -18 8 -17 7 -16 7 -16 7 -15 7 -15 7 -14 6 -14 6 -13 5 -12 5 -12 5 -11 4 -11 3 -11 3 -11 2 -11 1 -10 1 -10 0 -10 0 -10 0 -10 0 0 -1 -11 -2 -10 -2 -10 -3 -10 -3 -11 -3 -11 -4 -11 -4 -11 -4 -11 -4 -11 -5 -11 -5 -11 -5 -11 -5 -11 -5 -11 -5 -11 -5 -11 -5 -11 -5 -11 -5 -11 -4 -11 -4 -10 -5 -11 -5 -10 -4 -10 -4 -10 0 0 0 0 0 0 0 0 0 0 ],1687784607.6957068
CSI_DATA,STA,08:3A:F2:A8:E0:C1,-40,11,1,6,1,1,1,1,0,0,0,-95,1,1,1,16967079,0,110,0,0,17.1558,384,[110 96 6 0 0 0 0 0 0 0 0 0 12 -20 12 -18 12 -18 13 -16 13 -16 12 -15 13 -13 12 -13 12 -12 11 -12 11 -11 11 -11 10 -10 9 -10 9 -9 9 -10 8 -9 7 -9 6 -9 6 -8 6 -8 5 -9 4 -9 4 -9 3 -9 3 -10 0 0 2 -10 2 -10 2 -10 1 -11 1 -10 1 -11 1 -11 0 -12 0 -12 0 -12 -1 -12 0 -12 -1 -12 0 -12 -1 -12 0 -12 0 -12 0 -12 0 -12 -1 -12 0 -11 0 -12 0 -11 -1 -11 -1 -11 -1 -10 0 0 0 0 0 0 0 0 0 0 ],1687784607.705484
CSI_DATA,STA,08:3A:F2:A8:E0:C1,-40,11,1,6,1,1,1,1,0,0,0,-95,1,1,1,16977185,0,110,0,0,17.1659,384,[110 96 6 0 0 0 0 0 0 0 0 0 -25 5 -25 3 -24 3 -24 1 -22 1 -21 1 -20 0 -20 0 -20 -1 -19 -1 -18 -1 -17 -1 -17 -1 -16 -1 -15 -1 -15 0 -14 0 -13 0 -12 0 -12 0 -11 1 -11 1 -11 3 -10 3 -10 3 -10 4 0 0 -10 5 -9 5 -9 6 -10 6 -10 6 -10 7 -10 7 -10 8 -10 8 -9 8 -9 8 -10 9 -10 9 -10 9 -10 8 -9 9 -10 9 -9 8 -9 8 -9 8 -9 8 -10 8 -9 8 -8 8 -8 7 -8 8 0 0 0 0 0 0 0 0 0 0 ],1687784607.7153122
CSI_DATA,STA,08:3A:F2:A8:E0:C1,-40,11,1,6,1,1,1,1,0,0,0,-95,1,1,1,16987066,0,110,0,0,17.1758,384,[110 96 6 0 0 0 0 0 0 0 0 0 -4 25 -4 24 -4 23 -5 22 -6 21 -6 20 -6 19 -7 18 -7 18 -6 17 -7 16 -7 15 -6 14 -5 14 -5 14 -5 13 -4 12 -4 12 -2 12 -2 11 -2 11 -1 10 -1 10 1 10 1 10 1 10 0 0 2 10 3 10 4 10 4 10 5 10 4 10 5 10 6 11 6 11 5 10 6 10 6 11 6 11 6 10 6 10 7 10 7 10 7 10 6 10 6 10 6 10 6 10 6 10 6 9 6 9 6 9 0 0 0 0 0 0 0 0 0 0 ],1687784607.7256021
CSI_DATA,STA,08:3A:F2:A8:E0:C1,-41,11,1,7,1,1,1,1,0,0,0,-95,1,1,1,16997401,0,110,0,0,17.1861,384,[110 96 6 0 0 0 0 0 0 0 0 0 13 -18 14 -18 13 -16 14 -16 13 -15 13 -14 13 -13 13 -12 12 -12 11 -11 12 -11 11 -10 10 -10 10 -10 10 -9 9 -9 9 -8 7 -8 7 -8 6 -8 6 -8 5 -9 5 -8 4 -9 4 -9 3 -9 0 0 3 -10 2 -10 2 -10 1 -10 1 -11 1 -11 1 -11 1 -11 1 -11 0 -11 0 -12 0 -12 0 -12 0 -12 0 -12 0 -12 0 -12 0 -12 0 -11 0 -11 0 -12 0 -11 0 -11 0 -11 0 -11 0 -10 0 0 0 0 0 0 0 0 0 0 ],1687784607.736065
CSI_DATA,STA,08:3A:F2:A8:E0:C1,-39,11,1,5,1,1,1,1,0,0,0,-95,1,1,1,17010408,0,110,0,0,17.1992,384,[110 96 6 0 0 0 0 0 0 0 0 0 -23 8 -22 7 -23 7 -22 6 -22 5 -20 4 -20 3 -19 2 -19 2 -18 2 -17 1 -17 1 -16 1 -15 1 -14 1 -15 3 -13 2 -13 3 -12 2 -11 2 -11 2 -11 3 -10 4 -10 4 -9 5 -9 6 0 0 -9 6 -8 7 -7 7 -8 8 -8 8 -8 8 -8 9 -8 9 -7 9 -8 9 -7 10 -8 10 -7 10 -7 9 -7 10 -7 10 -7 11 -6 10 -7 9 -7 10 -7 9 -7 9 -7 9 -6 9 -6 9 -6 8 0 0 0 0 0 0 0 0 0 0 ],1687784607.748611
CSI_DATA,STA,08:3A:F2:A8:E0:C1,-40,11,1,6,1,1,1,1,0,0,0,-95,1,1,1,17018759,0,110,0,0,17.2074,384,[110 96 6 0 0 0 0 0 0 0 0 0 -22 -12 -21 -13 -21 -13 -20 -14 -19 -14 -17 -13 -15 -14 -14 -14 -14 -13 -14 -13 -13 -12 -13 -12 -13 -12 -13 -10 -12 -10 -12 -9 -11 -8 -10 -7 -11 -8 -10 -7 -10 -7 -10 -6 -11 -4 -10 -4 -11 -4 -11 -3 0 0 -11 -2 -11 -1 -11 -1 -12 0 -12 0 -12 0 -13 -1 -13 0 -13 0 -13 1 -14 1 -13 1 -14 1 -13 1 -13 1 -13 1 -13 1 -13 1 -13 1 -13 1 -13 1 -13 1 -12 1 -12 1 -12 1 -11 2 0 0 0 0 0 0 0 0 0 0 ],1687784607.7573571
CSI_DATA,STA,08:3A:F2:A8:E0:C1,-41,11,1,7,1,1,1,1,0,0,0,-95,1,1,1,17025927,0,110,0,0,17.2146,384,[110 96 6 0 0 0 0 0 0 0 0 0 19 12 18 12 17 12 16 12 15 12 14 12 13 12 12 12 12 12 11 11 10 11 10 11 10 10 10 10 9 9 9 8 8 8 8 7 8 6 8 6 8 5 8 5 8 4 8 4 9 3 9 2 0 0 9 2 9 2 10 1 10 1 10 1 10 0 10 0 10 0 11 0 11 0 11 -1 11 0 11 0 12 0 11 -1 11 -1 11 -1 11 -1 11 0 11 -1 11 0 10 0 10 0 10 -1 10 0 9 0 0 0 0 0 0 0 0 0 0 0 ],1687784607.763365
CSI_DATA,STA,08:3A:F2:A8:E0:C1,-40,11,1,6,1,1,1,1,0,0,0,-95,1,1,1,17045593,0,110,0,0,17.2344,384,[110 96 6 0 0 0 0 0 0 0 0 0 24 -3 23 -2 23 -1 22 0 21 0 20 1 19 2 19 2 18 2 17 1 16 2 16 1 15 2 15 1 14 1 14 1 12 0 12 0 11 0 11 -1 11 -1 10 -1 10 -2 9 -3 9 -3 10 -5 0 0 9 -5 9 -6 9 -6 9 -7 8 -7 9 -7 9 -7 9 -8 9 -8 9 -9 8 -9 9 -9 9 -10 9 -9 9 -9 8 -9 9 -10 8 -9 9 -9 9 -9 9 -8 8 -9 8 -8 8 -9 7 -8 7 -8 0 0 0 0 0 0 0 0 0 0 ],1687784607.783377
CSI_DATA,STA,08:3A:F2:A8:E0:C1,-40,11,1,6,1,1,1,1,0,0,0,-95,1,1,1,17047487,0,110,0,0,17.2388,384,[110 96 6 0 0 0 0 0 0 0 0 0 -20 -11 -19 -11 -19 -11 -18 -12 -16 -12 -15 -12 -15 -12 -13 -11 -13 -11 -12 -11 -12 -11 -11 -11 -12 -10 -11 -10 -11 -9 -10 -8 -10 -8 -10 -7 -10 -7 -9 -6 -9 -6 -9 -5 -9 -5 -9 -4 -9 -3 -10 -2 0 0 -10 -2 -10 -2 -10 -1 -10 0 -11 -1 -11 0 -11 0 -12 0 -12 1 -11 1 -12 1 -12 1 -12 1 -12 1 -12 0 -12 1 -12 1 -12 1 -11 1 -11 1 -11 0 -11 1 -11 1 -11 1 -11 0 -10 1 0 0 0 0 0 0 0 0 0 0 ],1687784607.7883961
CSI_DATA,STA,08:3A:F2:A8:E0:C1,-39,11,1,5,1,1,1,1,0,0,0,-95,1,1,1,17061196,0,110,0,0,17.2498,384,[110 96 6 0 0 0 0 0 0 0 0 0 22 -11 21 -9 22 -9 21 -7 21 -7 19 -5 19 -5 18 -4 18 -4 17 -4 17 -4 16 -4 15 -3 15 -3 13 -3 13 -4 12 -3 12 -4 11 -4 11 -4 10 -4 10 -5 9 -5 9 -6 8 -6 8 -7 0 0 7 -8 7 -8 7 -9 7 -9 7 -9 7 -10 7 -10 7 -10 6 -11 6 -11 6 -12 6 -11 6 -11 6 -11 6 -11 6 -11 6 -12 6 -11 6 -11 6 -11 6 -11 6 -11 6 -11 5 -10 5 -10 5 -10 0 0 0 0 0 0 0 0 0 0 ],1687784607.799374
CSI_DATA,STA,08:3A:F2:A8:E0:C1,-39,11,1,5,1,1,1,1,0,0,0,-95,1,1,1,17070234,0,110,0,0,17.2589,384,[110 96 6 0 0 0 0 0 0 0 0 0 -24 8 -23 7 -23 6 -23 5 -22 4 -21 3 -20 3 -19 2 -19 2 -18 2 -18 1 -17 2 -16 1 -15 1 -15 1 -14 2 -13 2 -12 2 -12 2 -12 2 -11 3 -11 3 -10 4 -10 4 -9 5 -9 6 0 0 -9 7 -8 7 -8 7 -8 8 -8 8 -8 9 -8 9 -8 9 -8 9 -8 10 -8 10 -8 10 -8 10 -8 10 -8 10 -8 10 -7 10 -8 10 -8 10 -7 9 -7 9 -8 9 -7 9 -7 9 -7 8 -7 8 0 0 0 0 0 0 0 0 0 0 ],1687784607.808726
CSI_DATA,STA,08:3A:F2:A8:E0:C1,-40,11,1,6,1,1,1,1,0,0,0,-95,1,1,1,17080715,0,110,0,0,17.2694,384,[110 96 6 0 0 0 0 0 0 0 0 0 -14 20 -16 19 -15 17 -15 17 -15 16 -15 15 -15 14 -15 13 -14 12 -14 12 -13 11 -12 11 -12 11 -11 11 -11 10 -10 9 -9 9 -8 8 -8 9 -8 8 -7 8 -6 9 -5 9 -4 9 -4 9 -4 10 0 0 -3 10 -2 10 -2 11 -2 10 -1 11 -1 11 -1 11 0 11 0 12 0 12 0 12 1 12 1 13 0 13 0 12 1 13 1 12 1 12 1 12 1 12 0 12 0 12 0 11 1 11 1 11 1 11 0 0 0 0 0 0 0 0 0 0 ],1687784607.8185248
CSI_DATA,STA,08:3A:F2:A8:E0:C1,-39,11,1,5,1,1,1,1,0,0,0,-95,1,1,1,17090745,0,110,0,0,17.2794,384,[110 96 6 0 0 0 0 0 0 0 0 0 -25 1 -24 0 -24 0 -24 -1 -23 -1 -21 -2 -20 -3 -19 -3 -18 -3 -18 -4 -17 -4 -17 -4 -16 -4 -16 -3 -15 -3 -15 -2 -13 -2 -13 -2 -12 -1 -12 -1 -12 0 -11 0 -11 0 -11 1 -11 1 -11 2 0 0 -10 3 -11 4 -10 4 -10 5 -11 5 -10 5 -11 6 -11 6 -11 6 -11 6 -11 7 -11 6 -11 7 -11 7 -11 6 -11 7 -11 7 -11 6 -11 6 -10 6 -11 6 -11 6 -10 6 -10 6 -10 5 -10 5 0 0 0 0 0 0 0 0 0 0 ],1687784607.829097
CSI_DATA,STA,08:3A:F2:A8:E0:C1,-40,11,1,6,1,1,1,1,0,0,0,-95,1,1,1,17098696,0,110,0,0,17.2873,384,[110 96 6 0 0 0 0 0 0 0 0 0 -22 5 -22 5 -21 4 -21 3 -20 2 -19 2 -19 1 -18 1 -18 0 -16 0 -16 0 -16 0 -15 0 -14 0 -14 0 -13 0 -13 0 -11 1 -11 1 -11 1 -10 2 -10 2 -10 3 -9 3 -9 4 -9 4 0 0 -9 5 -8 5 -8 6 -8 6 -8 7 -8 7 -8 7 -8 8 -8 8 -8 8 -8 8 -8 8 -8 8 -8 9 -8 8 -8 8 -8 8 -8 8 -8 8 -7 8 -7 8 -8 8 -7 7 -7 7 -7 7 -7 7 0 0 0 0 0 0 0 0 0 0 ],1687784607.8370361
CSI_DATA,STA,08:3A:F2:A8:E0:C1,-40,11,1,6,1,1,1,1,0,0,0,-95,1,1,1,17107344,0,110,0,0,17.2962,384,[110 96 6 0 0 0 0 0 0 0 0 0 -6 22 -7 21 -7 20 -8 19 -7 18 -8 17 -8 16 -8 15 -8 15 -8 14 -8 14 -8 13 -7 12 -7 12 -7 11 -6 11 -6 11 -5 10 -4 10 -4 9 -3 9 -3 9 -2 9 -1 9 -1 9 -1 9 0 0 0 9 1 9 1 10 2 9 2 9 3 10 2 10 3 10 3 10 3 10 4 10 3 10 4 10 4 11 4 10 4 10 4 10 4 10 4 10 3 10 4 10 3 10 3 9 4 9 3 9 3 8 0 0 0 0 0 0 0 0 0 0 ],1687784607.84588
CSI_DATA,STA,08:3A:F2:A8:E0:C1,-40,11,1,6,1,1,1,1,0,0,0,-95,1,1,1,17117431,0,110,0,0,17.3063,384,[110 96 6 0 0 0 0 0 0 0 0 0 -22 -7 -21 -7 -21 -7 -20 -8 -19 -8 -17 -8 -17 -9 -16 -9 -15 -9 -15 -9 -14 -8 -14 -8 -13 -8 -13 -7 -12 -7 -12 -6 -10 -6 -11 -5 -11 -5 -10 -4 -10 -4 -10 -4 -10 -3 -10 -2 -10 -2 -10 -1 0 0 -10 0 -10 0 -10 0 -10 1 -11 1 -11 1 -11 1 -12 2 -11 2 -12 2 -11 3 -12 2 -12 2 -11 2 -12 2 -12 2 -12 3 -12 2 -11 2 -11 2 -11 2 -11 2 -11 2 -11 2 -10 2 -10 2 0 0 0 0 0 0 0 0 0 0 ],1687784607.8565
CSI_DATA,STA,08:3A:F2:A8:E0:C1,-39,11,1,5,1,1,1,1,0,0,0,-95,1,1,1,17129538,0,110,0,0,17.3183,384,[110 96 6 0 0 0 0 0 0 0 0 0 21 11 19 11 20 12 18 12 18 12 15 12 15 12 14 11 14 11 13 11 12 11 12 11 12 10 11 10 10 9 11 8 9 7 9 6 9 6 10 5 9 5 9 5 10 4 10 3 10 3 10 2 0 0 10 1 10 1 10 0 11 -1 11 -1 11 -1 12 -1 11 -2 12 -2 12 -2 11 -2 12 -2 12 -2 12 -2 12 -3 11 -3 13 -3 12 -3 11 -2 11 -2 11 -2 11 -2 11 -2 10 -3 11 -2 10 -2 0 0 0 0 0 0 0 0 0 0 ],1687784607.8677802
CSI_DATA,STA,08:3A:F2:A8:E0:C1,-41,11,1,7,1,1,1,1,0,0,0,-95,1,1,1,17136274,0,110,0,0,17.3249,384,[110 96 6 0 0 0 0 0 0 0 0 0 -6 -23 -6 -22 -5 -21 -4 -21 -3 -20 -2 -20 -1 -19 -1 -19 -1 -18 0 -17 0 -16 0 -16 -1 -15 -1 -15 -1 -14 -1 -13 0 -12 -1 -12 -2 -12 -2 -11 -2 -11 -3 -10 -3 -10 -3 -10 -4 -10 -4 -9 0 0 -5 -9 -6 -9 -6 -9 -6 -9 -7 -9 -7 -9 -7 -9 -8 -9 -7 -9 -8 -9 -8 -9 -8 -9 -8 -9 -8 -9 -8 -9 -8 -9 -8 -9 -8 -10 -8 -9 -8 -10 -7 -10 -8 -9 -7 -9 -7 -9 -7 -9 -7 -8 0 0 0 0 0 0 0 0 0 0 ],1687784607.874691
CSI_DATA,STA,08:3A:F2:A8:E0:C1,-41,11,1,7,1,1,1,1,0,0,0,-95,1,1,1,17147385,0,110,0,0,17.3361,384,[110 96 6 0 0 0 0 0 0 0 0 0 -5 21 -6 21 -6 20 -7 19 -7 18 -7 18 -7 17 -7 15 -6 15 -7 14 -7 14 -7 14 -7 12 -6 12 -6 12 -6 11 -5 11 -4 10 -4 10 -3 10 -2 9 -2 9 -2 9 -1 9 -1 9 0 9 0 0 1 9 2 9 2 9 2 9 3 9 3 9 3 10 3 9 4 10 4 10 4 10 4 10 4 10 5 10 4 10 5 10 4 10 5 10 4 10 4 9 4 9 4 9 4 9 4 9 3 9 4 9 0 0 0 0 0 0 0 0 0 0 ],1687784607.885561
CSI_DATA,STA,08:3A:F2:A8:E0:C1,-39,11,1,5,1,1,1,1,0,0,0,-95,1,1,1,17158479,0,110,0,0,17.3472,384,[110 96 6 0 0 0 0 0 0 0 0 0 -25 -6 -23 -6 -24 -7 -22 -8 -22 -8 -19 -8 -18 -9 -17 -9 -17 -9 -17 -9 -16 -8 -15 -8 -15 -8 -15 -8 -13 -7 -14 -7 -12 -6 -12 -5 -12 -5 -11 -5 -11 -4 -11 -4 -11 -3 -11 -2 -11 -1 -11 0 0 0 -11 1 -12 1 -11 1 -12 2 -11 2 -12 2 -12 2 -12 2 -13 3 -13 3 -13 4 -13 3 -13 4 -12 4 -13 3 -12 3 -13 4 -12 3 -12 3 -12 3 -12 2 -12 2 -12 3 -11 3 -11 2 -10 3 0 0 0 0 0 0 0 0 0 0 ],1687784607.898349
CSI_DATA,STA,08:3A:F2:A8:E0:C1,-40,11,1,6,1,1,1,1,0,0,0,-95,1,1,1,17167183,0,110,0,0,17.3558,384,[110 96 6 0 0 0 0 0 0 0 0 0 10 23 8 22 7 22 6 21 5 20 4 20 3 20 3 19 2 18 2 17 2 17 2 16 2 16 3 15 2 14 2 13 2 12 2 12 3 11 3 11 3 10 4 10 4 9 5 9 5 8 6 8 0 0 6 8 7 8 7 7 7 7 8 7 9 7 9 8 9 7 9 7 9 7 10 7 10 7 10 7 11 7 10 7 10 7 10 7 10 7 10 7 9 6 9 7 9 7 9 6 9 6 8 6 9 6 0 0 0 0 0 0 0 0 0 0 ],1687784607.904852
CSI_DATA,STA,08:3A:F2:A8:E0:C1,-39,11,1,5,1,1,1,1,0,0,0,-95,1,1,1,17177307,0,110,0,0,17.366,384,[110 96 6 0 0 0 0 0 0 0 0 0 -1 24 -2 24 -2 23 -3 22 -4 21 -4 20 -5 19 -5 18 -5 18 -5 17 -5 17 -5 16 -5 15 -4 14 -4 14 -3 13 -3 12 -3 12 -2 11 -2 11 -1 11 -1 10 0 10 1 10 1 10 2 10 0 0 2 10 3 10 4 10 4 10 5 10 5 10 5 10 5 10 6 10 6 10 7 10 6 11 7 10 7 10 6 10 7 10 7 10 7 10 6 10 6 10 6 10 6 10 6 9 6 9 5 9 6 8 0 0 0 0 0 0 0 0 0 0 ],1687784607.915561
CSI_DATA,STA,08:3A:F2:A8:E0:C1,-40,11,1,6,1,1,1,1,0,0,0,-95,1,1,1,17185733,0,110,0,0,17.3745,384,[110 96 6 0 0 0 0 0 0 0 0 0 -22 -9 -21 -9 -20 -9 -19 -9 -19 -10 -17 -10 -16 -10 -15 -10 -15 -10 -15 -9 -13 -9 -13 -9 -13 -9 -12 -8 -12 -8 -12 -7 -11 -6 -11 -5 -10 -6 -10 -5 -10 -4 -10 -4 -10 -3 -10 -3 -10 -2 -10 -1 0 0 -10 0 -10 0 -10 1 -10 1 -11 1 -11 2 -11 2 -11 2 -12 2 -12 3 -12 3 -12 3 -12 3 -12 3 -12 2 -12 3 -12 3 -11 3 -11 3 -11 3 -11 3 -11 3 -11 3 -10 3 -10 2 -10 2 0 0 0 0 0 0 0 0 0 0 ],1687784607.924213
CSI_DATA,STA,08:3A:F2:A8:E0:C1,-39,11,1,5,1,1,1,1,0,0,0,-95,1,1,1,17197029,0,110,0,0,17.3858,384,[110 96 6 0 0 0 0 0 0 0 0 0 -20 -16 -19 -17 -18 -16 -18 -17 -16 -15 -14 -16 -13 -16 -13 -16 -12 -15 -12 -14 -11 -14 -11 -13 -11 -13 -11 -13 -10 -12 -9 -11 -9 -10 -8 -10 -9 -9 -9 -9 -9 -8 -9 -8 -9 -7 -10 -6 -10 -6 -10 -5 0 0 -10 -4 -11 -4 -11 -3 -11 -3 -12 -3 -12 -3 -13 -3 -13 -3 -13 -3 -13 -2 -13 -2 -14 -2 -14 -2 -13 -2 -13 -3 -13 -2 -13 -2 -13 -2 -13 -2 -13 -2 -12 -3 -13 -3 -12 -2 -12 -2 -12 -2 -11 -2 0 0 0 0 0 0 0 0 0 0 ],1687784607.935445
CSI_DATA,STA,08:3A:F2:A8:E0:C1,-40,11,1,6,1,1,1,1,0,0,0,-95,1,1,1,17207203,0,110,0,0,17.3959,384,[110 96 6 0 0 0 0 0 0 0 0 0 -23 11 -22 10 -23 9 -22 8 -22 7 -20 6 -20 6 -19 4 -19 5 -19 4 -17 4 -17 3 -16 3 -15 3 -15 3 -14 4 -13 4 -12 4 -11 4 -11 4 -11 4 -10 4 -10 5 -9 6 -9 6 -9 6 0 0 -8 8 -8 8 -7 8 -8 9 -7 9 -7 9 -7 10 -7 10 -7 10 -8 11 -7 11 -7 11 -7 11 -7 11 -7 11 -6 11 -7 11 -7 11 -6 10 -6 10 -7 10 -6 10 -6 10 -6 10 -6 9 -5 9 0 0 0 0 0 0 0 0 0 0 ],1687784607.946188
CSI_DATA,STA,08:3A:F2:A8:E0:C1,-38,11,1,4,1,1,1,1,0,0,0,-95,2,1,1,17231446,0,110,0,0,17.4204,384,[110 96 6 0 0 0 0 0 0 0 0 0 -24 10 -23 9 -23 8 -24 7 -23 7 -21 5 -21 4 -19 3 -19 3 -18 2 -18 3 -18 3 -17 2 -16 3 -15 2 -15 3 -14 3 -13 3 -12 3 -12 3 -11 3 -11 4 -11 4 -10 5 -10 6 -9 7 0 0 -9 7 -8 8 -8 9 -7 9 -8 9 -8 10 -8 9 -8 10 -8 11 -7 10 -7 11 -8 11 -8 11 -8 11 -8 10 -7 11 -8 11 -7 11 -7 11 -6 10 -7 10 -7 10 -7 10 -6 10 -7 9 -6 9 0 0 0 0 0 0 0 0 0 0 ],1687784607.9703648
CSI_DATA,STA,08:3A:F2:A8:E0:C1,-39,11,1,5,1,1,1,1,0,0,0,-95,1,1,1,17239845,0,110,0,0,17.4285,384,[110 96 6 0 0 0 0 0 0 0 0 0 7 -24 8 -23 8 -22 9 -21 9 -20 9 -19 10 -18 9 -17 9 -17 8 -16 9 -16 8 -15 7 -14 6 -14 7 -13 6 -13 6 -12 5 -12 3 -11 4 -12 3 -11 2 -11 2 -11 0 -11 0 -11 0 -11 0 0 -1 -12 -2 -11 -3 -11 -3 -11 -4 -12 -4 -12 -4 -12 -4 -12 -4 -12 -5 -12 -6 -12 -6 -12 -6 -12 -6 -12 -6 -12 -6 -12 -6 -13 -6 -12 -6 -12 -5 -11 -5 -12 -5 -12 -5 -11 -6 -11 -5 -11 -5 -10 0 0 0 0 0 0 0 0 0 0 ],1687784607.978368
CSI_DATA,STA,08:3A:F2:A8:E0:C1,-39,11,1,5,1,1,1,1,0,0,0,-95,1,1,1,17252263,0,110,0,0,17.4409,384,[110 96 6 0 0 0 0 0 0 0 0 0 -12 -22 -12 -23 -11 -21 -10 -22 -9 -20 -7 -21 -6 -20 -6 -19 -5 -19 -5 -17 -5 -17 -5 -17 -5 -16 -5 -16 -5 -15 -4 -13 -4 -14 -4 -12 -5 -12 -5 -11 -6 -11 -6 -10 -5 -9 -8 -9 -7 -9 -8 -8 0 0 -8 -8 -9 -7 -10 -7 -9 -7 -10 -7 -10 -7 -11 -7 -11 -7 -11 -7 -11 -6 -12 -6 -12 -6 -12 -6 -12 -7 -11 -6 -12 -7 -12 -6 -12 -6 -11 -7 -11 -6 -11 -7 -11 -7 -10 -6 -11 -5 -11 -6 -11 -6 0 0 0 0 0 0 0 0 0 0 ],1687784607.990803
CSI_DATA,STA,08:3A:F2:A8:E0:C1,-39,11,1,5,1,1,1,1,0,0,0,-95,1,1,1,17260588,0,110,0,0,17.4492,384,[110 96 6 0 0 0 0 0 0 0 0 0 12 -19 12 -18 13 -17 12 -16 13 -16 12 -14 12 -13 12 -13 12 -12 11 -11 11 -11 11 -11 10 -10 10 -10 9 -9 9 -9 8 -8 7 -9 6 -9 6 -9 5 -9 5 -9 4 -9 4 -9 4 -9 3 -9 0 0 2 -10 1 -10 1 -10 1 -11 1 -11 1 -11 0 -12 0 -12 0 -12 0 -12 -1 -12 0 -12 -1 -12 -1 -12 -1 -12 -1 -12 0 -12 -1 -12 -1 -12 -1 -11 0 -11 0 -11 0 -11 -1 -11 -1 -10 -1 -10 0 0 0 0 0 0 0 0 0 0 ],1687784607.9991732
CSI_DATA,STA,08:3A:F2:A8:E0:C1,-39,11,1,5,1,1,1,1,0,0,0,-95,1,1,1,17268797,0,110,0,0,17.4574,384,[110 96 6 0 0 0 0 0 0 0 0 0 -6 -25 -5 -25 -5 -23 -3 -24 -3 -22 -2 -22 -1 -21 -1 -20 0 -19 -1 -18 -1 -18 -1 -18 -2 -17 -2 -16 -1 -15 -1 -14 -1 -14 -1 -13 -3 -12 -3 -12 -3 -12 -3 -11 -4 -10 -5 -10 -5 -10 -6 -10 0 0 -7 -9 -7 -9 -8 -9 -8 -8 -8 -9 -9 -9 -9 -9 -10 -9 -10 -9 -10 -8 -11 -8 -11 -9 -11 -9 -11 -8 -10 -9 -11 -9 -10 -8 -11 -8 -10 -9 -10 -8 -10 -8 -10 -8 -9 -8 -10 -7 -10 -8 -9 -7 0 0 0 0 0 0 0 0 0 0 ],1687784608.008673
CSI_DATA,STA,08:3A:F2:A8:E0:C1,-40,11,1,6,1,1,1,1,0,0,0,-95,1,1,1,17277444,0,110,0,0,17.4661,384,[110 96 6 0 0 0 0 0 0 0 0 0 -21 -14 -20 -15 -19 -15 -18 -15 -17 -14 -16 -15 -15 -15 -14 -15 -13 -14 -13 -14 -12 -13 -11 -13 -13 -13 -12 -12 -11 -11 -10 -10 -10 -10 -9 -9 -11 -8 -10 -8 -10 -7 -10 -7 -9 -6 -10 -5 -11 -5 -11 -4 0 0 -11 -3 -11 -3 -11 -3 -11 -2 -12 -2 -12 -2 -13 -2 -13 -1 -13 -2 -13 -1 -13 -1 -14 -1 -13 0 -14 -1 -13 -1 -14 -1 -13 -1 -13 -1 -13 -1 -13 -1 -13 -1 -13 -1 -12 -1 -12 0 -12 -1 -12 -1 0 0 0 0 0 0 0 0 0 0 ],1687784608.016292
CSI_DATA,STA,08:3A:F2:A8:E0:C1,-40,11,1,6,1,1,1,1,0,0,0,-95,1,1,1,17285497,0,110,0,0,17.4743,384,[110 96 6 0 0 0 0 0 0 0 0 0 -4 -26 -2 -25 -2 -24 -1 -24 -1 -22 1 -22 1 -21 1 -21 2 -20 1 -19 2 -18 1 -17 1 -16 1 -16 1 -15 1 -15 0 -14 0 -13 -1 -13 -1 -13 -2 -12 -2 -11 -2 -11 -4 -11 -3 -11 -4 -11 0 0 -6 -11 -6 -10 -6 -11 -7 -10 -8 -10 -7 -10 -8 -10 -8 -11 -8 -11 -9 -10 -9 -10 -9 -11 -9 -10 -9 -11 -9 -10 -9 -10 -9 -10 -9 -11 -9 -10 -9 -10 -9 -10 -8 -10 -8 -10 -8 -9 -8 -9 -8 -9 0 0 0 0 0 0 0 0 0 0 ],1687784608.024948
CSI_DATA,STA,08:3A:F2:A8:E0:C1,-40,11,1,6,1,1,1,1,0,0,0,-95,1,1,1,17297354,0,110,0,0,17.4861,384,[110 96 6 0 0 0 0 0 0 0 0 0 -18 -19 -16 -19 -16 -18 -14 -19 -14 -18 -12 -18 -11 -18 -10 -18 -10 -17 -10 -16 -9 -16 -9 -16 -8 -15 -8 -14 -8 -13 -8 -13 -7 -12 -7 -11 -8 -10 -8 -10 -8 -9 -8 -8 -8 -8 -9 -7 -9 -7 -9 -7 0 0 -10 -6 -10 -6 -11 -5 -11 -4 -12 -5 -12 -4 -12 -5 -12 -4 -13 -4 -13 -4 -13 -3 -13 -4 -13 -4 -13 -4 -13 -4 -13 -4 -13 -4 -13 -4 -12 -4 -12 -4 -12 -4 -12 -4 -12 -4 -12 -3 -12 -4 -11 -3 0 0 0 0 0 0 0 0 0 0 ],1687784608.0357919
CSI_DATA,STA,08:3A:F2:A8:E0:C1,-39,11,1,5,1,1,1,1,0,0,0,-95,1,1,1,17308423,0,110,0,0,17.4972,384,[110 96 6 0 0 0 0 0 0 0 0 0 23 7 22 7 22 7 21 8 20 8 18 8 17 9 16 9 16 8 15 9 14 8 14 9 13 8 13 7 12 7 12 6 11 5 11 5 11 4 11 4 10 4 10 2 10 2 10 1 10 1 10 0 0 0 10 -1 11 -1 10 -2 11 -2 11 -2 11 -2 12 -3 12 -3 12 -3 12 -4 11 -4 12 -4 12 -3 11 -3 12 -4 11 -4 12 -4 12 -4 12 -4 11 -4 12 -3 11 -3 11 -3 10 -4 10 -3 10 -3 0 0 0 0 0 0 0 0 0 0 ],1687784608.0472178
CSI_DATA,STA,08:3A:F2:A8:E0:C1,-40,11,1,6,1,1,1,1,0,0,0,-95,1,1,1,17317058,0,110,0,0,17.5061,384,[110 96 6 0 0 0 0 0 0 0 0 0 14 -17 14 -16 14 -16 14 -14 14 -14 14 -12 14 -12 13 -11 13 -11 13 -10 12 -9 12 -9 11 -9 10 -8 10 -8 9 -8 9 -8 8 -8 7 -8 7 -8 6 -8 6 -8 5 -8 4 -8 4 -8 4 -9 0 0 3 -9 2 -10 2 -10 2 -10 2 -10 2 -11 1 -11 1 -12 1 -11 1 -12 1 -12 0 -12 1 -12 1 -12 0 -12 0 -12 1 -12 0 -11 0 -12 0 -12 1 -12 1 -11 1 -11 0 -11 0 -10 0 -10 0 0 0 0 0 0 0 0 0 0 ],1687784608.0558121
CSI_DATA,STA,08:3A:F2:A8:E0:C1,-39,11,1,5,1,1,1,1,0,0,0,-95,1,1,1,17327270,0,110,0,0,17.516,384,[110 96 6 0 0 0 0 0 0 0 0 0 -24 -7 -24 -7 -23 -7 -23 -8 -22 -7 -19 -8 -19 -9 -17 -9 -17 -8 -17 -9 -16 -8 -15 -8 -15 -8 -15 -8 -14 -7 -13 -6 -12 -6 -12 -5 -12 -5 -12 -4 -11 -3 -11 -3 -11 -2 -11 -2 -11 -1 -11 0 0 0 -11 1 -11 1 -11 1 -11 2 -12 2 -12 3 -12 3 -12 3 -12 3 -12 4 -13 4 -13 4 -13 4 -13 4 -12 4 -12 4 -12 4 -12 4 -12 4 -12 4 -12 3 -12 4 -12 4 -11 4 -11 3 -11 4 0 0 0 0 0 0 0 0 0 0 ],1687784608.0660968
CSI_DATA,STA,08:3A:F2:A8:E0:C1,-40,11,1,6,1,1,1,1,0,0,0,-95,1,1,1,17335875,0,110,0,0,17.5246,384,[110 96 6 0 0 0 0 0 0 0 0 0 13 21 11 21 11 21 10 21 9 20 8 19 7 19 6 18 6 18 5 17 5 16 5 16 5 15 5 14 4 14 5 13 5 12 4 11 5 11 5 10 6 10 6 9 6 8 7 8 7 7 7 6 0 0 8 6 9 6 9 5 10 5 10 5 10 5 11 5 11 5 11 5 11 5 11 4 12 5 12 5 12 4 12 4 12 4 12 4 12 4 12 4 11 4 11 4 11 4 11 4 10 3 10 4 10 3 0 0 0 0 0 0 0 0 0 0 ],1687784608.073753
CSI_DATA,STA,08:3A:F2:A8:E0:C1,-40,11,1,6,1,1,1,1,0,0,0,-95,1,1,1,17347581,0,110,0,0,17.5363,384,[110 96 6 0 0 0 0 0 0 0 0 0 -21 -15 -20 -15 -20 -15 -19 -15 -18 -15 -15 -15 -15 -15 -14 -15 -13 -14 -13 -14 -13 -13 -12 -13 -12 -13 -12 -12 -11 -11 -11 -10 -10 -9 -10 -9 -10 -9 -10 -8 -10 -8 -10 -7 -10 -6 -10 -5 -11 -5 -11 -4 0 0 -11 -3 -11 -2 -12 -2 -12 -1 -13 -1 -12 -1 -13 -1 -13 -1 -13 0 -13 0 -14 0 -14 0 -14 1 -13 0 -14 0 -14 1 -14 0 -13 0 -13 0 -13 0 -13 0 -13 0 -13 0 -12 1 -12 0 -12 0 0 0 0 0 0 0 0 0 0 0 ],1687784608.0864692
CSI_DATA,STA,08:3A:F2:A8:E0:C1,-39,11,1,5,1,1,1,1,0,0,0,-95,1,1,1,17357083,0,110,0,0,17.5459,384,[110 96 6 0 0 0 0 0 0 0 0 0 22 8 22 9 21 9 21 10 19 9 18 10 16 10 16 10 15 10 14 9 14 9 13 9 13 9 13 8 12 7 11 7 11 6 10 5 11 5 11 4 10 4 10 3 10 2 10 2 10 1 11 0 0 0 10 -1 11 -1 11 -1 11 -2 11 -2 11 -3 12 -3 11 -3 12 -4 11 -4 12 -4 12 -4 12 -4 12 -4 12 -4 12 -5 11 -5 12 -5 11 -4 11 -4 11 -4 11 -4 10 -4 10 -5 10 -4 10 -4 0 0 0 0 0 0 0 0 0 0 ],1687784608.095506
CSI_DATA,STA,08:3A:F2:A8:E0:C1,-40,11,1,6,1,1,1,1,0,0,0,-95,1,1,1,17365840,0,110,0,0,17.5546,384,[110 96 6 0 0 0 0 0 0 0 0 0 11 22 10 22 10 21 9 21 7 20 6 20 5 20 5 19 4 18 5 17 4 17 4 16 4 15 5 15 4 14 3 13 3 12 4 11 5 11 5 10 5 9 5 9 5 8 6 8 7 8 7 7 0 0 8 7 8 6 9 6 9 6 10 6 10 6 10 6 11 5 11 6 11 5 11 5 12 5 11 5 12 5 11 5 11 5 11 5 11 5 11 5 11 4 11 5 10 5 10 4 10 4 10 4 10 4 0 0 0 0 0 0 0 0 0 0 ],1687784608.1044211
CSI_DATA,STA,08:3A:F2:A8:E0:C1,-39,11,1,5,1,1,1,1,0,0,0,-95,1,1,1,17379072,0,110,0,0,17.5678,384,[110 96 6 0 0 0 0 0 0 0 0 0 1 24 0 24 0 23 -1 23 -2 21 -3 21 -3 19 -4 19 -4 18 -3 17 -4 17 -4 16 -3 15 -3 15 -3 14 -3 13 -2 13 -2 12 -1 12 0 11 0 11 1 10 1 10 2 10 2 10 2 9 0 0 3 10 4 9 5 9 5 9 5 10 6 10 6 10 6 10 6 10 6 9 7 10 7 10 8 10 7 10 7 10 7 10 7 10 7 9 7 9 6 9 6 10 6 9 6 9 6 8 6 9 6 8 0 0 0 0 0 0 0 0 0 0 ],1687784608.117512
CSI_DATA,STA,08:3A:F2:A8:E0:C1,-40,11,1,6,1,1,1,1,0,0,0,-95,1,1,1,17385740,0,110,0,0,17.5744,384,[110 96 6 0 0 0 0 0 0 0 0 0 22 2 21 3 21 3 20 4 20 4 17 5 17 5 16 5 16 5 15 5 14 5 13 5 13 5 13 5 12 5 12 3 11 3 11 2 10 2 10 2 10 2 9 1 9 0 9 0 9 -1 9 -2 0 0 9 -2 9 -3 9 -4 9 -4 9 -4 10 -4 10 -4 10 -5 10 -5 10 -6 9 -6 10 -5 10 -6 10 -6 10 -6 10 -6 10 -6 10 -6 10 -6 9 -6 9 -5 10 -5 9 -5 9 -5 9 -5 8 -5 0 0 0 0 0 0 0 0 0 0 ],1687784608.1245859
CSI_DATA,STA,08:3A:F2:A8:E0:C1,-40,11,1,6,1,1,1,1,0,0,0,-95,1,1,1,17395914,0,110,0,0,17.5847,384,[110 96 6 0 0 0 0 0 0 0 0 0 -7 -25 -7 -25 -6 -23 -5 -23 -4 -22 -3 -22 -2 -21 -1 -20 -1 -20 -1 -18 -1 -18 -1 -17 -1 -17 -2 -16 -2 -16 -2 -14 -2 -14 -2 -13 -3 -13 -3 -12 -3 -12 -4 -11 -4 -10 -5 -10 -5 -10 -6 -10 0 0 -7 -10 -7 -9 -8 -9 -8 -9 -9 -9 -9 -9 -9 -9 -9 -9 -10 -9 -10 -9 -11 -8 -10 -9 -11 -9 -11 -9 -10 -9 -11 -9 -11 -9 -11 -9 -10 -9 -10 -9 -10 -9 -10 -9 -9 -8 -10 -8 -9 -8 -9 -8 0 0 0 0 0 0 0 0 0 0 ],1687784608.134142
CSI_DATA,STA,08:3A:F2:A8:E0:C1,-38,11,1,4,1,1,1,1,0,0,0,-95,1,1,1,17409866,0,110,0,0,17.5986,384,[110 96 6 0 0 0 0 0 0 0 0 0 -20 12 -18 10 -20 11 -19 9 -19 9 -17 7 -17 7 -16 6 -17 6 -16 5 -16 5 -15 5 -14 4 -13 4 -13 3 -13 5 -11 4 -11 5 -10 4 -10 4 -9 5 -9 5 -9 5 -8 6 -7 6 -7 7 0 0 -7 8 -6 8 -5 8 -6 9 -5 9 -5 9 -5 10 -5 10 -5 10 -5 10 -5 11 -5 10 -5 11 -5 10 -5 11 -4 10 -4 11 -4 10 -4 10 -4 10 -5 10 -4 10 -4 10 -4 9 -4 9 -4 8 0 0 0 0 0 0 0 0 0 0 ],1687784608.147778
CSI_DATA,STA,08:3A:F2:A8:E0:C1,-40,11,1,6,1,1,1,1,0,0,0,-95,1,1,1,17421976,0,110,0,0,17.6108,384,[110 96 6 0 0 0 0 0 0 0 0 0 -15 20 -15 19 -15 17 -15 17 -15 15 -15 15 -15 14 -14 13 -14 12 -13 12 -14 11 -13 10 -12 10 -12 9 -11 9 -11 9 -10 9 -9 8 -9 8 -8 8 -7 8 -6 8 -6 9 -5 9 -5 9 -4 9 0 0 -3 10 -3 10 -2 10 -2 11 -2 11 -1 11 -1 11 -1 12 -1 12 -1 12 -1 12 -1 12 0 12 -1 13 -1 12 0 12 0 12 0 12 0 12 0 12 -1 12 -1 11 0 11 0 11 -1 11 0 10 0 0 0 0 0 0 0 0 0 0 ],1687784608.160487
CSI_DATA,STA,08:3A:F2:A8:E0:C1,-40,11,1,6,1,1,1,1,0,0,0,-95,1,1,1,17429125,0,110,0,0,17.6178,384,[110 96 6 0 0 0 0 0 0 0 0 0 2 24 1 25 1 23 0 23 -1 21 -2 21 -3 20 -3 19 -3 18 -2 17 -3 17 -3 16 -2 16 -2 15 -2 14 -2 13 -2 13 -1 12 0 12 0 11 1 11 1 10 1 10 3 10 3 10 3 9 0 0 4 9 5 9 6 9 6 9 6 9 7 9 7 10 7 9 7 9 7 9 8 9 8 10 8 9 8 10 8 9 8 9 8 9 8 9 8 9 7 9 7 9 7 9 7 8 7 8 7 8 7 8 0 0 0 0 0 0 0 0 0 0 ],1687784608.166539
CSI_DATA,STA,08:3A:F2:A8:E0:C1,-39,11,1,5,1,1,1,1,0,0,0,-95,1,1,1,17439583,0,110,0,0,17.6282,384,[110 96 6 0 0 0 0 0 0 0 0 0 10 22 9 22 8 21 7 21 6 20 5 20 4 19 4 18 4 18 3 17 3 17 2 16 3 15 3 15 3 14 3 13 2 12 2 12 4 11 4 10 4 10 5 10 4 9 5 8 6 9 6 8 0 0 7 8 8 7 8 6 8 6 8 7 9 7 9 7 10 6 10 6 10 6 10 6 10 6 10 6 10 6 10 6 10 6 11 6 10 6 10 6 10 5 10 6 9 6 9 6 9 5 9 5 9 5 0 0 0 0 0 0 0 0 0 0 ],1687784608.177846
CSI_DATA,STA,08:3A:F2:A8:E0:C1,-39,11,1,5,1,1,1,1,0,0,0,-95,1,1,1,17451641,0,110,0,0,17.6403,384,[110 96 6 0 0 0 0 0 0 0 0 0 19 16 17 16 17 16 15 16 15 16 12 15 12 15 11 15 11 15 10 15 9 14 9 14 8 13 8 12 8 11 8 11 7 10 7 10 7 8 8 8 8 7 8 7 8 7 8 6 8 5 8 4 0 0 9 4 10 3 10 3 11 3 11 3 11 3 11 2 12 2 12 2 12 2 12 2 12 2 12 2 12 2 13 2 11 1 13 2 12 2 12 2 12 1 12 2 11 1 12 2 11 1 11 2 10 2 0 0 0 0 0 0 0 0 0 0 ],1687784608.189687
CSI_DATA,STA,08:3A:F2:A8:E0:C1,-40,11,1,6,1,1,1,1,0,0,0,-95,1,1,1,17458045,0,110,0,0,17.6467,384,[110 96 6 0 0 0 0 0 0 0 0 0 13 -18 14 -17 13 -17 14 -16 14 -15 13 -14 14 -13 13 -12 13 -11 12 -11 12 -11 12 -10 11 -10 10 -9 9 -9 9 -9 8 -8 8 -8 7 -9 7 -8 6 -9 5 -9 5 -9 4 -9 4 -9 3 -9 0 0 3 -10 2 -10 1 -10 1 -10 1 -11 1 -11 1 -11 0 -12 0 -12 0 -12 0 -12 0 -12 0 -12 0 -12 0 -12 -1 -12 0 -12 -1 -12 0 -12 -1 -12 0 -12 0 -11 0 -11 -1 -11 0 -11 -1 -10 0 0 0 0 0 0 0 0 0 0 ],1687784608.195925
CSI_DATA,STA,08:3A:F2:A8:E0:C1,-40,11,1,6,1,1,1,1,0,0,0,-95,1,1,1,17465732,0,110,0,0,17.6545,384,[110 96 6 0 0 0 0 0 0 0 0 0 22 -1 22 0 21 1 20 1 20 2 18 2 18 3 17 3 16 3 16 3 15 3 14 3 14 3 13 2 13 2 12 2 11 2 11 1 10 1 10 1 10 0 10 0 9 -1 9 -2 9 -2 9 -3 0 0 9 -4 9 -4 9 -5 9 -5 9 -5 9 -6 9 -6 9 -6 9 -6 9 -7 9 -7 9 -7 9 -7 9 -7 9 -7 9 -7 9 -8 9 -7 9 -7 8 -7 9 -6 9 -6 9 -7 8 -7 8 -6 8 -6 0 0 0 0 0 0 0 0 0 0 ],1687784608.20435
CSI_DATA,STA,08:3A:F2:A8:E0:C1,-39,11,1,5,1,1,1,1,0,0,0,-95,1,1,1,17477186,0,110,0,0,17.6659,384,[110 96 6 0 0 0 0 0 0 0 0 0 22 -3 21 -2 21 -1 20 0 19 0 18 0 17 1 17 1 16 1 16 1 15 1 15 1 14 1 14 1 13 1 12 1 11 1 10 0 10 0 10 -1 10 -1 9 -1 9 -2 9 -3 9 -3 8 -4 0 0 8 -5 8 -5 8 -6 8 -6 8 -6 8 -7 9 -7 8 -7 8 -7 8 -8 8 -8 8 -8 8 -8 9 -8 9 -8 8 -8 9 -9 8 -8 8 -7 8 -7 8 -7 8 -7 8 -7 7 -7 7 -7 7 -7 0 0 0 0 0 0 0 0 0 0 ],1687784608.21524
CSI_DATA,STA,08:3A:F2:A8:E0:C1,-39,11,1,5,1,1,1,1,0,0,0,-95,1,1,1,17487236,0,110,0,0,17.676,384,[110 96 6 0 0 0 0 0 0 0 0 0 9 -24 10 -22 9 -21 10 -21 10 -19 11 -18 11 -17 11 -16 11 -16 10 -15 10 -15 10 -14 9 -13 8 -13 8 -13 8 -12 7 -12 6 -11 5 -11 5 -11 4 -10 4 -11 3 -11 2 -11 2 -11 2 -11 0 0 0 -11 0 -12 -1 -12 -1 -11 -2 -12 -2 -13 -2 -13 -2 -13 -2 -13 -3 -12 -3 -13 -3 -13 -3 -13 -3 -13 -2 -13 -3 -13 -3 -13 -3 -13 -3 -13 -3 -13 -2 -13 -3 -13 -2 -12 -3 -12 -3 -12 -3 -11 0 0 0 0 0 0 0 0 0 0 ],1687784608.225899
CSI_DATA,STA,08:3A:F2:A8:E0:C1,-40,11,1,6,1,1,1,1,0,0,0,-95,1,1,1,17495758,0,110,0,0,17.6845,384,[110 96 6 0 0 0 0 0 0 0 0 0 19 16 17 16 17 16 16 16 15 15 13 15 12 16 12 15 11 14 11 14 10 14 10 13 10 13 10 12 9 12 8 10 8 10 8 9 8 9 8 8 8 7 8 7 8 5 9 5 9 5 9 4 0 0 10 3 10 3 10 3 11 2 11 2 11 2 12 2 12 1 12 1 12 1 12 1 13 1 13 1 13 1 13 1 12 0 13 1 12 1 12 0 12 1 12 1 11 1 12 0 11 0 11 1 11 1 0 0 0 0 0 0 0 0 0 0 ],1687784608.2339258
CSI_DATA,STA,08:3A:F2:A8:E0:C1,-40,11,1,6,1,1,1,1,0,0,0,-95,1,1,1,17505919,0,110,0,0,17.6946,384,[110 96 6 0 0 0 0 0 0 0 0 0 -10 20 -11 19 -10 18 -11 18 -11 17 -11 16 -11 15 -11 14 -11 14 -10 13 -11 12 -10 11 -10 11 -9 11 -8 10 -8 10 -7 10 -6 9 -6 9 -5 9 -5 9 -4 9 -4 9 -3 9 -3 9 -3 9 0 0 -1 9 0 10 0 9 0 10 1 10 1 10 1 11 1 10 2 11 2 11 2 11 2 11 2 11 2 11 2 11 2 11 2 11 3 11 3 10 2 10 2 10 2 10 2 10 2 9 2 10 2 9 0 0 0 0 0 0 0 0 0 0 ],1687784608.244066
CSI_DATA,STA,08:3A:F2:A8:E0:C1,-40,11,1,6,1,1,1,1,0,0,0,-95,1,1,1,17516099,0,110,0,0,17.7049,384,[110 96 6 0 0 0 0 0 0 0 0 0 21 8 20 8 19 8 18 9 17 9 16 9 15 9 15 9 14 9 13 8 13 8 12 8 12 8 11 7 11 8 10 6 10 6 9 4 10 5 9 4 9 4 9 3 9 2 9 2 9 1 9 0 0 0 10 0 9 -1 9 -1 9 -2 10 -2 10 -2 11 -2 10 -3 11 -3 10 -3 11 -4 11 -3 11 -3 11 -3 11 -3 11 -4 11 -4 11 -3 11 -3 10 -3 10 -3 10 -3 10 -3 9 -4 9 -3 9 -3 0 0 0 0 0 0 0 0 0 0 ],1687784608.254733
CSI_DATA,STA,08:3A:F2:A8:E0:C1,-39,11,1,5,1,1,1,1,0,0,0,-95,1,1,1,17527383,0,110,0,0,17.7163,384,[110 96 6 0 0 0 0 0 0 0 0 0 12 -22 12 -21 12 -20 13 -19 13 -18 13 -17 13 -15 13 -15 13 -14 12 -14 11 -13 11 -13 10 -12 10 -12 9 -11 9 -11 9 -10 8 -10 7 -10 6 -10 6 -10 5 -10 4 -10 3 -10 3 -11 2 -11 0 0 2 -11 1 -11 1 -12 0 -11 0 -12 0 -13 0 -13 -1 -13 0 -13 -1 -13 -2 -13 -1 -13 -1 -13 -1 -13 -1 -13 -1 -13 -1 -14 -1 -13 -1 -13 -1 -13 -1 -13 0 -12 -1 -12 -2 -12 -1 -12 -1 -11 0 0 0 0 0 0 0 0 0 0 ],1687784608.2667232
CSI_DATA,STA,08:3A:F2:A8:E0:C1,-40,11,1,6,1,1,1,1,0,0,0,-95,1,1,1,17536042,0,110,0,0,17.7248,384,[110 96 6 0 0 0 0 0 0 0 0 0 21 13 19 14 19 14 18 14 18 13 14 13 14 14 13 14 13 13 13 13 12 12 11 12 11 11 11 10 10 10 10 9 9 8 9 8 10 7 9 7 9 6 9 5 9 5 10 4 10 3 10 2 0 0 10 2 11 1 11 0 11 0 11 0 12 0 12 0 12 -1 12 -1 12 -1 12 -1 12 -1 13 -1 13 -1 13 -1 12 -2 13 -2 12 -2 12 -1 12 -1 12 -1 12 -1 12 -1 11 -1 11 -1 10 -1 0 0 0 0 0 0 0 0 0 0 ],1687784608.274802
CSI_DATA,STA,08:3A:F2:A8:E0:C1,-39,11,1,5,1,1,1,1,0,0,0,-95,1,1,1,17553076,0,110,0,0,17.742,384,[110 96 6 0 0 0 0 0 0 0 0 0 22 9 21 10 20 9 20 11 19 11 17 11 16 11 15 10 15 11 14 10 13 10 13 10 13 9 12 9 12 9 11 7 10 7 10 6 10 6 10 5 10 5 10 4 10 3 10 2 10 2 10 1 0 0 10 0 10 0 11 -1 11 -1 11 -1 12 -1 12 -2 12 -2 12 -2 12 -3 12 -3 12 -3 12 -3 13 -3 12 -3 12 -3 12 -3 13 -3 12 -3 11 -3 12 -2 11 -3 11 -2 11 -3 11 -2 10 -3 0 0 0 0 0 0 0 0 0 0 ],1687784608.2918558
CSI_DATA,STA,08:3A:F2:A8:E0:C1,-40,11,1,6,1,1,1,1,0,0,0,-95,1,1,1,17563135,0,110,0,0,17.7519,384,[110 96 6 0 0 0 0 0 0 0 0 0 -6 24 -7 23 -6 22 -7 21 -7 20 -9 19 -8 18 -8 17 -8 17 -8 16 -9 15 -8 14 -8 13 -7 13 -7 13 -6 12 -6 11 -5 11 -4 11 -4 11 -3 10 -3 10 -3 10 -1 10 -1 10 -1 10 0 0 0 10 1 10 2 10 2 10 2 11 3 11 3 11 3 11 3 11 3 12 3 11 3 12 3 12 4 12 3 12 4 12 4 12 3 11 3 11 4 11 3 11 3 11 3 11 3 11 3 11 3 10 0 0 0 0 0 0 0 0 0 0 ],1687784608.3017468
CSI_DATA,STA,08:3A:F2:A8:E0:C1,-40,11,1,6,1,1,1,1,0,0,0,-95,1,1,1,17569777,0,110,0,0,17.7584,384,[110 96 6 0 0 0 0 0 0 0 0 0 22 4 21 4 21 5 20 5 19 6 17 5 17 6 16 6 15 5 15 6 13 7 13 7 13 6 12 6 12 5 11 4 10 4 10 4 10 3 10 2 10 2 9 2 9 1 9 1 9 0 9 -1 0 0 9 -2 9 -2 9 -3 9 -3 10 -3 10 -4 10 -4 10 -4 10 -5 10 -4 10 -4 11 -4 11 -4 11 -5 11 -5 10 -5 11 -5 10 -4 10 -4 10 -5 10 -4 10 -4 10 -4 9 -4 9 -3 9 -3 0 0 0 0 0 0 0 0 0 0 ],1687784608.307967
CSI_DATA,STA,08:3A:F2:A8:E0:C1,-40,11,1,6,1,1,1,1,0,0,0,-95,1,1,1,17579025,0,110,0,0,17.7677,384,[110 96 6 0 0 0 0 0 0 0 0 0 21 -5 21 -4 20 -4 20 -2 19 -2 18 -1 18 0 17 -1 16 0 15 0 15 0 15 0 14 0 13 0 13 0 12 0 12 -1 11 -1 11 -1 10 -1 10 -2 9 -2 9 -3 9 -4 8 -4 8 -5 0 0 8 -5 8 -6 8 -6 7 -7 8 -7 8 -7 8 -7 8 -8 8 -8 7 -8 8 -9 8 -8 8 -8 8 -9 8 -8 8 -9 8 -9 8 -9 8 -8 8 -8 7 -8 7 -8 8 -7 7 -8 7 -8 7 -8 0 0 0 0 0 0 0 0 0 0 ],1687784608.317125
CSI_DATA,STA,08:3A:F2:A8:E0:C1,-39,11,1,5,1,1,1,1,0,0,0,-95,1,1,1,17589960,0,110,0,0,17.7786,384,[110 96 6 0 0 0 0 0 0 0 0 0 12 24 11 24 11 22 9 23 8 21 6 22 5 21 5 20 4 20 5 18 4 18 4 18 4 17 5 16 3 15 3 14 4 13 4 12 5 12 5 11 5 11 5 10 5 9 7 9 7 9 7 8 0 0 8 8 9 8 9 7 10 6 10 7 11 7 11 8 11 7 11 7 10 6 12 6 12 7 12 7 12 7 12 7 12 7 12 6 12 6 11 6 11 6 11 6 11 6 11 6 11 5 10 6 10 5 0 0 0 0 0 0 0 0 0 0 ],1687784608.3281002
CSI_DATA,STA,08:3A:F2:A8:E0:C1,-38,11,1,4,1,1,1,1,0,0,0,-95,1,1,1,17597913,0,110,0,0,17.7865,384,[110 96 6 0 0 0 0 0 0 0 0 0 -12 20 -11 18 -12 19 -12 17 -13 16 -12 14 -13 14 -12 12 -12 12 -12 11 -12 11 -11 11 -11 10 -10 10 -10 9 -9 10 -8 9 -8 9 -7 8 -7 8 -6 7 -6 8 -5 8 -4 8 -4 9 -3 9 0 0 -3 9 -2 10 -1 9 -1 10 -1 10 -1 11 -1 11 -1 11 0 11 0 11 0 11 0 11 0 11 0 11 0 11 1 11 0 12 1 10 0 11 0 10 -1 11 0 11 0 10 0 10 0 10 0 9 0 0 0 0 0 0 0 0 0 0 ],1687784608.3359082
CSI_DATA,STA,08:3A:F2:A8:E0:C1,-39,11,1,5,1,1,1,1,0,0,0,-95,1,1,1,17606242,0,110,0,0,17.795,384,[110 96 6 0 0 0 0 0 0 0 0 0 -9 -25 -7 -23 -8 -23 -6 -22 -6 -22 -4 -21 -3 -21 -2 -20 -2 -19 -2 -19 -2 -18 -2 -18 -2 -17 -3 -16 -2 -15 -3 -15 -2 -13 -3 -13 -3 -12 -4 -12 -4 -11 -4 -11 -4 -10 -6 -10 -6 -10 -6 -9 0 0 -7 -9 -8 -9 -8 -8 -9 -8 -9 -8 -10 -9 -10 -9 -10 -9 -10 -9 -11 -8 -11 -8 -11 -9 -11 -8 -11 -8 -11 -8 -11 -8 -11 -9 -11 -8 -11 -8 -10 -8 -10 -9 -10 -8 -10 -8 -10 -7 -9 -8 -9 -7 0 0 0 0 0 0 0 0 0 0 ],1687784608.345376
CSI_DATA,STA,08:3A:F2:A8:E0:C1,-39,11,1,5,1,1,1,1,0,0,0,-95,1,1,1,17617659,0,110,0,0,17.8064,384,[110 96 6 0 0 0 0 0 0 0 0 0 -22 -5 -22 -5 -21 -5 -21 -6 -20 -6 -18 -7 -17 -7 -16 -7 -16 -7 -15 -7 -15 -7 -14 -7 -14 -7 -14 -6 -13 -6 -12 -5 -11 -5 -11 -4 -11 -4 -11 -3 -10 -3 -10 -3 -10 -2 -10 -1 -10 -1 -10 0 0 0 -10 1 -10 1 -10 2 -10 2 -10 2 -10 3 -11 3 -11 3 -11 4 -11 4 -11 4 -12 4 -12 4 -11 4 -11 4 -11 4 -11 4 -11 4 -11 4 -11 4 -11 3 -11 4 -11 3 -10 4 -10 3 -10 3 0 0 0 0 0 0 0 0 0 0 ],1687784608.356784
CSI_DATA,STA,08:3A:F2:A8:E0:C1,-39,11,1,5,1,1,1,1,0,0,0,-95,1,1,1,17625563,0,110,0,0,17.8147,384,[110 96 6 0 0 0 0 0 0 0 0 0 -24 5 -25 3 -23 3 -24 2 -22 1 -21 0 -20 0 -19 0 -19 -1 -17 -1 -17 -2 -17 -2 -16 -1 -16 -1 -15 -1 -14 0 -14 -1 -13 0 -13 0 -12 1 -11 1 -11 1 -11 2 -10 2 -11 3 -10 4 0 0 -10 5 -9 5 -10 6 -9 6 -10 6 -9 7 -10 7 -10 7 -10 8 -9 8 -10 8 -10 8 -10 8 -10 9 -10 8 -10 8 -10 8 -10 8 -9 8 -9 8 -10 8 -10 7 -9 7 -9 7 -9 7 -9 7 0 0 0 0 0 0 0 0 0 0 ],1687784608.365411
CSI_DATA,STA,08:3A:F2:A8:E0:C1,-39,11,1,5,1,1,1,1,0,0,0,-95,1,1,1,17636876,0,110,0,0,17.8256,384,[110 96 6 0 0 0 0 0 0 0 0 0 18 12 17 12 17 12 15 12 15 12 13 12 12 12 12 12 12 11 10 12 10 11 10 11 10 10 9 10 9 9 9 8 8 8 8 7 8 6 8 6 8 6 8 5 8 4 8 4 9 4 9 2 0 0 9 2 9 1 9 1 10 0 10 0 10 0 11 0 10 0 11 0 11 0 11 -1 11 0 11 -1 11 -1 11 -1 11 -1 11 -1 11 -1 11 -1 10 -1 10 0 10 -1 10 -1 10 -1 9 -1 9 -1 0 0 0 0 0 0 0 0 0 0 ],1687784608.3747919
CSI_DATA,STA,08:3A:F2:A8:E0:C1,-38,11,1,4,1,1,1,1,0,0,0,-95,1,1,1,17645569,0,110,0,0,17.8343,384,[110 96 6 0 0 0 0 0 0 0 0 0 13 22 11 21 12 21 10 21 9 20 7 19 6 19 5 18 5 18 5 17 5 17 5 17 5 16 5 15 4 14 4 14 4 12 4 12 5 11 5 10 5 10 6 9 5 8 7 8 7 9 7 7 0 0 8 7 9 6 9 6 10 6 10 6 10 6 10 6 11 6 11 6 11 5 12 5 11 6 12 6 11 5 11 6 11 5 12 6 11 5 11 5 11 5 11 6 10 6 11 5 10 4 10 5 9 4 0 0 0 0 0 0 0 0 0 0 ],1687784608.383678
CSI_DATA,STA,08:3A:F2:A8:E0:C1,-39,11,1,5,1,1,1,1,0,0,0,-95,1,1,1,17654716,0,110,0,0,17.8434,384,[110 96 6 0 0 0 0 0 0 0 0 0 17 14 16 14 16 14 15 14 14 14 12 13 11 14 10 13 10 13 9 13 9 12 9 12 8 11 8 10 8 10 8 9 7 8 7 8 7 7 7 7 7 6 8 6 7 5 8 4 8 4 8 3 0 0 9 3 9 2 9 2 10 1 10 1 10 1 11 1 10 1 11 0 11 0 11 0 11 0 11 0 11 0 11 0 11 -1 11 -1 11 -1 11 0 11 0 10 0 10 0 10 0 10 -1 10 0 9 0 0 0 0 0 0 0 0 0 0 0 ],1687784608.392653
CSI_DATA,STA,08:3A:F2:A8:E0:C1,-39,11,1,5,1,1,1,1,0,0,0,-95,1,1,1,17669609,0,110,0,0,17.8584,384,[110 96 6 0 0 0 0 0 0 0 0 0 -5 27 -6 26 -5 25 -6 24 -7 23 -7 22 -8 21 -8 20 -8 19 -8 18 -9 18 -8 17 -7 16 -7 15 -7 14 -6 14 -6 13 -5 13 -4 12 -3 12 -3 12 -2 11 -2 11 0 12 0 11 0 11 0 0 1 11 3 12 4 11 3 11 4 12 4 12 5 12 5 12 5 12 5 12 6 13 5 13 6 13 6 12 6 12 6 12 6 12 6 12 6 12 5 12 5 12 5 12 5 11 5 10 5 12 5 10 0 0 0 0 0 0 0 0 0 0 ],1687784608.408204
CSI_DATA,STA,08:3A:F2:A8:E0:C1,-39,11,1,5,1,1,1,1,0,0,0,-95,1,1,1,17676282,0,110,0,0,17.8649,384,[110 96 6 0 0 0 0 0 0 0 0 0 23 8 22 9 22 9 21 10 19 9 17 10 16 10 16 10 15 11 14 9 14 9 14 9 14 8 13 8 12 8 12 7 10 6 10 5 11 5 10 5 10 5 10 4 10 3 10 2 10 1 10 0 0 0 11 0 11 0 11 -1 10 -2 11 -2 12 -2 12 -2 11 -3 12 -3 12 -3 12 -3 12 -3 12 -4 13 -3 12 -3 12 -3 12 -4 12 -3 12 -3 11 -3 12 -3 12 -2 11 -3 10 -4 11 -3 10 -3 0 0 0 0 0 0 0 0 0 0 ],1687784608.415019
CSI_DATA,STA,08:3A:F2:A8:E0:C1,-39,11,1,5,1,1,1,1,0,0,0,-95,1,1,1,17684904,0,110,0,0,17.8736,384,[110 96 6 0 0 0 0 0 0 0 0 0 14 20 12 20 12 20 11 19 11 19 9 19 8 18 7 17 7 17 6 17 5 16 5 16 6 15 6 14 5 13 5 13 5 11 5 11 6 10 6 10 6 9 6 8 6 8 7 7 8 7 8 6 0 0 8 6 9 6 9 5 10 5 10 5 11 4 11 5 11 4 11 4 11 4 12 4 12 5 12 4 12 4 12 4 12 4 12 4 11 4 11 4 11 4 11 4 11 4 11 4 11 3 10 4 10 3 0 0 0 0 0 0 0 0 0 0 ],1687784608.4224231
CSI_DATA,STA,08:3A:F2:A8:E0:C1,-39,11,1,5,1,1,1,1,0,0,0,-95,1,1,1,17696231,0,110,0,0,17.885,384,[110 96 6 0 0 0 0 0 0 0 0 0 -25 4 -23 3 -24 3 -23 2 -23 2 -20 0 -21 0 -19 -1 -19 -1 -19 -2 -18 -2 -17 -2 -17 -2 -16 -2 -14 -2 -15 0 -13 0 -13 0 -12 0 -12 1 -11 1 -11 1 -11 2 -11 2 -10 3 -10 4 0 0 -10 5 -10 6 -9 6 -10 7 -10 6 -10 7 -10 7 -10 8 -9 8 -10 8 -10 8 -10 8 -10 9 -9 8 -10 9 -9 8 -10 9 -9 8 -9 8 -9 8 -9 8 -9 8 -10 8 -9 8 -9 7 -8 7 0 0 0 0 0 0 0 0 0 0 ],1687784608.4349031
CSI_DATA,STA,08:3A:F2:A8:E0:C1,-38,11,1,4,1,1,1,1,0,0,0,-95,1,1,1,17706289,0,110,0,0,17.895,384,[110 96 6 0 0 0 0 0 0 0 0 0 -24 -9 -24 -10 -23 -9 -24 -11 -21 -10 -19 -11 -18 -11 -17 -11 -16 -12 -16 -10 -16 -10 -16 -10 -15 -9 -15 -9 -14 -9 -13 -8 -12 -7 -11 -6 -13 -6 -12 -6 -11 -5 -12 -5 -10 -3 -12 -2 -12 -2 -12 -1 0 0 -12 0 -12 0 -13 1 -12 2 -13 1 -13 1 -13 2 -13 2 -14 2 -12 3 -13 4 -14 4 -14 3 -14 4 -13 3 -14 4 -13 3 -13 4 -13 3 -12 3 -13 2 -13 3 -12 3 -12 4 -12 3 -11 3 0 0 0 0 0 0 0 0 0 0 ],1687784608.445163
CSI_DATA,STA,08:3A:F2:A8:E0:C1,-38,11,1,4,1,1,1,1,0,0,0,-95,1,1,1,17716108,0,110,0,0,17.9049,384,[110 96 6 0 0 0 0 0 0 0 0 0 -22 6 -21 5 -22 5 -21 4 -21 3 -19 2 -19 2 -17 1 -17 1 -17 0 -17 0 -16 0 -15 0 -15 0 -14 0 -14 2 -12 2 -12 2 -11 2 -11 2 -11 2 -10 2 -10 3 -9 3 -9 4 -9 5 0 0 -9 6 -8 6 -7 6 -8 8 -8 7 -8 8 -8 8 -8 8 -8 9 -7 9 -7 9 -8 9 -8 9 -7 9 -7 9 -6 9 -8 10 -6 9 -6 9 -7 9 -7 8 -7 9 -7 8 -6 8 -6 8 -6 7 0 0 0 0 0 0 0 0 0 0 ],1687784608.454609
CSI_DATA,STA,08:3A:F2:A8:E0:C1,-38,11,1,4,1,1,1,1,0,0,0,-95,1,1,1,17730540,0,110,0,0,17.9195,384,[110 96 6 0 0 0 0 0 0 0 0 0 24 -9 23 -8 22 -7 23 -6 21 -5 20 -4 20 -3 19 -3 19 -2 17 -3 17 -3 17 -3 16 -3 15 -2 14 -2 14 -3 13 -2 12 -3 11 -3 11 -3 10 -3 11 -4 9 -5 9 -6 9 -6 9 -7 0 0 9 -8 8 -8 8 -9 7 -9 7 -9 8 -10 8 -10 7 -10 8 -11 6 -11 6 -12 7 -12 7 -12 7 -12 7 -11 7 -12 7 -12 6 -11 7 -11 6 -11 7 -11 7 -10 7 -11 5 -11 6 -10 5 -10 0 0 0 0 0 0 0 0 0 0 ],1687784608.469144
CSI_DATA,STA,08:3A:F2:A8:E0:C1,-39,11,1,5,1,1,1,1,0,0,0,-95,1,1,1,17737732,0,110,0,0,17.9264,384,[110 96 6 0 0 0 0 0 0 0 0 0 -11 20 -11 18 -11 18 -12 17 -12 16 -12 14 -12 14 -12 13 -12 13 -11 12 -11 12 -11 11 -10 10 -9 10 -9 9 -9 10 -8 9 -7 9 -6 9 -6 8 -5 8 -5 8 -4 8 -3 8 -3 9 -3 9 0 0 -2 9 -1 10 0 9 0 10 0 10 0 10 0 11 0 10 1 11 1 11 1 11 1 11 1 11 1 11 1 11 2 11 2 11 2 10 1 11 2 10 1 10 1 10 1 10 2 10 1 10 1 9 0 0 0 0 0 0 0 0 0 0 ],1687784608.4757419
CSI_DATA,STA,08:3A:F2:A8:E0:C1,-39,11,1,5,1,1,1,1,0,0,0,-95,1,1,1,17746565,0,110,0,0,17.9354,384,[110 96 6 0 0 0 0 0 0 0 0 0 -1 -26 0 -24 0 -24 1 -23 2 -22 3 -21 3 -20 4 -20 4 -19 4 -18 4 -18 4 -17 3 -16 3 -16 3 -15 2 -14 2 -13 2 -13 0 -13 1 -12 0 -11 -1 -11 -1 -11 -2 -11 -2 -11 -3 -11 0 0 -4 -11 -5 -11 -5 -10 -6 -11 -6 -11 -6 -11 -6 -11 -6 -11 -7 -11 -7 -11 -7 -11 -7 -11 -8 -11 -7 -11 -8 -12 -8 -11 -8 -12 -7 -11 -7 -11 -7 -11 -7 -11 -7 -11 -6 -11 -7 -10 -6 -10 -7 -10 0 0 0 0 0 0 0 0 0 0 ],1687784608.485902
CSI_DATA,STA,08:3A:F2:A8:E0:C1,-38,11,1,4,1,1,1,1,0,0,0,-95,1,1,1,17759962,0,110,0,0,17.9487,384,[110 96 6 0 0 0 0 0 0 0 0 0 -3 -26 -1 -25 -2 -25 0 -24 0 -23 1 -22 2 -21 2 -20 3 -20 2 -18 2 -18 2 -18 1 -17 1 -17 1 -15 1 -15 1 -14 0 -13 0 -13 0 -13 -1 -12 -2 -12 -2 -11 -4 -11 -4 -11 -4 -11 0 0 -5 -11 -6 -11 -6 -10 -7 -10 -7 -11 -8 -11 -7 -12 -8 -11 -8 -11 -9 -10 -9 -10 -9 -11 -9 -11 -9 -10 -9 -11 -9 -11 -9 -11 -9 -10 -9 -11 -9 -10 -8 -11 -8 -10 -8 -10 -9 -9 -8 -10 -8 -9 0 0 0 0 0 0 0 0 0 0 ],1687784608.499412
CSI_DATA,STA,08:3A:F2:A8:E0:C1,-38,11,1,4,1,1,1,1,0,0,0,-95,1,1,1,17768392,0,110,0,0,17.957,384,[110 96 6 0 0 0 0 0 0 0 0 0 -4 -23 -4 -23 -4 -22 -2 -22 -1 -20 -1 -20 0 -19 0 -18 0 -18 0 -16 1 -17 1 -16 0 -15 0 -15 0 -14 0 -14 0 -13 -1 -12 -1 -11 -2 -11 -2 -11 -2 -11 -2 -10 -4 -10 -4 -10 -4 -10 0 0 -6 -9 -6 -9 -7 -9 -7 -8 -7 -9 -7 -9 -7 -10 -8 -9 -8 -9 -8 -8 -9 -9 -9 -9 -9 -9 -9 -9 -8 -9 -9 -9 -9 -9 -9 -9 -8 -8 -9 -8 -8 -9 -8 -9 -8 -8 -8 -8 -8 -8 -8 -7 0 0 0 0 0 0 0 0 0 0 ],1687784608.5073311
CSI_DATA,STA,08:3A:F2:A8:E0:C1,-39,11,1,5,1,1,1,1,0,0,0,-95,1,1,1,17775879,0,110,0,0,17.9647,384,[110 96 6 0 0 0 0 0 0 0 0 0 23 -1 21 -1 21 0 20 1 20 1 18 1 17 2 17 2 16 2 16 2 15 2 15 2 14 2 13 2 12 2 13 1 11 1 11 1 10 0 10 0 9 0 9 -1 10 -1 9 -2 9 -3 9 -4 0 0 9 -4 9 -5 8 -5 8 -6 8 -6 9 -6 9 -6 9 -7 9 -7 8 -7 8 -8 9 -7 9 -8 9 -8 9 -8 8 -8 9 -8 8 -8 8 -7 8 -8 8 -7 8 -7 8 -7 7 -8 7 -7 7 -7 0 0 0 0 0 0 0 0 0 0 ],1687784608.5140731
CSI_DATA,STA,08:3A:F2:A8:E0:C1,-39,11,1,5,1,1,1,1,0,0,0,-95,1,1,1,17785816,0,110,0,0,17.9745,384,[110 96 6 0 0 0 0 0 0 0 0 0 -5 22 -6 20 -6 20 -6 20 -7 19 -7 17 -8 16 -8 15 -8 15 -7 14 -7 14 -7 14 -7 13 -6 12 -6 11 -6 12 -5 10 -5 11 -3 10 -4 9 -3 9 -3 9 -2 9 -1 9 -1 9 0 9 0 0 1 9 2 9 2 9 2 9 2 10 3 10 3 10 3 10 3 10 4 10 4 10 4 10 4 10 4 10 4 10 4 10 4 11 4 10 4 10 4 10 4 10 4 9 3 9 4 9 4 9 4 8 0 0 0 0 0 0 0 0 0 0 ],1687784608.523347
CSI_DATA,STA,08:3A:F2:A8:E0:C1,-39,11,1,5,1,1,1,1,0,0,0,-95,1,1,1,17798727,0,110,0,0,17.9875,384,[110 96 6 0 0 0 0 0 0 0 0 0 23 6 22 8 21 8 21 9 20 9 18 9 17 9 16 9 16 9 15 8 14 8 14 8 13 8 13 7 12 7 11 6 11 6 10 5 11 5 10 4 10 4 10 4 10 2 10 1 10 1 10 0 0 0 11 -1 10 -1 11 -2 11 -2 11 -2 12 -2 12 -2 11 -3 12 -3 11 -4 12 -4 12 -3 12 -4 13 -4 12 -3 12 -4 12 -4 12 -4 12 -3 11 -4 11 -3 11 -3 11 -3 10 -4 10 -3 10 -3 0 0 0 0 0 0 0 0 0 0 ],1687784608.5364008
CSI_DATA,STA,08:3A:F2:A8:E0:C1,-39,11,1,5,1,1,1,1,0,0,0,-95,1,1,1,17806095,0,110,0,0,17.9947,384,[110 96 6 0 0 0 0 0 0 0 0 0 -13 -22 -12 -22 -11 -22 -10 -22 -9 -20 -8 -21 -6 -20 -6 -19 -6 -19 -6 -18 -5 -18 -5 -17 -5 -16 -5 -16 -5 -15 -5 -14 -5 -13 -5 -13 -6 -11 -6 -12 -5 -11 -6 -11 -6 -9 -7 -9 -7 -9 -8 -8 0 0 -8 -8 -9 -7 -9 -7 -10 -7 -11 -7 -11 -7 -11 -7 -11 -7 -12 -7 -11 -6 -12 -6 -12 -6 -12 -7 -12 -6 -12 -7 -12 -6 -12 -6 -12 -6 -11 -7 -11 -6 -11 -6 -11 -6 -11 -6 -11 -5 -11 -6 -10 -6 0 0 0 0 0 0 0 0 0 0 ],1687784608.545181
CSI_DATA,STA,08:3A:F2:A8:E0:C1,-39,11,1,5,1,1,1,1,0,0,0,-95,1,1,1,17815838,0,110,0,0,18.0046,384,[110 96 6 0 0 0 0 0 0 0 0 0 -18 18 -18 16 -18 16 -18 15 -18 14 -18 12 -17 11 -17 10 -17 10 -16 9 -16 10 -15 9 -14 8 -13 8 -12 8 -12 8 -11 8 -10 7 -9 7 -9 7 -9 7 -8 7 -7 8 -6 8 -6 8 -6 9 0 0 -5 9 -4 10 -4 10 -4 10 -3 11 -3 11 -4 11 -3 12 -3 12 -3 12 -2 12 -3 13 -2 13 -2 13 -3 13 -2 12 -2 12 -2 12 -2 12 -2 12 -2 12 -3 12 -3 11 -1 11 -2 11 -2 10 0 0 0 0 0 0 0 0 0 0 ],1687784608.55391
CSI_DATA,STA,08:3A:F2:A8:E0:C1,-39,11,1,5,1,1,1,1,0,0,0,-95,1,1,1,17829237,0,110,0,0,18.0185,384,[110 96 6 0 0 0 0 0 0 0 0 0 20 -13 20 -11 20 -11 20 -9 20 -9 18 -8 18 -7 17 -7 17 -6 16 -6 15 -6 15 -5 14 -5 14 -5 13 -5 12 -5 11 -5 11 -5 10 -5 10 -5 9 -5 9 -6 8 -6 7 -7 7 -7 7 -8 0 0 6 -9 6 -9 6 -9 5 -10 5 -10 5 -11 5 -11 5 -11 5 -12 4 -12 4 -12 5 -12 5 -12 5 -12 5 -12 4 -12 5 -12 4 -12 5 -11 4 -11 5 -11 5 -11 4 -11 4 -11 4 -11 4 -10 0 0 0 0 0 0 0 0 0 0 ],1687784608.56767
CSI_DATA,STA,08:3A:F2:A8:E0:C1,-39,11,1,5,1,1,1,1,0,0,0,-95,1,1,1,17836696,0,110,0,0,18.0253,384,[110 96 6 0 0 0 0 0 0 0 0 0 6 24 5 23 5 23 4 22 2 21 2 21 1 20 0 19 0 18 0 18 0 17 0 17 0 16 0 15 0 14 0 14 0 13 1 12 1 11 2 11 2 10 3 10 3 9 4 9 4 9 4 9 0 0 5 9 6 8 7 8 7 8 8 8 8 8 8 8 8 8 9 8 9 8 9 8 9 8 9 8 9 8 9 8 9 7 10 8 9 7 9 8 9 7 9 8 8 8 8 7 8 6 8 7 8 6 0 0 0 0 0 0 0 0 0 0 ],1687784608.57458
CSI_DATA,STA,08:3A:F2:A8:E0:C1,-39,11,1,5,1,1,1,1,0,0,0,-95,1,1,1,17845966,0,110,0,0,18.0347,384,[110 96 6 0 0 0 0 0 0 0 0 0 -4 -23 -3 -23 -4 -21 -3 -22 -2 -20 -1 -20 0 -19 0 -18 1 -18 0 -17 1 -16 1 -16 0 -15 0 -15 0 -14 -1 -13 0 -13 -1 -11 -1 -12 -2 -11 -2 -11 -3 -11 -3 -10 -4 -10 -4 -10 -4 -9 0 0 -5 -9 -6 -9 -6 -9 -7 -8 -7 -9 -8 -9 -8 -9 -8 -9 -8 -9 -9 -8 -9 -8 -9 -9 -9 -9 -9 -9 -9 -9 -9 -8 -9 -9 -9 -9 -9 -8 -9 -8 -8 -8 -9 -8 -8 -8 -8 -7 -8 -8 -8 -7 0 0 0 0 0 0 0 0 0 0 ],1687784608.58454
CSI_DATA,STA,08:3A:F2:A8:E0:C1,-39,11,1,5,1,1,1,1,0,0,0,-95,1,1,1,17859364,0,110,0,0,18.0481,384,[110 96 6 0 0 0 0 0 0 0 0 0 21 4 21 4 20 4 20 6 19 6 18 6 17 6 16 6 16 6 14 6 15 6 14 5 13 5 12 5 12 5 11 4 11 4 10 3 10 3 10 2 9 2 9 1 10 0 9 0 9 -1 9 -2 0 0 9 -3 9 -3 9 -3 9 -4 10 -4 10 -4 10 -4 10 -5 10 -5 9 -6 10 -6 10 -6 10 -6 10 -6 10 -6 10 -6 10 -6 10 -6 10 -6 9 -6 9 -5 9 -5 9 -6 8 -6 8 -5 8 -6 0 0 0 0 0 0 0 0 0 0 ],1687784608.597722
CSI_DATA,STA,08:3A:F2:A8:E0:C1,-39,11,1,5,1,1,1,1,0,0,0,-95,1,1,1,17868638,0,110,0,0,18.0573,384,[110 96 6 0 0 0 0 0 0 0 0 0 -18 -15 -16 -15 -17 -15 -16 -15 -15 -15 -13 -15 -12 -15 -11 -14 -11 -13 -10 -14 -10 -13 -10 -13 -9 -13 -9 -12 -9 -11 -9 -10 -8 -9 -8 -9 -8 -9 -9 -8 -8 -8 -8 -7 -8 -6 -9 -5 -9 -5 -9 -4 0 0 -10 -4 -10 -3 -10 -3 -11 -2 -11 -3 -11 -2 -12 -2 -12 -2 -12 -2 -12 -1 -12 -1 -12 -1 -12 -1 -12 -1 -12 -1 -12 -1 -12 -1 -12 -1 -12 -1 -12 -1 -12 -1 -12 -1 -11 -1 -11 -1 -11 -1 -10 -1 0 0 0 0 0 0 0 0 0 0 ],1687784608.607432
CSI_DATA,STA,08:3A:F2:A8:E0:C1,-39,11,1,5,1,1,1,1,0,0,0,-95,1,1,1,17876044,0,110,0,0,18.0646,384,[110 96 6 0 0 0 0 0 0 0 0 0 -7 24 -8 23 -8 22 -9 22 -9 20 -9 19 -9 17 -10 17 -10 16 -9 15 -9 16 -9 15 -8 14 -8 14 -8 13 -7 12 -7 12 -6 11 -5 11 -4 10 -4 10 -3 10 -3 10 -1 10 -1 10 -1 10 0 0 0 10 1 11 1 11 1 10 2 11 2 11 2 12 3 12 3 12 3 11 4 12 3 12 4 12 4 12 3 12 4 12 4 12 4 11 3 11 3 11 3 12 3 11 3 11 3 10 3 11 3 10 0 0 0 0 0 0 0 0 0 0 ],1687784608.613701
CSI_DATA,STA,08:3A:F2:A8:E0:C1,-39,11,1,5,1,1,1,1,0,0,0,-95,1,1,1,17885829,0,110,0,0,18.0746,384,[110 96 6 0 0 0 0 0 0 0 0 0 15 20 13 20 13 19 12 19 11 19 9 18 8 18 7 18 7 17 7 16 7 15 7 16 7 14 6 14 6 13 5 12 5 12 5 11 6 10 6 10 6 9 6 9 6 8 7 7 8 7 8 6 0 0 8 6 9 6 9 5 10 5 10 5 11 5 10 6 11 5 11 5 12 4 11 4 12 5 12 4 12 5 11 5 12 5 12 5 11 4 11 5 11 4 11 5 10 5 10 4 10 4 10 4 10 4 0 0 0 0 0 0 0 0 0 0 ],1687784608.623899
CSI_DATA,STA,08:3A:F2:A8:E0:C1,-39,11,1,5,1,1,1,1,0,0,0,-95,1,1,1,17895665,0,110,0,0,18.0844,384,[110 96 6 0 0 0 0 0 0 0 0 0 8 -24 9 -23 8 -22 9 -22 9 -20 10 -19 10 -18 10 -17 10 -17 9 -16 9 -16 9 -15 8 -14 7 -14 7 -13 7 -13 6 -12 5 -12 4 -12 4 -12 3 -11 3 -11 2 -11 1 -11 1 -11 0 -11 0 0 -1 -11 -1 -12 -2 -12 -2 -11 -3 -13 -3 -13 -3 -12 -4 -13 -4 -13 -4 -13 -4 -13 -4 -13 -4 -13 -5 -13 -4 -13 -5 -13 -4 -13 -5 -13 -4 -12 -5 -12 -4 -13 -4 -12 -3 -12 -5 -12 -4 -12 -4 -11 0 0 0 0 0 0 0 0 0 0 ],1687784608.6352682
CSI_DATA,STA,08:3A:F2:A8:E0:C1,-39,11,1,5,1,1,1,1,0,0,0,-95,1,1,1,17907168,0,110,0,0,18.0959,384,[110 96 6 0 0 0 0 0 0 0 0 0 -9 20 -9 19 -10 19 -10 18 -10 17 -10 16 -10 15 -10 14 -10 14 -10 13 -10 13 -10 12 -9 11 -8 11 -8 10 -7 10 -7 10 -6 9 -5 9 -5 9 -4 9 -4 9 -4 8 -2 9 -2 9 -2 9 0 0 -1 9 0 9 0 9 1 9 1 10 1 10 1 10 2 10 2 10 2 11 2 11 2 11 3 11 2 11 3 11 3 10 3 11 3 10 3 10 3 10 2 10 2 10 2 10 2 9 2 9 2 9 0 0 0 0 0 0 0 0 0 0 ],1687784608.645687
CSI_DATA,STA,08:3A:F2:A8:E0:C1,-39,11,1,5,1,1,1,1,0,0,0,-95,1,1,1,17915708,0,110,0,0,18.1044,384,[110 96 6 0 0 0 0 0 0 0 0 0 21 6 20 6 21 6 19 7 19 7 16 8 16 8 15 8 14 7 14 8 13 7 13 8 12 7 12 7 11 6 11 6 10 5 10 4 9 4 10 3 9 3 9 3 9 2 9 2 9 1 9 0 0 0 9 0 10 -1 10 -2 10 -2 10 -2 10 -2 10 -2 10 -3 11 -3 11 -3 11 -3 11 -3 11 -3 11 -3 11 -3 10 -4 11 -4 10 -3 10 -3 10 -4 10 -3 10 -3 10 -3 10 -3 10 -3 9 -3 0 0 0 0 0 0 0 0 0 0 ],1687784608.6537411
CSI_DATA,STA,08:3A:F2:A8:E0:C1,-38,11,1,4,1,1,1,1,0,0,0,-95,1,1,1,17927069,0,110,0,0,18.1159,384,[110 96 6 0 0 0 0 0 0 0 0 0 25 1 24 1 24 2 24 3 22 3 20 5 19 5 18 5 18 6 17 5 17 5 16 5 16 4 15 4 15 4 14 4 12 3 12 2 12 2 11 2 11 1 11 1 10 0 11 -1 11 -2 11 -3 0 0 10 -3 11 -4 11 -4 10 -5 11 -5 11 -5 12 -5 11 -6 12 -6 11 -6 11 -7 12 -6 12 -7 11 -7 12 -6 11 -7 11 -7 11 -7 11 -7 10 -6 11 -6 11 -6 10 -6 10 -7 10 -6 9 -6 0 0 0 0 0 0 0 0 0 0 ],1687784608.665437
CSI_DATA,STA,08:3A:F2:A8:E0:C1,-39,11,1,5,1,1,1,1,0,0,0,-95,1,1,1,17937692,0,110,0,0,18.1266,384,[110 96 6 0 0 0 0 0 0 0 0 0 -8 23 -8 23 -8 21 -9 21 -9 19 -10 19 -10 17 -10 16 -10 16 -9 15 -9 15 -9 14 -9 13 -8 13 -8 12 -8 12 -7 11 -6 10 -5 11 -5 10 -4 10 -4 10 -3 10 -2 10 -2 10 -2 10 0 0 -1 11 0 10 1 11 1 10 1 11 1 12 1 12 2 12 2 12 2 11 2 12 2 12 3 12 3 12 2 12 3 12 3 12 2 12 2 12 2 11 2 12 2 12 2 11 3 10 2 10 2 10 0 0 0 0 0 0 0 0 0 0 ],1687784608.676009
CSI_DATA,STA,08:3A:F2:A8:E0:C1,-38,11,1,4,1,1,1,1,0,0,0,-95,1,1,1,17947171,0,110,0,0,18.1359,384,[110 96 6 0 0 0 0 0 0 0 0 0 22 0 21 1 21 1 21 2 20 3 18 3 17 3 16 3 16 4 15 3 15 3 15 4 14 3 13 4 12 4 12 3 11 3 11 2 10 2 10 1 10 1 10 0 9 0 9 -1 10 -2 9 -3 0 0 9 -3 9 -4 9 -4 9 -5 9 -4 10 -5 10 -5 9 -5 10 -6 9 -6 9 -6 10 -6 10 -6 10 -6 10 -6 9 -6 10 -7 9 -6 9 -6 9 -6 10 -6 9 -5 9 -6 9 -6 9 -5 8 -5 0 0 0 0 0 0 0 0 0 0 ],1687784608.686334
CSI_DATA,STA,08:3A:F2:A8:E0:C1,-39,11,1,5,1,1,1,1,0,0,0,-95,1,1,1,17955654,0,110,0,0,18.1444,384,[110 96 6 0 0 0 0 0 0 0 0 0 11 19 10 19 10 19 8 19 8 18 6 17 6 17 5 16 4 16 5 15 4 14 4 14 4 14 4 13 4 12 4 11 4 10 4 10 4 9 4 9 4 9 5 8 5 7 6 7 6 7 6 6 0 0 7 6 8 6 8 5 8 5 9 5 9 5 9 5 9 5 10 5 10 4 10 4 10 4 10 4 11 4 10 4 10 4 10 4 10 4 10 4 9 4 10 4 10 4 9 3 9 3 9 3 8 3 0 0 0 0 0 0 0 0 0 0 ],1687784608.693509
CSI_DATA,STA,08:3A:F2:A8:E0:C1,-39,11,1,5,1,1,1,1,0,0,0,-95,1,1,1,17965707,0,110,0,0,18.1544,384,[110 96 6 0 0 0 0 0 0 0 0 0 11 21 11 22 10 20 9 21 8 20 6 20 5 19 5 18 4 18 4 17 4 17 4 16 4 16 4 15 3 14 4 13 4 12 3 11 5 11 4 11 5 10 5 10 5 8 6 8 6 8 7 8 0 0 8 7 8 7 9 6 9 6 9 6 10 6 10 7 10 6 10 6 10 5 11 5 11 6 11 6 11 6 11 6 11 6 11 5 11 5 11 6 10 5 10 6 10 5 10 5 10 4 10 5 9 4 0 0 0 0 0 0 0 0 0 0 ],1687784608.7035031
CSI_DATA,STA,08:3A:F2:A8:E0:C1,-39,11,1,5,1,1,1,1,0,0,0,-95,1,1,1,17979428,0,110,0,0,18.1682,384,[110 96 6 0 0 0 0 0 0 0 0 0 -24 8 -23 7 -23 7 -23 5 -22 5 -21 4 -20 3 -19 2 -19 2 -18 2 -18 1 -17 1 -16 1 -16 1 -16 1 -15 2 -14 2 -13 2 -12 2 -11 2 -11 2 -11 3 -11 4 -10 4 -10 5 -9 6 0 0 -9 7 -8 7 -8 7 -8 8 -8 8 -8 8 -9 9 -9 8 -8 9 -8 10 -8 10 -8 10 -8 10 -9 10 -8 10 -8 10 -8 10 -8 10 -8 9 -8 10 -8 9 -8 9 -8 9 -7 9 -7 8 -7 8 0 0 0 0 0 0 0 0 0 0 ],1687784608.717508
CSI_DATA,STA,08:3A:F2:A8:E0:C1,-39,11,1,5,1,1,1,1,0,0,0,-95,1,1,1,17986128,0,110,0,0,18.1748,384,[110 96 6 0 0 0 0 0 0 0 0 0 25 -1 23 0 24 0 23 2 22 2 20 3 19 3 18 3 18 3 17 3 16 3 16 4 16 3 15 3 14 3 14 2 12 2 12 1 12 1 11 0 11 0 11 0 10 -1 10 -2 10 -3 10 -4 0 0 10 -5 10 -5 9 -5 9 -6 10 -6 10 -6 11 -7 10 -7 11 -7 10 -7 10 -8 11 -7 10 -8 10 -8 10 -8 10 -8 10 -8 10 -8 10 -8 10 -8 10 -7 10 -7 9 -7 8 -8 9 -7 8 -7 0 0 0 0 0 0 0 0 0 0 ],1687784608.723469
CSI_DATA,STA,08:3A:F2:A8:E0:C1,-39,11,1,5,1,1,1,1,0,0,0,-95,1,1,1,17995812,0,110,0,0,18.1846,384,[110 96 6 0 0 0 0 0 0 0 0 0 22 11 20 11 21 11 19 11 19 12 16 11 16 12 15 11 14 12 14 12 13 11 12 11 12 10 12 10 11 9 11 8 10 8 10 7 9 6 10 6 10 5 10 5 10 4 10 3 10 3 10 2 0 0 10 1 11 1 10 0 11 0 11 0 12 0 12 -1 12 -1 12 -1 12 -1 12 -2 13 -1 13 -1 12 -1 13 -1 12 -2 13 -2 12 -1 12 -1 12 -2 12 -1 12 -1 12 -1 11 -1 11 -1 10 -1 0 0 0 0 0 0 0 0 0 0 ],1687784608.733946
CSI_DATA,STA,08:3A:F2:A8:E0:C1,-39,11,1,5,1,1,1,1,0,0,0,-95,1,1,1,18005640,0,110,0,0,18.1944,384,[110 96 6 0 0 0 0 0 0 0 0 0 -23 1 -23 0 -22 0 -22 -1 -21 -1 -19 -2 -19 -3 -18 -3 -17 -3 -17 -4 -16 -3 -16 -3 -15 -3 -14 -3 -13 -3 -13 -2 -12 -2 -12 -1 -11 -1 -11 -1 -11 -1 -10 0 -10 1 -10 1 -10 2 -10 3 0 0 -10 3 -9 4 -9 4 -9 5 -10 5 -10 5 -10 5 -10 5 -10 6 -10 6 -10 7 -10 6 -10 7 -10 7 -10 6 -10 7 -10 7 -9 6 -9 6 -9 6 -9 6 -9 6 -9 6 -8 6 -9 6 -8 5 0 0 0 0 0 0 0 0 0 0 ],1687784608.743823
CSI_DATA,STA,08:3A:F2:A8:E0:C1,-39,11,1,5,1,1,1,1,0,0,0,-95,1,1,1,18015648,0,110,0,0,18.2044,384,[110 96 6 0 0 0 0 0 0 0 0 0 -1 25 -2 25 -2 23 -3 23 -4 21 -5 20 -4 20 -5 19 -5 19 -5 17 -5 16 -5 16 -5 15 -4 15 -4 14 -3 13 -4 13 -3 12 -2 11 -2 11 -1 11 0 11 0 10 1 10 1 10 2 10 0 0 3 10 4 10 4 10 5 10 5 10 5 10 5 11 6 10 6 11 6 10 6 10 6 11 6 11 7 11 6 11 6 11 7 11 6 10 6 10 6 10 6 11 6 10 6 10 6 9 5 9 5 9 0 0 0 0 0 0 0 0 0 0 ],1687784608.75357
CSI_DATA,STA,08:3A:F2:A8:E0:C1,-39,11,1,5,1,1,1,1,0,0,0,-95,1,1,1,18027223,0,110,0,0,18.216,384,[110 96 6 0 0 0 0 0 0 0 0 0 -21 -14 -20 -14 -20 -14 -19 -14 -18 -14 -16 -14 -15 -14 -14 -14 -13 -14 -13 -13 -13 -13 -12 -13 -12 -12 -11 -12 -11 -11 -11 -10 -10 -9 -10 -9 -10 -8 -10 -7 -10 -7 -10 -7 -10 -5 -10 -5 -11 -4 -11 -4 0 0 -11 -3 -11 -2 -12 -2 -12 -1 -12 -1 -12 -1 -13 -1 -13 -1 -13 -1 -13 0 -13 0 -13 0 -14 0 -13 0 -13 0 -13 0 -14 1 -13 0 -13 0 -13 0 -13 0 -13 0 -13 0 -12 1 -12 0 -11 1 0 0 0 0 0 0 0 0 0 0 ],1687784608.765874
CSI_DATA,STA,08:3A:F2:A8:E0:C1,-40,11,1,6,1,1,1,1,0,0,0,-95,1,1,1,18036059,0,110,0,0,18.2249,384,[110 96 6 0 0 0 0 0 0 0 0 0 -14 18 -14 17 -14 16 -15 14 -15 14 -14 13 -15 12 -14 11 -14 10 -13 10 -13 10 -12 9 -12 8 -11 8 -11 8 -10 8 -10 7 -9 7 -8 7 -8 7 -7 7 -7 7 -6 7 -5 8 -5 8 -5 8 0 0 -4 9 -3 9 -2 9 -3 10 -2 10 -3 10 -3 10 -3 10 -2 10 -2 10 -2 11 -2 11 -2 11 -2 11 -1 11 -1 11 -2 11 -1 11 -2 11 -1 11 -2 11 -2 10 -2 10 -1 10 -1 10 -1 9 0 0 0 0 0 0 0 0 0 0 ],1687784608.774391
CSI_DATA,STA,08:3A:F2:A8:E0:C1,-38,11,1,4,1,1,1,1,0,0,0,-95,1,1,1,18051795,0,110,0,0,18.2406,384,[110 96 6 0 0 0 0 0 0 0 0 0 -25 6 -24 5 -24 5 -24 4 -23 3 -21 2 -21 1 -19 1 -19 0 -18 0 -19 0 -18 0 -18 0 -17 0 -16 -1 -15 1 -14 1 -13 1 -13 1 -12 1 -12 1 -12 2 -11 3 -10 3 -11 4 -10 5 0 0 -10 6 -10 6 -10 7 -9 8 -10 7 -10 8 -10 8 -10 8 -10 9 -9 9 -9 10 -10 9 -10 10 -9 10 -10 9 -9 10 -10 10 -9 9 -8 9 -9 8 -9 9 -9 8 -9 8 -8 8 -9 8 -8 8 0 0 0 0 0 0 0 0 0 0 ],1687784608.7895522
CSI_DATA,STA,08:3A:F2:A8:E0:C1,-40,11,1,6,1,1,1,1,0,0,0,-95,1,1,1,18061264,0,110,0,0,18.2499,384,[110 96 6 0 0 0 0 0 0 0 0 0 14 14 13 14 12 14 12 14 11 14 10 13 9 13 8 13 7 13 8 12 7 11 7 12 7 11 6 10 6 10 6 9 5 9 5 8 5 7 6 7 6 7 6 6 6 5 6 5 7 5 7 4 0 0 7 4 8 4 8 3 8 3 9 3 9 3 9 3 9 3 9 3 9 2 9 2 10 2 10 2 10 2 9 2 10 2 10 2 10 2 9 2 9 2 9 3 9 3 9 2 9 2 8 2 8 2 0 0 0 0 0 0 0 0 0 0 ],1687784608.798553
CSI_DATA,STA,08:3A:F2:A8:E0:C1,-39,11,1,5,1,1,1,1,0,0,0,-95,1,1,1,18068719,0,110,0,0,18.2573,384,[110 96 6 0 0 0 0 0 0 0 0 0 15 16 13 16 13 16 12 16 11 16 10 15 9 15 8 15 7 14 7 14 7 14 6 13 7 12 6 12 6 11 6 10 6 9 6 9 6 8 6 8 6 8 6 7 6 7 7 6 7 6 7 5 0 0 8 4 8 4 9 4 9 3 9 3 10 3 10 3 10 3 10 3 10 3 10 2 11 3 10 3 10 2 11 3 11 2 11 2 10 2 10 2 10 2 10 3 10 2 10 2 9 2 9 2 9 2 0 0 0 0 0 0 0 0 0 0 ],1687784608.8065112
CSI_DATA,STA,08:3A:F2:A8:E0:C1,-39,11,1,5,1,1,1,1,0,0,0,-95,1,1,1,18078621,0,110,0,0,18.2674,384,[110 96 6 0 0 0 0 0 0 0 0 0 -24 -9 -23 -9 -22 -9 -22 -10 -21 -10 -18 -10 -17 -10 -16 -11 -16 -10 -16 -10 -15 -10 -14 -9 -14 -9 -14 -9 -13 -8 -13 -7 -11 -7 -11 -6 -11 -6 -11 -6 -11 -5 -11 -5 -11 -3 -10 -3 -11 -2 -11 -1 0 0 -11 -1 -11 0 -11 0 -12 1 -12 1 -12 1 -13 1 -12 1 -13 1 -13 2 -13 2 -13 2 -13 3 -13 3 -13 2 -13 2 -13 2 -13 2 -13 2 -12 2 -12 2 -13 2 -12 2 -12 2 -11 2 -11 2 0 0 0 0 0 0 0 0 0 0 ],1687784608.817035
CSI_DATA,STA,08:3A:F2:A8:E0:C1,-40,11,1,6,1,1,1,1,0,0,0,-95,1,1,1,18087259,0,110,0,0,18.2759,384,[110 96 6 0 0 0 0 0 0 0 0 0 -2 25 -3 23 -4 23 -5 22 -5 21 -6 20 -6 20 -6 18 -6 18 -5 17 -6 16 -6 16 -5 15 -5 14 -4 13 -4 13 -4 12 -3 12 -3 11 -2 11 -1 10 -1 10 0 10 1 11 1 10 1 10 0 0 2 10 3 10 4 10 4 10 5 10 5 10 5 10 6 11 5 10 5 10 6 11 6 11 6 11 6 10 6 11 6 10 7 11 6 10 6 10 6 10 6 10 5 10 5 10 6 9 5 9 5 9 0 0 0 0 0 0 0 0 0 0 ],1687784608.8258371
CSI_DATA,STA,08:3A:F2:A8:E0:C1,-39,11,1,5,1,1,1,1,0,0,0,-95,1,1,1,18097158,0,110,0,0,18.2859,384,[110 96 6 0 0 0 0 0 0 0 0 0 -18 -19 -16 -19 -16 -19 -15 -19 -13 -18 -12 -18 -11 -17 -10 -17 -9 -17 -9 -16 -8 -16 -9 -16 -9 -15 -8 -15 -8 -14 -7 -13 -7 -11 -7 -11 -7 -10 -7 -10 -8 -9 -8 -9 -8 -8 -9 -8 -9 -7 -9 -6 0 0 -10 -6 -10 -6 -11 -5 -11 -5 -11 -5 -11 -5 -12 -5 -12 -5 -12 -5 -13 -4 -13 -4 -13 -4 -13 -4 -13 -4 -13 -5 -13 -4 -13 -5 -12 -4 -12 -4 -12 -4 -12 -5 -12 -4 -12 -4 -11 -4 -11 -4 -11 -4 0 0 0 0 0 0 0 0 0 0 ],1687784608.837056
CSI_DATA,STA,08:3A:F2:A8:E0:C1,-38,11,1,4,1,1,1,1,0,0,0,-95,1,1,1,18108494,0,110,0,0,18.2972,384,[110 96 6 0 0 0 0 0 0 0 0 0 22 -4 21 -3 21 -2 21 -1 20 -1 18 0 18 1 16 1 16 2 15 1 15 2 15 1 14 2 14 2 13 2 13 1 12 0 11 0 11 0 10 -1 10 -1 10 -1 9 -2 9 -3 9 -3 9 -4 0 0 9 -5 8 -5 9 -6 8 -6 9 -6 9 -7 9 -7 9 -7 9 -7 8 -7 8 -8 9 -7 9 -8 9 -8 9 -7 8 -8 9 -8 8 -8 8 -8 8 -8 8 -7 8 -7 8 -7 8 -8 7 -7 7 -7 0 0 0 0 0 0 0 0 0 0 ],1687784608.846905
CSI_DATA,STA,08:3A:F2:A8:E0:C1,-38,11,1,4,1,1,1,1,0,0,0,-95,1,1,1,18118704,0,110,0,0,18.3075,384,[110 96 6 0 0 0 0 0 0 0 0 0 -16 -21 -14 -20 -15 -21 -14 -20 -13 -20 -10 -18 -10 -19 -9 -18 -8 -18 -8 -18 -8 -17 -7 -17 -8 -16 -7 -15 -6 -14 -7 -14 -6 -12 -6 -12 -7 -11 -7 -11 -7 -10 -7 -10 -7 -9 -8 -8 -9 -8 -9 -7 0 0 -10 -7 -10 -6 -11 -6 -11 -6 -11 -6 -12 -6 -12 -7 -12 -6 -12 -6 -13 -6 -13 -5 -13 -6 -13 -5 -13 -5 -13 -6 -13 -5 -14 -6 -12 -5 -12 -5 -12 -5 -12 -6 -12 -5 -12 -6 -12 -4 -11 -5 -11 -4 0 0 0 0 0 0 0 0 0 0 ],1687784608.857758
CSI_DATA,STA,08:3A:F2:A8:E0:C1,-40,11,1,6,1,1,1,1,0,0,0,-95,1,1,1,18127625,0,110,0,0,18.3163,384,[110 96 6 0 0 0 0 0 0 0 0 0 8 -22 8 -21 8 -20 9 -19 9 -18 9 -17 9 -16 9 -15 9 -14 9 -14 9 -14 8 -13 7 -13 7 -12 7 -11 6 -11 6 -11 5 -11 4 -10 4 -10 3 -10 3 -10 2 -9 1 -10 1 -10 1 -10 0 0 0 -10 -1 -10 -2 -11 -2 -10 -2 -11 -2 -11 -3 -11 -3 -12 -3 -12 -3 -11 -4 -11 -3 -12 -4 -12 -4 -12 -4 -12 -4 -12 -4 -12 -4 -12 -3 -11 -4 -11 -3 -11 -3 -11 -3 -10 -4 -11 -3 -10 -3 -10 0 0 0 0 0 0 0 0 0 0 ],1687784608.86562
CSI_DATA,STA,08:3A:F2:A8:E0:C1,-39,11,1,5,1,1,1,1,0,0,0,-95,1,1,1,18144139,0,110,0,0,18.3332,384,[110 96 6 0 0 0 0 0 0 0 0 0 -20 -16 -19 -16 -18 -16 -18 -17 -16 -16 -14 -16 -14 -16 -13 -16 -12 -15 -12 -14 -11 -14 -11 -14 -11 -13 -11 -12 -10 -12 -10 -11 -9 -10 -9 -10 -10 -9 -9 -9 -9 -8 -9 -7 -9 -6 -10 -6 -10 -6 -10 -5 0 0 -11 -4 -11 -4 -11 -3 -11 -3 -12 -3 -12 -2 -13 -3 -13 -2 -13 -2 -13 -1 -13 -1 -13 -2 -14 -1 -14 -1 -13 -2 -13 -1 -13 -1 -13 -1 -13 -1 -13 -1 -12 -1 -13 -2 -12 -1 -12 -1 -12 -1 -12 -1 0 0 0 0 0 0 0 0 0 0 ],1687784608.883712
CSI_DATA,STA,08:3A:F2:A8:E0:C1,-39,11,1,5,1,1,1,1,0,0,0,-95,1,1,1,18154241,0,110,0,0,18.3432,384,[110 96 6 0 0 0 0 0 0 0 0 0 13 21 11 20 11 21 10 19 10 20 7 18 7 18 5 18 5 17 5 17 5 16 4 16 5 15 4 14 4 13 5 13 4 11 4 11 5 10 5 10 5 9 5 9 6 8 6 8 7 7 7 7 0 0 7 6 9 6 9 5 10 5 10 5 10 5 10 5 11 5 11 5 11 5 11 5 11 5 12 5 11 4 12 5 11 4 12 5 11 4 11 5 11 4 11 5 10 4 11 4 10 4 10 4 9 4 0 0 0 0 0 0 0 0 0 0 ],1687784608.8927438
CSI_DATA,STA,08:3A:F2:A8:E0:C1,-40,11,1,6,1,1,1,1,0,0,0,-95,1,1,1,18160973,0,110,0,0,18.3496,384,[110 96 6 0 0 0 0 0 0 0 0 0 9 -22 9 -20 9 -20 9 -19 10 -18 10 -17 10 -16 10 -15 9 -15 9 -14 9 -14 9 -13 8 -12 7 -11 7 -11 7 -11 6 -10 6 -11 4 -10 5 -10 4 -10 3 -10 3 -10 2 -10 2 -10 1 -10 0 0 0 -10 -1 -10 -1 -10 -1 -11 -2 -11 -2 -12 -2 -11 -2 -12 -2 -12 -3 -12 -3 -12 -3 -12 -3 -12 -3 -12 -4 -12 -4 -12 -3 -12 -4 -12 -3 -12 -3 -11 -3 -11 -3 -11 -3 -11 -4 -11 -3 -11 -3 -10 0 0 0 0 0 0 0 0 0 0 ],1687784608.899476
CSI_DATA,STA,08:3A:F2:A8:E0:C1,-40,11,1,6,1,1,1,1,0,0,0,-95,1,1,1,18169249,0,110,0,0,18.3579,384,[110 96 6 0 0 0 0 0 0 0 0 0 2 -23 4 -22 3 -21 4 -21 4 -20 5 -19 6 -18 6 -17 6 -17 5 -16 6 -15 5 -15 4 -14 4 -14 4 -13 4 -12 4 -12 3 -11 2 -11 2 -11 1 -10 1 -10 0 -10 -1 -10 -1 -10 -1 -10 0 0 -2 -10 -3 -10 -3 -10 -4 -10 -4 -10 -4 -11 -4 -11 -5 -11 -5 -11 -5 -11 -6 -11 -6 -11 -6 -11 -6 -11 -5 -11 -6 -11 -5 -11 -6 -11 -5 -11 -5 -10 -5 -10 -5 -10 -5 -10 -5 -10 -5 -10 -5 -10 0 0 0 0 0 0 0 0 0 0 ],1687784608.907488
CSI_DATA,STA,08:3A:F2:A8:E0:C1,-40,11,1,6,1,1,1,1,0,0,0,-95,1,1,1,18176089,0,110,0,0,18.3647,384,[110 96 6 0 0 0 0 0 0 0 0 0 -24 10 -23 9 -23 8 -22 7 -22 6 -21 5 -21 4 -19 4 -19 3 -18 3 -18 3 -17 3 -16 2 -15 3 -15 2 -14 3 -13 3 -13 4 -12 3 -12 3 -11 3 -11 4 -10 5 -9 5 -9 6 -9 7 0 0 -9 7 -8 8 -7 8 -8 9 -8 9 -7 9 -8 10 -8 10 -7 10 -7 10 -7 10 -7 11 -7 11 -7 11 -7 11 -7 11 -7 11 -7 11 -7 10 -7 10 -7 10 -7 10 -7 10 -6 10 -6 9 -6 9 0 0 0 0 0 0 0 0 0 0 ],1687784608.914666
CSI_DATA,STA,08:3A:F2:A8:E0:C1,-38,11,1,4,1,1,1,1,0,0,0,-95,2,1,1,18205406,0,110,0,0,18.3942,384,[110 96 6 0 0 0 0 0 0 0 0 0 -14 -21 -13 -22 -13 -21 -12 -22 -10 -20 -9 -20 -8 -20 -7 -19 -7 -18 -6 -17 -6 -18 -6 -17 -6 -16 -6 -15 -5 -14 -6 -14 -5 -13 -5 -12 -6 -11 -6 -11 -6 -11 -6 -10 -6 -9 -8 -9 -8 -9 -8 -8 0 0 -9 -8 -10 -7 -10 -7 -10 -6 -11 -7 -11 -7 -12 -7 -12 -7 -12 -7 -12 -6 -13 -6 -12 -6 -12 -6 -13 -6 -12 -6 -13 -6 -12 -7 -12 -6 -11 -6 -12 -6 -11 -6 -12 -6 -11 -6 -11 -5 -11 -6 -10 -5 0 0 0 0 0 0 0 0 0 0 ],1687784608.94485
CSI_DATA,STA,08:3A:F2:A8:E0:C1,-40,11,1,6,1,1,1,1,0,0,0,-95,1,1,1,18213412,0,110,0,0,18.4022,384,[110 96 6 0 0 0 0 0 0 0 0 0 -15 20 -14 19 -15 18 -15 17 -16 16 -15 14 -14 14 -14 13 -14 13 -14 12 -14 12 -13 10 -12 10 -12 9 -11 9 -11 10 -10 9 -9 9 -8 9 -8 8 -7 8 -6 9 -6 9 -5 8 -5 9 -4 9 0 0 -4 10 -3 10 -2 10 -2 11 -2 11 -1 11 -2 12 -1 12 -1 12 -1 12 -1 12 -1 13 -1 13 -1 13 -1 12 -1 12 -1 13 -1 12 -1 12 -1 12 -1 12 -1 12 -1 11 -1 11 -1 11 0 10 0 0 0 0 0 0 0 0 0 0 ],1687784608.9520261
CSI_DATA,STA,08:3A:F2:A8:E0:C1,-40,11,1,6,1,1,1,1,0,0,0,-95,1,1,1,18220413,0,110,0,0,18.4091,384,[110 96 6 0 0 0 0 0 0 0 0 0 13 -19 13 -18 13 -18 13 -16 13 -15 13 -14 13 -13 13 -12 13 -12 12 -11 12 -11 11 -10 10 -10 10 -9 10 -9 9 -9 8 -9 8 -9 7 -8 7 -9 6 -8 5 -8 5 -9 4 -9 4 -9 3 -10 0 0 3 -10 1 -10 1 -10 1 -11 1 -11 1 -11 1 -11 0 -12 1 -12 0 -12 0 -12 0 -12 0 -12 0 -12 0 -12 0 -12 0 -12 0 -12 0 -12 0 -11 0 -12 0 -11 0 -11 -1 -11 0 -11 -1 -10 0 0 0 0 0 0 0 0 0 0 ],1687784608.9585102
CSI_DATA,STA,08:3A:F2:A8:E0:C1,-40,11,1,6,1,1,1,1,0,0,0,-95,1,1,1,18228722,0,110,0,0,18.4173,384,[110 96 6 0 0 0 0 0 0 0 0 0 0 -26 1 -26 1 -24 2 -23 2 -22 3 -21 4 -21 4 -20 4 -20 4 -18 4 -18 4 -17 3 -16 2 -16 3 -15 2 -14 2 -14 1 -13 0 -13 0 -12 0 -12 -1 -11 -1 -11 -3 -11 -3 -11 -3 -10 0 0 -5 -11 -5 -11 -6 -10 -6 -10 -7 -11 -7 -11 -7 -11 -7 -11 -8 -11 -8 -11 -9 -10 -9 -11 -9 -11 -9 -11 -9 -11 -9 -10 -9 -11 -9 -11 -8 -11 -8 -10 -8 -11 -8 -10 -8 -10 -8 -9 -8 -10 -8 -9 0 0 0 0 0 0 0 0 0 0 ],1687784608.966975
CSI_DATA,STA,08:3A:F2:A8:E0:C1,-40,11,1,6,1,1,1,1,0,0,0,-95,1,1,1,18235821,0,110,0,0,18.4246,384,[110 96 6 0 0 0 0 0 0 0 0 0 -12 22 -13 21 -12 20 -13 19 -13 17 -13 17 -14 15 -13 14 -13 14 -13 13 -12 13 -12 12 -11 11 -11 11 -10 10 -10 11 -9 10 -8 10 -7 10 -7 9 -6 9 -5 10 -5 9 -4 10 -4 10 -3 10 0 0 -2 10 -2 10 -1 11 -1 11 0 11 0 11 0 12 0 12 0 12 0 12 1 12 1 13 1 13 1 13 1 12 1 13 1 12 1 12 1 12 1 12 1 12 1 12 1 11 1 11 1 11 1 11 0 0 0 0 0 0 0 0 0 0 ],1687784608.973993
CSI_DATA,STA,08:3A:F2:A8:E0:C1,-39,11,1,5,1,1,1,1,0,0,0,-95,1,1,1,18247275,0,110,0,0,18.4362,384,[110 96 6 0 0 0 0 0 0 0 0 0 10 22 9 21 9 21 7 21 7 20 6 19 4 19 3 18 3 18 3 17 3 17 3 16 3 15 3 14 3 13 3 13 3 12 3 11 4 11 4 11 3 10 4 9 4 9 5 8 6 8 6 7 0 0 6 7 8 7 8 6 8 6 9 7 9 7 9 7 10 6 10 6 10 6 10 6 10 7 10 6 10 6 11 6 10 6 11 6 11 5 10 6 10 6 9 6 9 6 10 6 9 5 9 5 9 5 0 0 0 0 0 0 0 0 0 0 ],1687784608.9857228
CSI_DATA,STA,08:3A:F2:A8:E0:C1,-40,11,1,6,1,1,1,1,0,0,0,-95,1,1,1,18256193,0,110,0,0,18.4449,384,[110 96 6 0 0 0 0 0 0 0 0 0 11 20 9 19 10 19 8 18 8 18 7 17 6 17 5 16 5 16 5 15 4 15 4 14 4 14 4 13 4 12 4 12 3 11 4 10 4 9 5 9 5 8 5 8 5 7 6 7 6 7 6 6 0 0 7 5 8 5 8 5 8 5 9 5 9 5 9 5 10 4 10 4 10 4 10 4 11 4 10 4 10 4 11 4 10 4 11 4 10 4 10 4 10 3 10 4 10 4 10 4 10 3 9 4 9 3 0 0 0 0 0 0 0 0 0 0 ],1687784608.9948092
CSI_DATA,STA,08:3A:F2:A8:E0:C1,-40,11,1,6,1,1,1,1,0,0,0,-95,1,1,1,18269096,0,110,0,0,18.4578,384,[110 96 6 0 0 0 0 0 0 0 0 0 -21 10 -21 8 -20 7 -21 7 -19 6 -19 5 -18 4 -18 4 -17 3 -16 3 -16 3 -15 3 -15 2 -14 2 -14 2 -13 3 -12 2 -11 3 -11 3 -10 3 -10 3 -10 4 -9 4 -8 5 -9 5 -8 6 0 0 -8 7 -7 7 -7 7 -7 8 -7 8 -7 8 -7 8 -7 9 -7 9 -6 9 -6 9 -7 10 -7 10 -7 10 -7 9 -7 9 -6 10 -6 9 -6 9 -6 9 -7 9 -7 9 -6 9 -6 9 -6 8 -6 8 0 0 0 0 0 0 0 0 0 0 ],1687784609.0077598
CSI_DATA,STA,08:3A:F2:A8:E0:C1,-40,11,1,6,1,1,1,1,0,0,0,-95,1,1,1,18275978,0,110,0,0,18.4646,384,[110 96 6 0 0 0 0 0 0 0 0 0 -20 13 -19 12 -19 11 -19 10 -18 9 -17 8 -17 7 -17 7 -17 6 -16 6 -15 5 -15 5 -14 5 -13 5 -13 5 -12 5 -12 4 -11 5 -10 5 -10 4 -9 5 -9 5 -8 6 -7 6 -8 6 -7 7 0 0 -6 8 -6 8 -6 8 -5 9 -5 9 -5 9 -5 10 -5 10 -5 10 -5 10 -5 10 -5 11 -5 11 -5 11 -5 10 -5 11 -5 11 -4 10 -5 10 -5 10 -5 10 -5 10 -4 10 -4 9 -4 9 -4 9 0 0 0 0 0 0 0 0 0 0 ],1687784609.013949
CSI_DATA,STA,08:3A:F2:A8:E0:C1,-39,11,1,5,1,1,1,1,0,0,0,-95,1,1,1,18287063,0,110,0,0,18.4758,384,[110 96 6 0 0 0 0 0 0 0 0 0 -9 23 -10 22 -9 21 -10 21 -11 19 -11 18 -11 17 -11 16 -11 15 -10 14 -10 15 -10 13 -9 13 -9 13 -9 12 -8 11 -7 11 -6 10 -5 10 -6 10 -5 10 -4 10 -4 9 -2 10 -2 10 -2 10 0 0 0 11 0 10 1 11 1 10 1 11 2 11 1 12 2 12 2 12 3 11 3 12 3 12 3 12 3 13 3 12 3 12 3 12 3 12 2 11 3 11 2 11 2 12 2 11 3 10 3 11 3 10 0 0 0 0 0 0 0 0 0 0 ],1687784609.02558
CSI_DATA,STA,08:3A:F2:A8:E0:C1,-38,11,1,4,1,1,1,1,0,0,0,-95,1,1,1,18300332,0,110,0,0,18.4891,384,[110 96 6 0 0 0 0 0 0 0 0 0 -8 -25 -6 -24 -7 -24 -6 -23 -5 -23 -3 -21 -2 -21 -1 -20 -1 -20 -1 -19 -1 -19 -1 -18 -2 -17 -2 -17 -1 -15 -2 -16 -1 -13 -2 -14 -3 -12 -3 -13 -3 -12 -4 -12 -4 -11 -5 -11 -5 -11 -6 -10 0 0 -6 -10 -8 -10 -8 -9 -9 -9 -8 -9 -9 -10 -9 -10 -9 -10 -10 -10 -10 -9 -11 -9 -10 -9 -11 -9 -10 -9 -11 -10 -10 -8 -11 -10 -10 -9 -10 -9 -10 -8 -9 -9 -10 -9 -10 -9 -10 -8 -9 -9 -9 -7 0 0 0 0 0 0 0 0 0 0 ],1687784609.038986
CSI_DATA,STA,08:3A:F2:A8:E0:C1,-40,11,1,6,1,1,1,1,0,0,0,-95,1,1,1,18307424,0,110,0,0,18.496,384,[110 96 6 0 0 0 0 0 0 0 0 0 24 4 24 5 22 5 22 6 21 6 20 7 18 7 17 7 17 7 16 7 16 6 15 6 14 6 14 5 14 5 12 4 12 4 11 3 12 3 11 3 11 3 11 2 10 1 10 -1 10 -1 10 -2 0 0 10 -3 10 -2 11 -4 10 -4 11 -4 11 -4 12 -5 11 -5 11 -5 11 -6 11 -6 11 -6 11 -6 12 -6 11 -6 11 -6 11 -6 11 -6 11 -5 11 -6 11 -5 11 -5 10 -5 10 -6 10 -5 9 -6 0 0 0 0 0 0 0 0 0 0 ],1687784609.045587
CSI_DATA,STA,08:3A:F2:A8:E0:C1,-38,11,1,4,1,1,1,1,0,0,0,-95,1,1,1,18318524,0,110,0,0,18.5073,384,[110 96 6 0 0 0 0 0 0 0 0 0 18 17 17 17 17 16 16 17 15 16 13 16 12 16 11 15 10 16 10 15 10 15 9 14 9 13 9 13 8 12 8 12 8 11 7 10 8 9 8 8 8 8 8 8 8 6 9 6 9 6 9 5 0 0 10 4 10 4 11 3 11 2 11 3 12 3 12 3 12 3 12 2 12 1 12 1 13 2 13 2 13 2 13 2 13 2 13 2 12 1 12 2 12 1 12 2 11 2 12 1 11 1 11 2 10 1 0 0 0 0 0 0 0 0 0 0 ],1687784609.056332
CSI_DATA,STA,08:3A:F2:A8:E0:C1,-39,11,1,5,1,1,1,1,0,0,0,-95,1,1,1,18327139,0,110,0,0,18.5159,384,[110 96 6 0 0 0 0 0 0 0 0 0 24 -3 23 -2 23 -2 23 0 21 0 20 0 19 1 19 1 18 2 17 1 16 1 16 1 15 2 15 1 14 1 14 0 13 1 12 0 11 0 11 -1 10 -1 11 -2 10 -3 10 -3 9 -4 9 -5 0 0 10 -5 8 -6 9 -6 9 -7 8 -7 9 -8 10 -8 9 -8 9 -8 9 -9 9 -9 9 -9 9 -10 9 -9 9 -9 9 -9 9 -9 9 -9 9 -9 8 -9 9 -8 9 -8 8 -8 7 -8 8 -8 7 -8 0 0 0 0 0 0 0 0 0 0 ],1687784609.065362
CSI_DATA,STA,08:3A:F2:A8:E0:C1,-40,11,1,6,1,1,1,1,0,0,0,-95,1,1,1,18335889,0,110,0,0,18.5247,384,[110 96 6 0 0 0 0 0 0 0 0 0 16 16 14 16 14 15 13 16 12 15 10 15 10 15 9 14 9 14 9 14 8 13 7 13 7 12 7 11 7 11 7 10 6 9 6 9 7 8 7 8 7 7 7 6 7 6 7 5 7 5 8 4 0 0 8 3 9 3 9 3 10 3 10 3 10 2 10 2 10 1 11 2 11 1 11 1 11 1 11 1 11 1 11 1 11 1 11 1 11 1 11 1 11 1 11 1 10 1 10 1 10 1 10 1 9 1 0 0 0 0 0 0 0 0 0 0 ],1687784609.0743098
CSI_DATA,STA,08:3A:F2:A8:E0:C1,-40,11,1,6,1,1,1,1,0,0,0,-95,1,1,1,18346049,0,110,0,0,18.5349,384,[110 96 6 0 0 0 0 0 0 0 0 0 -23 -2 -21 -3 -22 -3 -21 -4 -21 -4 -19 -5 -19 -5 -18 -5 -17 -5 -16 -5 -16 -5 -15 -5 -14 -5 -14 -5 -13 -5 -13 -4 -12 -3 -12 -3 -11 -3 -11 -2 -11 -2 -10 -1 -11 -1 -10 0 -10 0 -10 1 0 0 -10 2 -10 3 -10 3 -10 3 -10 4 -10 4 -11 4 -11 4 -10 5 -11 5 -11 5 -11 5 -11 5 -11 5 -11 5 -11 5 -11 5 -11 5 -10 5 -10 5 -10 4 -10 5 -10 5 -10 4 -10 4 -9 4 0 0 0 0 0 0 0 0 0 0 ],1687784609.0856152
CSI_DATA,STA,08:3A:F2:A8:E0:C1,-40,11,1,6,1,1,1,1,0,0,0,-95,1,1,1,18359018,0,110,0,0,18.5478,384,[110 96 6 0 0 0 0 0 0 0 0 0 1 -25 2 -25 2 -24 3 -23 4 -22 4 -21 5 -20 5 -19 5 -19 5 -18 4 -18 5 -16 3 -16 3 -15 4 -14 3 -14 3 -13 2 -13 1 -12 1 -12 1 -11 0 -11 0 -11 -2 -11 -2 -11 -2 -11 0 0 -3 -11 -4 -11 -4 -10 -5 -11 -5 -11 -6 -11 -6 -11 -6 -11 -6 -12 -7 -11 -7 -11 -7 -12 -7 -12 -7 -12 -7 -11 -7 -11 -7 -12 -7 -11 -7 -11 -7 -12 -6 -11 -7 -11 -6 -11 -7 -10 -6 -11 -7 -10 0 0 0 0 0 0 0 0 0 0 ],1687784609.097729
CSI_DATA,STA,08:3A:F2:A8:E0:C1,-39,11,1,5,1,1,1,1,0,0,0,-95,1,1,1,18371945,0,110,0,0,18.5606,384,[110 96 6 0 0 0 0 0 0 0 0 0 -1 -29 0 -27 -1 -27 1 -26 2 -25 2 -23 4 -23 4 -21 4 -21 3 -20 4 -20 4 -19 3 -18 2 -17 3 -16 2 -16 2 -15 1 -15 0 -13 0 -13 0 -13 -1 -13 -2 -12 -3 -12 -3 -12 -3 -12 0 0 -4 -12 -5 -12 -6 -11 -6 -11 -6 -12 -7 -12 -7 -13 -7 -13 -8 -12 -8 -12 -8 -12 -9 -13 -8 -13 -8 -12 -8 -13 -9 -12 -9 -13 -8 -12 -8 -12 -8 -12 -8 -12 -8 -12 -7 -12 -8 -11 -7 -11 -7 -11 0 0 0 0 0 0 0 0 0 0 ],1687784609.110681
CSI_DATA,STA,08:3A:F2:A8:E0:C1,-40,11,1,6,1,1,1,1,0,0,0,-95,1,1,1,18378701,0,110,0,0,18.5673,384,[110 96 6 0 0 0 0 0 0 0 0 0 2 -26 3 -25 3 -23 4 -23 4 -22 5 -21 5 -21 5 -19 5 -19 5 -18 5 -17 5 -17 4 -16 4 -15 4 -15 3 -14 3 -13 3 -13 1 -13 1 -12 1 -12 0 -12 0 -11 -1 -11 -2 -11 -2 -11 0 0 -3 -11 -4 -11 -5 -11 -5 -11 -6 -11 -6 -12 -6 -12 -6 -12 -6 -12 -7 -11 -7 -12 -7 -12 -7 -12 -7 -12 -7 -12 -7 -12 -7 -12 -8 -12 -7 -11 -7 -11 -7 -11 -7 -11 -7 -11 -7 -10 -6 -11 -6 -10 0 0 0 0 0 0 0 0 0 0 ],1687784609.117137
CSI_DATA,STA,08:3A:F2:A8:E0:C1,-40,11,1,6,1,1,1,1,0,0,0,-95,1,1,1,18385746,0,110,0,0,18.5744,384,[110 96 6 0 0 0 0 0 0 0 0 0 -19 -14 -18 -15 -17 -14 -17 -15 -15 -14 -14 -15 -12 -14 -12 -14 -11 -14 -12 -13 -10 -12 -10 -12 -10 -12 -10 -11 -9 -11 -9 -10 -8 -9 -8 -8 -9 -8 -8 -7 -9 -7 -9 -7 -8 -6 -9 -5 -9 -5 -10 -4 0 0 -10 -3 -10 -3 -10 -3 -10 -2 -11 -2 -11 -2 -12 -2 -12 -2 -12 -2 -12 -1 -12 -1 -12 -1 -13 -1 -13 -1 -12 -1 -12 -1 -12 -1 -12 -1 -12 -1 -12 -1 -12 -1 -12 -1 -11 -1 -11 0 -11 -1 -11 -1 0 0 0 0 0 0 0 0 0 0 ],1687784609.124748
CSI_DATA,STA,08:3A:F2:A8:E0:C1,-38,11,1,4,1,1,1,1,0,0,0,-95,1,1,1,18398994,0,110,0,0,18.5877,384,[110 96 6 0 0 0 0 0 0 0 0 0 -14 18 -14 17 -13 17 -14 16 -14 14 -14 13 -14 12 -13 11 -13 11 -13 10 -13 10 -12 10 -11 9 -11 9 -10 8 -10 10 -9 8 -8 8 -8 8 -7 7 -7 7 -6 8 -6 8 -5 8 -4 9 -4 9 0 0 -3 9 -2 10 -1 10 -1 10 -2 10 -1 11 -1 11 -1 11 0 11 0 11 0 11 0 11 0 11 0 11 0 11 1 11 0 12 1 11 0 11 1 10 0 11 0 10 0 10 1 10 0 10 1 9 0 0 0 0 0 0 0 0 0 0 ],1687784609.138203
CSI_DATA,STA,08:3A:F2:A8:E0:C1,-40,11,1,6,1,1,1,1,0,0,0,-95,1,1,1,18405896,0,110,0,0,18.5945,384,[110 96 6 0 0 0 0 0 0 0 0 0 19 11 18 12 17 12 16 12 16 12 14 12 13 13 12 12 12 11 11 12 10 11 10 11 10 10 10 10 9 9 9 8 8 7 8 7 9 6 8 6 8 6 8 5 8 4 8 3 9 3 8 2 0 0 9 2 9 1 9 1 10 0 10 0 10 0 11 1 10 0 11 -1 11 -1 11 -1 11 -1 11 -1 11 -1 11 -1 11 -2 11 -1 11 -1 11 -1 11 -1 11 0 10 -1 10 -1 10 -2 10 -1 9 -1 0 0 0 0 0 0 0 0 0 0 ],1687784609.143667
CSI_DATA,STA,08:3A:F2:A8:E0:C1,-40,11,1,6,1,1,1,1,0,0,0,-95,1,1,1,18415929,0,110,0,0,18.6047,384,[110 96 6 0 0 0 0 0 0 0 0 0 -21 9 -21 8 -21 7 -21 6 -19 6 -19 5 -18 5 -18 4 -17 4 -17 3 -16 2 -16 2 -15 2 -14 2 -14 2 -13 3 -12 2 -12 3 -11 3 -10 3 -10 3 -9 4 -9 4 -9 4 -8 5 -8 6 0 0 -8 7 -7 7 -7 7 -7 8 -7 8 -6 8 -6 9 -6 9 -6 9 -6 9 -7 9 -7 10 -7 10 -6 10 -6 10 -6 9 -6 10 -6 9 -6 10 -6 9 -6 9 -6 9 -6 9 -5 8 -6 8 -5 8 0 0 0 0 0 0 0 0 0 0 ],1687784609.154832
CSI_DATA,STA,08:3A:F2:A8:E0:C1,-40,11,1,6,1,1,1,1,0,0,0,-95,1,1,1,18425751,0,110,0,0,18.6145,384,[110 96 6 0 0 0 0 0 0 0 0 0 -18 -19 -17 -19 -16 -19 -15 -19 -14 -18 -12 -18 -11 -18 -11 -17 -10 -17 -9 -16 -9 -16 -8 -16 -9 -15 -9 -14 -8 -13 -8 -12 -8 -11 -8 -11 -8 -11 -8 -10 -8 -9 -8 -9 -8 -8 -9 -7 -9 -7 -9 -7 0 0 -10 -6 -11 -6 -11 -5 -12 -5 -12 -5 -12 -4 -13 -5 -13 -4 -13 -4 -13 -4 -13 -4 -13 -4 -13 -4 -13 -4 -13 -4 -13 -4 -13 -4 -13 -4 -13 -4 -13 -4 -12 -4 -12 -4 -12 -4 -12 -4 -11 -4 -11 -4 0 0 0 0 0 0 0 0 0 0 ],1687784609.164808
CSI_DATA,STA,08:3A:F2:A8:E0:C1,-40,11,1,6,1,1,1,1,0,0,0,-95,1,1,1,18438530,0,110,0,0,18.6273,384,[110 96 6 0 0 0 0 0 0 0 0 0 20 15 18 15 19 14 17 15 17 14 14 14 13 15 12 14 12 14 11 14 11 13 10 13 10 12 10 11 10 11 9 10 8 9 8 8 9 7 9 7 9 7 9 6 8 5 9 5 9 4 9 4 0 0 10 3 10 2 11 2 11 1 11 1 11 1 12 1 12 0 12 1 12 0 12 0 13 0 13 0 13 0 13 0 12 0 13 0 12 0 12 0 12 0 12 1 12 0 12 0 11 0 11 0 11 0 0 0 0 0 0 0 0 0 0 0 ],1687784609.1766982
CSI_DATA,STA,08:3A:F2:A8:E0:C1,-39,11,1,5,1,1,1,1,0,0,0,-95,1,1,1,18447932,0,110,0,0,18.6368,384,[110 96 6 0 0 0 0 0 0 0 0 0 14 -18 14 -17 14 -16 14 -15 14 -14 14 -13 13 -12 13 -11 13 -11 13 -10 12 -10 12 -10 11 -9 11 -9 10 -8 9 -9 9 -8 8 -8 7 -8 7 -8 6 -8 6 -8 5 -8 4 -8 5 -9 4 -9 0 0 3 -10 3 -10 2 -10 2 -10 2 -10 2 -11 2 -11 1 -11 1 -12 1 -12 1 -12 1 -12 1 -12 1 -12 1 -12 0 -12 1 -12 0 -12 1 -11 0 -11 1 -11 1 -11 1 -11 0 -11 1 -11 0 -10 0 0 0 0 0 0 0 0 0 0 ],1687784609.18655
CSI_DATA,STA,08:3A:F2:A8:E0:C1,-38,11,1,4,1,1,1,1,0,0,0,-95,1,1,1,18458887,0,110,0,0,18.6477,384,[110 96 6 0 0 0 0 0 0 0 0 0 -5 -23 -4 -22 -4 -22 -3 -22 -2 -21 -1 -19 -1 -19 0 -18 0 -18 1 -16 1 -17 1 -16 1 -15 1 -15 1 -14 -1 -14 0 -12 -1 -12 -1 -11 -2 -11 -2 -10 -2 -11 -2 -10 -3 -10 -4 -10 -4 -10 0 0 -5 -9 -6 -9 -7 -9 -7 -9 -7 -9 -8 -9 -8 -10 -8 -9 -8 -9 -8 -9 -9 -9 -8 -10 -9 -9 -9 -9 -8 -9 -9 -9 -9 -10 -8 -9 -8 -8 -8 -8 -8 -9 -8 -9 -8 -9 -8 -8 -7 -8 -7 -8 0 0 0 0 0 0 0 0 0 0 ],1687784609.19819
CSI_DATA,STA,08:3A:F2:A8:E0:C1,-38,11,1,3,1,1,1,1,0,0,0,-95,1,1,1,18471269,0,110,0,0,18.6599,384,[110 96 6 0 0 0 0 0 0 0 0 0 0 -26 1 -26 1 -24 2 -25 3 -22 4 -22 4 -21 4 -20 5 -20 4 -18 5 -18 4 -17 4 -17 4 -16 4 -15 3 -15 3 -14 2 -13 1 -13 1 -12 1 -12 0 -12 0 -11 -2 -11 -2 -12 -2 -12 0 0 -4 -12 -4 -11 -5 -12 -5 -11 -5 -12 -6 -12 -6 -13 -6 -12 -6 -13 -7 -11 -7 -12 -7 -12 -7 -12 -7 -13 -6 -12 -7 -13 -7 -13 -7 -12 -7 -12 -7 -12 -6 -12 -6 -12 -5 -11 -6 -11 -6 -11 -6 -11 0 0 0 0 0 0 0 0 0 0 ],1687784609.20957
CSI_DATA,STA,08:3A:F2:A8:E0:C1,-39,11,1,5,1,1,1,1,0,0,0,-95,1,1,1,18481037,0,110,0,0,18.6697,384,[110 96 6 0 0 0 0 0 0 0 0 0 -14 21 -14 19 -14 18 -14 18 -14 16 -14 15 -14 14 -14 13 -14 13 -13 12 -13 12 -13 11 -12 10 -11 11 -11 10 -10 10 -9 9 -8 9 -7 9 -7 9 -6 9 -6 9 -5 9 -5 9 -4 9 -3 10 0 0 -3 10 -2 10 -1 10 -1 11 -1 11 0 12 0 12 0 12 0 12 0 12 0 12 0 13 0 13 1 13 0 12 1 12 1 12 1 12 1 12 1 12 0 12 0 12 0 11 1 11 1 11 1 10 0 0 0 0 0 0 0 0 0 0 ],1687784609.219958
CSI_DATA,STA,08:3A:F2:A8:E0:C1,-39,11,1,5,1,1,1,1,0,0,0,-95,1,1,1,18487580,0,110,0,0,18.6762,384,[110 96 6 0 0 0 0 0 0 0 0 0 16 18 15 18 15 18 13 18 13 18 11 17 10 17 9 17 8 16 8 15 8 15 7 15 7 14 7 14 7 13 7 12 6 11 6 11 6 9 6 9 6 9 7 8 7 7 8 7 8 7 8 6 0 0 8 6 9 5 10 5 10 4 10 4 10 4 11 4 11 4 11 4 12 4 12 3 12 4 12 4 12 4 12 4 11 3 12 4 12 3 12 4 11 4 11 4 11 4 11 4 10 3 10 4 10 3 0 0 0 0 0 0 0 0 0 0 ],1687784609.225603
CSI_DATA,STA,08:3A:F2:A8:E0:C1,-39,11,1,5,1,1,1,1,0,0,0,-95,1,1,1,18495734,0,110,0,0,18.6845,384,[110 96 6 0 0 0 0 0 0 0 0 0 -16 19 -16 19 -16 17 -17 17 -16 15 -16 14 -16 13 -15 12 -15 12 -14 11 -14 11 -14 11 -13 9 -12 10 -11 9 -11 9 -10 9 -9 8 -8 8 -8 8 -7 8 -7 8 -6 9 -5 9 -5 9 -4 10 0 0 -3 10 -2 10 -2 11 -2 11 -2 11 -1 12 -2 12 -1 12 -1 12 -1 12 0 12 -1 13 0 13 0 13 -1 12 0 13 0 12 0 13 0 12 0 12 0 12 -1 12 0 11 1 11 0 11 0 10 0 0 0 0 0 0 0 0 0 0 ],1687784609.2339919
CSI_DATA,STA,08:3A:F2:A8:E0:C1,-39,11,1,5,1,1,1,1,0,0,0,-95,1,1,1,18505642,0,110,0,0,18.6944,384,[110 96 6 0 0 0 0 0 0 0 0 0 13 18 11 18 11 17 10 18 9 17 8 17 7 16 6 16 6 15 6 15 5 14 5 14 5 13 5 13 5 12 5 11 4 10 4 10 5 9 5 9 5 8 6 8 5 7 6 7 7 7 7 6 0 0 7 5 8 5 8 5 9 4 9 4 9 4 10 4 10 4 10 4 10 3 10 3 10 4 11 3 11 4 10 3 11 3 11 3 11 3 10 4 10 3 10 3 10 4 10 3 9 3 9 3 9 2 0 0 0 0 0 0 0 0 0 0 ],1687784609.243728
CSI_DATA,STA,08:3A:F2:A8:E0:C1,-39,11,1,5,1,1,1,1,0,0,0,-95,1,1,1,18515637,0,110,0,0,18.7044,384,[110 96 6 0 0 0 0 0 0 0 0 0 -26 0 -25 -1 -24 -1 -24 -2 -23 -2 -22 -4 -21 -3 -19 -4 -19 -4 -18 -5 -18 -5 -17 -5 -16 -4 -16 -4 -15 -4 -15 -3 -13 -3 -13 -2 -13 -2 -12 -1 -12 -1 -12 -1 -11 0 -11 1 -11 1 -11 3 0 0 -11 3 -11 4 -11 4 -10 5 -11 5 -11 5 -12 6 -11 6 -11 6 -11 6 -12 7 -12 7 -12 7 -11 7 -11 6 -11 7 -11 7 -11 7 -11 6 -11 6 -11 6 -11 6 -10 6 -10 6 -10 5 -10 5 0 0 0 0 0 0 0 0 0 0 ],1687784609.254467
CSI_DATA,STA,08:3A:F2:A8:E0:C1,-39,11,1,5,1,1,1,1,0,0,0,-95,1,1,1,18525716,0,110,0,0,18.7144,384,[110 96 6 0 0 0 0 0 0 0 0 0 5 25 4 24 4 23 3 22 2 21 1 20 0 20 0 19 -1 19 0 18 -1 17 -1 17 -1 16 -1 15 0 14 -1 14 0 13 0 12 1 11 1 11 1 10 2 10 2 10 4 9 3 10 4 9 0 0 5 9 6 9 6 9 6 8 6 9 7 9 7 9 8 9 8 9 8 9 8 9 8 9 9 9 9 9 8 9 9 9 9 9 8 8 8 9 8 8 8 8 7 9 8 8 8 8 7 8 7 7 0 0 0 0 0 0 0 0 0 0 ],1687784609.263809
CSI_DATA,STA,08:3A:F2:A8:E0:C1,-39,11,1,5,1,1,1,1,0,0,0,-95,1,1,1,18535759,0,110,0,0,18.7245,384,[110 96 6 0 0 0 0 0 0 0 0 0 22 2 21 4 21 4 20 4 19 5 17 5 17 6 16 6 15 6 15 6 14 5 14 5 13 5 13 5 12 4 12 4 11 4 10 3 10 2 10 2 10 2 10 1 9 1 9 0 9 -1 9 -1 0 0 9 -2 9 -3 9 -3 9 -4 10 -4 10 -4 10 -4 10 -4 10 -5 10 -5 10 -6 10 -6 10 -6 10 -5 10 -5 10 -6 10 -6 10 -6 10 -5 9 -5 10 -5 10 -4 9 -5 9 -5 9 -5 8 -5 0 0 0 0 0 0 0 0 0 0 ],1687784609.273912
CSI_DATA,STA,08:3A:F2:A8:E0:C1,-39,11,1,5,1,1,1,1,0,0,0,-95,1,1,1,18548752,0,110,0,0,18.7377,384,[110 96 6 0 0 0 0 0 0 0 0 0 -9 23 -10 22 -10 21 -11 20 -11 19 -11 18 -11 16 -11 15 -11 15 -10 14 -10 14 -10 14 -9 12 -9 12 -8 11 -8 11 -8 10 -7 10 -6 10 -5 10 -5 9 -4 9 -4 9 -3 10 -3 10 -2 10 0 0 -1 10 0 10 0 10 0 10 0 11 1 11 1 11 1 11 1 12 2 12 2 12 2 12 2 12 2 12 2 12 2 12 2 12 2 12 2 11 2 11 1 11 1 11 1 11 2 10 1 11 1 10 0 0 0 0 0 0 0 0 0 0 ],1687784609.2874508
CSI_DATA,STA,08:3A:F2:A8:E0:C1,-39,11,1,5,1,1,1,1,0,0,0,-95,1,1,1,18555972,0,110,0,0,18.7446,384,[110 96 6 0 0 0 0 0 0 0 0 0 -21 13 -22 12 -21 11 -22 10 -20 9 -20 8 -20 7 -18 6 -18 6 -17 6 -17 6 -17 6 -16 5 -15 5 -14 5 -14 5 -13 5 -12 5 -11 5 -11 5 -10 5 -10 6 -9 6 -8 7 -8 7 -8 8 0 0 -7 8 -6 8 -6 9 -6 10 -6 10 -6 11 -6 11 -6 11 -5 11 -5 11 -5 12 -5 12 -5 12 -5 12 -5 12 -5 12 -5 12 -4 12 -4 11 -5 11 -5 11 -5 11 -5 10 -4 10 -4 10 -4 10 0 0 0 0 0 0 0 0 0 0 ],1687784609.293652
CSI_DATA,STA,08:3A:F2:A8:E0:C1,-39,11,1,5,1,1,1,1,0,0,0,-95,1,1,1,18565791,0,110,0,0,18.7546,384,[110 96 6 0 0 0 0 0 0 0 0 0 -23 1 -23 0 -22 0 -22 -2 -20 -2 -19 -3 -18 -3 -17 -4 -17 -4 -16 -4 -16 -4 -15 -4 -15 -4 -15 -4 -14 -4 -13 -2 -12 -2 -11 -2 -11 -2 -11 -1 -11 -1 -11 -1 -10 1 -10 1 -10 1 -10 2 0 0 -10 3 -9 3 -9 4 -9 5 -10 5 -10 5 -10 5 -10 5 -10 6 -10 6 -10 6 -10 6 -10 6 -10 7 -10 6 -10 6 -10 6 -10 6 -10 6 -9 6 -10 5 -10 5 -10 6 -9 6 -9 5 -9 5 0 0 0 0 0 0 0 0 0 0 ],1687784609.304545
CSI_DATA,STA,08:3A:F2:A8:E0:C1,-39,11,1,5,1,1,1,1,0,0,0,-95,1,1,1,18579040,0,110,0,0,18.7678,384,[110 96 6 0 0 0 0 0 0 0 0 0 -22 3 -22 2 -21 1 -22 1 -20 0 -19 -1 -18 -1 -18 -1 -17 -2 -16 -2 -16 -2 -16 -2 -15 -2 -14 -2 -14 -2 -13 -1 -12 -1 -11 0 -11 0 -11 0 -10 0 -10 1 -10 2 -9 2 -9 3 -10 4 0 0 -9 4 -9 4 -9 5 -8 6 -9 6 -9 6 -9 6 -9 7 -9 7 -8 7 -8 7 -9 7 -9 8 -9 8 -9 7 -9 8 -8 8 -8 8 -8 8 -8 7 -8 7 -8 7 -8 7 -7 7 -8 7 -7 7 0 0 0 0 0 0 0 0 0 0 ],1687784609.317734
CSI_DATA,STA,08:3A:F2:A8:E0:C1,-39,11,1,5,1,1,1,1,0,0,0,-95,1,1,1,18585844,0,110,0,0,18.7745,384,[110 96 6 0 0 0 0 0 0 0 0 0 7 27 5 26 5 25 4 25 3 24 2 23 0 22 0 21 0 21 0 20 0 20 0 18 0 17 0 17 0 15 0 15 0 14 1 13 2 13 2 12 2 12 3 11 3 11 5 11 5 10 5 10 0 0 6 10 7 9 8 9 9 8 8 9 9 9 9 10 9 9 9 9 10 9 10 9 11 9 11 9 11 9 11 9 11 9 11 9 10 8 10 9 9 9 9 9 9 9 9 9 10 8 9 8 9 7 0 0 0 0 0 0 0 0 0 0 ],1687784609.323532
CSI_DATA,STA,08:3A:F2:A8:E0:C1,-38,11,1,4,1,1,1,1,0,0,0,-95,1,1,1,18597135,0,110,0,0,18.7859,384,[110 96 6 0 0 0 0 0 0 0 0 0 -1 -26 0 -26 0 -24 2 -25 2 -22 3 -22 4 -21 4 -20 5 -20 3 -18 4 -19 4 -18 3 -17 2 -16 3 -15 2 -14 3 -14 2 -13 1 -13 1 -13 0 -12 0 -12 -1 -11 -2 -11 -3 -12 -3 -11 0 0 -4 -12 -5 -11 -5 -11 -6 -10 -6 -12 -6 -12 -6 -12 -7 -12 -7 -12 -7 -11 -8 -11 -8 -12 -8 -12 -8 -11 -7 -12 -8 -12 -8 -12 -8 -11 -7 -11 -8 -11 -7 -12 -7 -11 -7 -11 -7 -10 -7 -11 -7 -10 0 0 0 0 0 0 0 0 0 0 ],1687784609.335664
CSI_DATA,STA,08:3A:F2:A8:E0:C1,-38,11,1,4,1,1,1,1,0,0,0,-95,1,1,1,18607224,0,110,0,0,18.796,384,[110 96 6 0 0 0 0 0 0 0 0 0 6 -23 6 -22 6 -21 7 -20 7 -19 7 -18 8 -17 8 -16 8 -16 8 -15 7 -15 7 -14 6 -13 6 -13 6 -12 5 -12 5 -11 5 -11 3 -10 4 -10 3 -10 2 -10 2 -10 1 -10 0 -11 0 -10 0 0 -1 -11 -2 -11 -2 -11 -3 -11 -3 -11 -3 -12 -3 -12 -3 -12 -3 -12 -4 -11 -5 -11 -4 -12 -4 -12 -5 -11 -4 -12 -5 -11 -5 -13 -5 -11 -4 -11 -5 -11 -4 -11 -4 -11 -4 -11 -5 -10 -4 -10 -4 -10 0 0 0 0 0 0 0 0 0 0 ],1687784609.345689
CSI_DATA,STA,08:3A:F2:A8:E0:C1,-39,11,1,5,1,1,1,1,0,0,0,-95,1,1,1,18617298,0,110,0,0,18.806,384,[110 96 6 0 0 0 0 0 0 0 0 0 -23 -13 -22 -13 -21 -12 -20 -13 -19 -13 -17 -13 -16 -13 -15 -13 -15 -13 -14 -12 -13 -13 -13 -12 -13 -12 -12 -11 -12 -11 -11 -10 -10 -9 -10 -8 -11 -7 -11 -7 -10 -7 -11 -7 -10 -5 -11 -5 -11 -4 -11 -3 0 0 -11 -3 -11 -2 -12 -2 -12 -1 -12 -1 -12 -1 -13 -1 -13 -1 -13 0 -13 0 -13 0 -14 0 -14 0 -14 0 -14 0 -13 0 -14 -1 -13 0 -13 0 -13 0 -13 0 -13 0 -12 0 -12 0 -12 -1 -12 0 0 0 0 0 0 0 0 0 0 0 ],1687784609.355636
CSI_DATA,STA,08:3A:F2:A8:E0:C1,-39,11,1,5,1,1,1,1,0,0,0,-95,1,1,1,18626575,0,110,0,0,18.8153,384,[110 96 6 0 0 0 0 0 0 0 0 0 -25 -3 -25 -5 -24 -4 -24 -5 -22 -6 -20 -6 -19 -7 -18 -7 -18 -7 -17 -7 -17 -6 -16 -7 -15 -7 -15 -6 -15 -6 -14 -5 -13 -5 -12 -4 -12 -4 -12 -3 -12 -3 -11 -3 -11 -1 -11 -1 -11 0 -11 1 0 0 -12 2 -11 2 -11 3 -11 3 -12 3 -12 4 -12 4 -12 4 -12 5 -12 5 -12 5 -12 5 -12 5 -12 5 -12 5 -12 5 -12 5 -12 5 -11 5 -11 5 -12 4 -12 4 -11 5 -11 5 -11 4 -10 4 0 0 0 0 0 0 0 0 0 0 ],1687784609.3647811
CSI_DATA,STA,08:3A:F2:A8:E0:C1,-38,11,1,4,1,1,1,1,0,0,0,-95,1,1,1,18637073,0,110,0,0,18.8258,384,[110 96 6 0 0 0 0 0 0 0 0 0 -9 -22 -8 -21 -8 -21 -7 -21 -6 -20 -5 -19 -3 -19 -3 -17 -3 -18 -3 -17 -2 -17 -2 -16 -3 -16 -3 -15 -2 -14 -3 -13 -3 -12 -3 -12 -4 -11 -3 -11 -3 -11 -4 -10 -4 -10 -6 -9 -6 -9 -6 -8 0 0 -7 -8 -7 -8 -8 -8 -9 -7 -8 -8 -9 -8 -9 -8 -9 -8 -10 -8 -10 -7 -11 -7 -10 -7 -10 -7 -10 -7 -10 -8 -10 -7 -11 -8 -10 -7 -10 -7 -10 -7 -9 -8 -9 -7 -9 -7 -9 -6 -9 -7 -8 -6 0 0 0 0 0 0 0 0 0 0 ],1687784609.375606
CSI_DATA,STA,08:3A:F2:A8:E0:C1,-39,11,1,5,1,1,1,1,0,0,0,-95,1,1,1,18645762,0,110,0,0,18.8345,384,[110 96 6 0 0 0 0 0 0 0 0 0 16 -12 16 -12 16 -11 16 -10 15 -9 14 -8 14 -7 14 -7 14 -7 13 -6 13 -6 12 -6 11 -5 11 -5 10 -5 10 -5 9 -5 9 -5 8 -5 8 -5 7 -5 7 -6 6 -6 6 -6 5 -7 5 -7 0 0 5 -8 4 -8 4 -8 4 -9 4 -9 3 -9 4 -9 3 -9 3 -9 3 -10 3 -10 3 -10 3 -10 3 -10 3 -10 3 -10 3 -10 3 -10 3 -10 2 -10 3 -10 3 -9 3 -9 2 -10 3 -9 2 -9 0 0 0 0 0 0 0 0 0 0 ],1687784609.38394
CSI_DATA,STA,08:3A:F2:A8:E0:C1,-39,11,1,5,1,1,1,1,0,0,0,-95,1,1,1,18656056,0,110,0,0,18.845,384,[110 96 6 0 0 0 0 0 0 0 0 0 11 22 9 23 9 21 8 22 7 20 5 21 5 19 4 19 4 18 4 17 3 17 2 16 3 15 3 15 3 14 3 13 3 13 3 11 4 11 4 10 4 10 5 9 4 9 6 8 6 8 6 8 0 0 7 7 8 7 9 7 8 6 9 6 10 6 10 7 10 6 11 6 10 6 10 6 10 6 11 6 11 6 11 6 11 6 11 6 11 5 11 6 10 5 10 6 10 6 10 6 10 5 9 5 9 5 0 0 0 0 0 0 0 0 0 0 ],1687784609.393995
CSI_DATA,STA,08:3A:F2:A8:E0:C1,-40,11,1,6,1,1,1,1,0,0,0,-95,1,1,1,18668867,0,110,0,0,18.8576,384,[110 96 6 0 0 0 0 0 0 0 0 0 3 -26 4 -24 4 -23 5 -22 5 -21 6 -20 7 -19 7 -19 7 -18 6 -17 7 -16 6 -16 5 -15 5 -15 5 -14 4 -13 4 -12 4 -12 2 -12 2 -12 2 -11 1 -11 1 -11 -1 -11 -1 -11 -1 -11 0 0 -2 -11 -3 -11 -3 -11 -4 -11 -4 -11 -4 -12 -4 -12 -5 -12 -5 -12 -5 -12 -6 -12 -6 -12 -6 -13 -5 -12 -6 -12 -6 -12 -6 -13 -6 -12 -5 -12 -6 -12 -5 -12 -5 -12 -5 -12 -6 -11 -5 -11 -5 -10 0 0 0 0 0 0 0 0 0 0 ],1687784609.40742
CSI_DATA,STA,08:3A:F2:A8:E0:C1,-40,11,1,6,1,1,1,1,0,0,0,-95,1,1,1,18678505,0,110,0,0,18.8671,384,[110 96 6 0 0 0 0 0 0 0 0 0 -23 2 -22 1 -22 1 -22 0 -21 0 -20 -1 -19 -2 -18 -2 -17 -3 -17 -2 -16 -2 -16 -2 -15 -2 -15 -2 -14 -2 -14 -1 -12 -2 -12 -1 -11 -1 -11 -1 -11 0 -10 0 -10 1 -10 2 -10 2 -10 3 0 0 -10 4 -10 4 -9 4 -9 5 -10 5 -9 5 -10 6 -10 6 -10 6 -10 6 -9 7 -10 7 -10 7 -10 7 -10 6 -10 7 -10 7 -9 7 -10 6 -9 6 -9 6 -9 6 -9 6 -9 6 -9 6 -8 6 0 0 0 0 0 0 0 0 0 0 ],1687784609.4164
CSI_DATA,STA,08:3A:F2:A8:E0:C1,-40,11,1,6,1,1,1,1,0,0,0,-95,1,1,1,18687599,0,110,0,0,18.8764,384,[110 96 6 0 0 0 0 0 0 0 0 0 11 -20 11 -19 11 -19 11 -17 12 -17 11 -15 12 -15 11 -14 11 -13 10 -13 10 -12 10 -12 9 -11 9 -11 8 -10 8 -10 7 -9 7 -9 5 -9 6 -9 5 -9 4 -9 4 -9 3 -9 2 -10 2 -10 0 0 1 -10 1 -10 0 -10 0 -11 0 -11 0 -12 0 -11 -1 -11 -1 -12 -1 -12 -2 -12 -2 -12 -2 -12 -1 -12 -1 -12 -1 -12 -2 -12 -1 -12 -1 -11 -2 -12 -1 -12 -1 -11 -1 -11 -2 -11 -2 -11 -2 -10 0 0 0 0 0 0 0 0 0 0 ],1687784609.426396
CSI_DATA,STA,08:3A:F2:A8:E0:C1,-40,11,1,6,1,1,1,1,0,0,0,-95,1,1,1,18696868,0,110,0,0,18.8856,384,[110 96 6 0 0 0 0 0 0 0 0 0 -19 12 -19 11 -19 10 -19 9 -18 8 -18 8 -17 7 -16 6 -16 5 -16 5 -15 5 -15 5 -14 5 -13 4 -13 4 -13 5 -11 4 -10 4 -10 4 -10 5 -9 5 -9 5 -8 5 -8 6 -7 6 -7 7 0 0 -7 8 -6 8 -5 8 -5 8 -5 9 -5 9 -6 9 -5 9 -5 10 -5 10 -5 10 -5 10 -5 11 -5 10 -5 10 -5 10 -5 10 -4 10 -5 10 -5 10 -5 10 -5 10 -5 9 -4 9 -4 9 -4 9 0 0 0 0 0 0 0 0 0 0 ],1687784609.435344
CSI_DATA,STA,08:3A:F2:A8:E0:C1,-40,11,1,6,1,1,1,1,0,0,0,-95,1,1,1,18705740,0,110,0,0,18.8945,384,[110 96 6 0 0 0 0 0 0 0 0 0 15 17 13 17 13 17 11 17 11 17 9 15 9 16 8 15 8 15 7 14 6 14 6 13 6 13 6 12 6 11 6 11 5 9 5 10 6 9 6 9 6 8 6 7 6 7 7 6 7 6 7 5 0 0 8 5 9 5 8 4 9 4 9 4 10 4 10 4 10 3 10 3 10 4 10 3 11 3 10 3 10 3 11 3 10 3 11 3 11 3 10 3 10 3 10 4 10 3 10 3 10 3 9 3 8 3 0 0 0 0 0 0 0 0 0 0 ],1687784609.443476
CSI_DATA,STA,08:3A:F2:A8:E0:C1,-39,11,1,5,1,1,1,1,0,0,0,-95,1,1,1,18718584,0,110,0,0,18.9073,384,[110 96 6 0 0 0 0 0 0 0 0 0 1 -25 2 -25 2 -23 3 -24 3 -21 4 -21 5 -20 5 -19 5 -19 4 -17 4 -18 4 -17 4 -16 3 -15 4 -15 3 -13 4 -14 2 -12 1 -13 1 -12 1 -11 0 -11 -1 -11 -2 -11 -2 -11 -2 -11 0 0 -3 -11 -4 -10 -4 -11 -5 -10 -5 -12 -5 -11 -6 -11 -6 -12 -6 -12 -6 -11 -7 -11 -7 -12 -7 -12 -7 -12 -6 -12 -7 -12 -7 -12 -7 -12 -6 -11 -7 -11 -6 -11 -6 -12 -6 -11 -7 -10 -7 -10 -6 -10 0 0 0 0 0 0 0 0 0 0 ],1687784609.457702
CSI_DATA,STA,08:3A:F2:A8:E0:C1,-38,11,1,4,1,1,1,1,0,0,0,-95,1,1,1,18728290,0,110,0,0,18.9169,384,[110 96 6 0 0 0 0 0 0 0 0 0 -17 15 -18 15 -16 13 -18 13 -16 11 -17 11 -16 9 -15 8 -16 8 -14 7 -15 8 -14 7 -13 7 -13 7 -13 6 -12 6 -11 6 -10 5 -10 6 -9 6 -8 6 -8 6 -7 6 -6 7 -6 7 -6 8 0 0 -6 9 -4 8 -4 9 -4 9 -4 9 -4 10 -4 10 -4 10 -4 11 -3 10 -3 11 -3 11 -3 11 -3 12 -3 11 -3 11 -3 11 -3 11 -3 10 -3 10 -4 10 -4 10 -3 9 -2 10 -3 10 -2 9 0 0 0 0 0 0 0 0 0 0 ],1687784609.467117
CSI_DATA,STA,08:3A:F2:A8:E0:C1,-40,11,1,6,1,1,1,1,0,0,0,-95,1,1,1,18735689,0,110,0,0,18.9245,384,[110 96 6 0 0 0 0 0 0 0 0 0 21 -9 21 -7 20 -7 20 -5 19 -5 18 -4 18 -3 17 -3 17 -3 16 -3 15 -2 15 -2 14 -2 13 -2 13 -2 12 -3 11 -2 11 -3 10 -3 10 -3 9 -4 9 -4 8 -4 8 -5 8 -5 7 -6 0 0 7 -6 6 -7 6 -7 7 -8 6 -8 6 -8 7 -9 6 -9 6 -9 6 -10 6 -10 6 -10 6 -10 6 -10 6 -10 6 -10 6 -11 6 -10 6 -9 6 -10 6 -9 6 -10 6 -9 5 -9 5 -9 5 -8 0 0 0 0 0 0 0 0 0 0 ],1687784609.473687
CSI_DATA,STA,08:3A:F2:A8:E0:C1,-40,11,1,6,1,1,1,1,0,0,0,-95,1,1,1,18746026,0,110,0,0,18.9348,384,[110 96 6 0 0 0 0 0 0 0 0 0 -14 21 -15 20 -14 18 -15 18 -14 16 -15 16 -15 14 -14 14 -14 13 -13 12 -13 12 -12 11 -12 11 -12 11 -11 11 -11 10 -10 10 -9 9 -8 9 -8 9 -7 9 -6 9 -6 9 -4 9 -4 10 -4 10 0 0 -4 10 -2 10 -2 11 -2 10 -1 12 -1 12 -1 12 -1 12 -1 12 -1 12 0 12 0 13 0 13 0 13 -1 12 0 13 0 12 0 12 0 12 -1 12 -1 12 -1 12 -1 11 0 11 0 11 0 11 0 0 0 0 0 0 0 0 0 0 ],1687784609.484619
CSI_DATA,STA,08:3A:F2:A8:E0:C1,-39,11,1,5,1,1,1,1,0,0,0,-95,1,1,1,18758301,0,110,0,0,18.9472,384,[110 96 6 0 0 0 0 0 0 0 0 0 23 -6 23 -5 23 -4 23 -3 21 -2 20 -2 19 -1 19 -1 18 0 17 0 17 0 17 0 15 0 15 0 14 0 13 -1 13 -1 12 -2 11 -2 11 -2 10 -2 10 -3 10 -4 9 -4 9 -5 9 -6 0 0 9 -7 8 -7 8 -7 8 -8 8 -8 8 -9 9 -9 8 -9 8 -10 8 -10 8 -10 8 -10 8 -10 8 -10 8 -10 7 -10 8 -11 7 -10 8 -10 7 -10 8 -10 8 -9 7 -9 7 -10 7 -9 6 -9 0 0 0 0 0 0 0 0 0 0 ],1687784609.4967082
CSI_DATA,STA,08:3A:F2:A8:E0:C1,-40,11,1,6,1,1,1,1,0,0,0,-95,1,1,1,18766719,0,110,0,0,18.9554,384,[110 96 6 0 0 0 0 0 0 0 0 0 22 0 22 1 21 1 21 2 20 2 18 3 18 3 17 3 16 3 15 3 15 3 14 3 14 3 13 3 13 3 12 2 11 2 11 1 10 1 10 0 10 0 10 0 9 -1 9 -2 9 -2 9 -3 0 0 9 -4 8 -4 9 -5 8 -5 8 -6 9 -6 9 -6 9 -6 9 -7 9 -7 9 -7 9 -7 9 -7 9 -7 9 -7 9 -8 9 -8 9 -8 8 -7 8 -7 9 -7 8 -7 8 -7 8 -7 8 -7 8 -7 0 0 0 0 0 0 0 0 0 0 ],1687784609.5046642
CSI_DATA,STA,08:3A:F2:A8:E0:C1,-40,11,1,6,1,1,1,1,0,0,0,-95,1,1,1,18780959,0,110,0,0,18.9697,384,[110 96 6 0 0 0 0 0 0 0 0 0 -19 -14 -17 -14 -17 -14 -17 -14 -16 -14 -13 -14 -13 -14 -12 -14 -12 -14 -11 -13 -10 -13 -10 -13 -10 -12 -10 -12 -10 -11 -9 -10 -8 -9 -8 -8 -9 -8 -8 -8 -9 -7 -9 -6 -8 -6 -9 -5 -9 -5 -10 -4 0 0 -10 -4 -10 -3 -10 -3 -11 -2 -11 -2 -11 -2 -11 -2 -11 -2 -12 -2 -12 -2 -12 -1 -12 -1 -12 -1 -12 -1 -13 -1 -12 -1 -13 -1 -12 -1 -12 -1 -12 -1 -12 -2 -12 -1 -11 -1 -11 -1 -11 -2 -11 -1 0 0 0 0 0 0 0 0 0 0 ],1687784609.5193799
CSI_DATA,STA,08:3A:F2:A8:E0:C1,-40,11,1,6,1,1,1,1,0,0,0,-95,1,1,1,18788106,0,110,0,0,18.9767,384,[110 96 6 0 0 0 0 0 0 0 0 0 -22 -7 -22 -8 -21 -7 -20 -8 -19 -8 -18 -9 -17 -9 -16 -9 -16 -9 -15 -8 -14 -8 -14 -8 -13 -8 -13 -7 -13 -7 -12 -6 -11 -6 -11 -5 -11 -4 -11 -4 -10 -4 -11 -3 -10 -2 -10 -2 -10 -1 -10 0 0 0 -10 0 -10 1 -10 1 -10 2 -10 2 -11 2 -11 3 -11 3 -11 3 -11 3 -11 4 -12 3 -11 3 -11 4 -12 3 -12 4 -11 4 -11 3 -11 3 -11 3 -11 3 -11 3 -10 3 -10 4 -10 3 -10 3 0 0 0 0 0 0 0 0 0 0 ],1687784609.526357
CSI_DATA,STA,08:3A:F2:A8:E0:C1,-40,11,1,6,1,1,1,1,0,0,0,-95,1,1,1,18798437,0,110,0,0,18.9872,384,[110 96 6 0 0 0 0 0 0 0 0 0 22 1 21 2 20 2 20 3 19 3 18 4 17 4 16 4 16 4 15 4 14 4 14 4 13 4 13 3 12 4 11 3 11 3 10 2 10 2 10 1 9 1 10 0 9 -1 9 -1 9 -2 9 -3 0 0 9 -3 8 -4 9 -4 9 -5 9 -5 9 -5 9 -5 9 -6 9 -6 9 -7 9 -7 9 -7 9 -7 10 -7 9 -7 9 -7 10 -7 9 -7 9 -6 9 -7 9 -6 9 -6 9 -6 8 -7 8 -6 8 -6 0 0 0 0 0 0 0 0 0 0 ],1687784609.536611
CSI_DATA,STA,08:3A:F2:A8:E0:C1,-40,11,1,6,1,1,1,1,0,0,0,-95,1,1,1,18806787,0,110,0,0,18.9955,384,[110 96 6 0 0 0 0 0 0 0 0 0 24 8 21 8 22 8 20 9 21 9 17 9 17 10 16 10 16 10 15 10 14 9 14 9 13 8 13 8 12 8 12 7 11 6 11 5 11 5 11 4 10 4 10 3 11 3 10 2 10 1 10 0 0 0 10 -1 11 -1 10 -2 11 -2 11 -2 12 -2 12 -3 12 -3 12 -3 12 -4 12 -4 12 -4 12 -4 12 -3 12 -4 12 -4 12 -4 12 -4 12 -4 11 -4 11 -3 11 -3 12 -3 11 -4 11 -3 10 -3 0 0 0 0 0 0 0 0 0 0 ],1687784609.544838
CSI_DATA,STA,08:3A:F2:A8:E0:C1,-40,11,1,6,1,1,1,1,0,0,0,-95,1,1,1,18816659,0,110,0,0,19.0054,384,[110 96 6 0 0 0 0 0 0 0 0 0 1 -24 2 -23 2 -22 3 -21 3 -20 4 -20 4 -18 5 -18 5 -17 4 -16 5 -16 5 -15 4 -14 3 -14 3 -13 3 -13 3 -12 2 -12 1 -11 1 -11 1 -11 0 -10 0 -10 -1 -10 -1 -10 -2 -10 0 0 -3 -10 -4 -10 -4 -10 -5 -10 -5 -10 -5 -11 -6 -10 -6 -11 -6 -10 -6 -10 -7 -11 -7 -11 -7 -10 -7 -10 -7 -11 -7 -10 -7 -11 -6 -11 -6 -10 -6 -10 -6 -10 -6 -10 -6 -10 -6 -9 -6 -10 -6 -9 0 0 0 0 0 0 0 0 0 0 ],1687784609.555872
CSI_DATA,STA,08:3A:F2:A8:E0:C1,-39,11,1,5,1,1,1,1,0,0,0,-95,1,1,1,18828070,0,110,0,0,19.0168,384,[110 96 6 0 0 0 0 0 0 0 0 0 -22 4 -21 3 -22 3 -21 2 -21 2 -19 0 -18 1 -18 0 -17 0 -17 -1 -16 -1 -16 -1 -15 -1 -14 -1 -14 -1 -14 0 -12 0 -12 0 -11 0 -11 1 -11 1 -10 2 -10 2 -9 2 -10 3 -9 4 0 0 -9 5 -9 5 -8 5 -9 6 -9 6 -9 7 -9 7 -9 7 -8 8 -8 8 -8 8 -9 8 -9 8 -8 8 -9 8 -8 8 -9 8 -8 8 -8 8 -8 7 -8 7 -8 7 -8 7 -7 7 -8 6 -7 6 0 0 0 0 0 0 0 0 0 0 ],1687784609.566356
CSI_DATA,STA,08:3A:F2:A8:E0:C1,-39,11,1,5,1,1,1,1,0,0,0,-95,1,1,1,18838012,0,110,0,0,19.0267,384,[110 96 6 0 0 0 0 0 0 0 0 0 10 21 10 22 9 21 9 21 7 20 6 20 4 19 4 18 3 18 4 17 4 16 4 16 4 15 4 14 3 14 3 13 3 12 3 11 4 11 4 10 4 10 5 9 5 8 6 8 7 8 7 7 0 0 7 7 8 7 9 7 8 6 9 6 9 6 10 6 10 6 10 6 10 5 11 5 11 6 11 5 11 5 11 6 11 5 11 5 11 5 11 6 10 5 10 6 10 6 10 5 10 4 10 5 10 4 0 0 0 0 0 0 0 0 0 0 ],1687784609.5754838
CSI_DATA,STA,08:3A:F2:A8:E0:C1,-40,11,1,6,1,1,1,1,0,0,0,-95,1,1,1,18848355,0,110,0,0,19.0372,384,[110 96 6 0 0 0 0 0 0 0 0 0 18 -18 17 -17 17 -16 18 -15 17 -14 17 -13 17 -11 16 -11 16 -11 15 -10 15 -9 14 -9 14 -8 13 -9 12 -8 11 -8 11 -8 10 -8 9 -8 9 -8 7 -8 7 -8 7 -8 6 -9 6 -9 5 -10 0 0 4 -10 4 -10 4 -11 3 -11 3 -11 3 -12 3 -12 3 -13 2 -12 2 -13 2 -13 2 -13 2 -13 2 -13 2 -13 2 -13 2 -13 2 -13 2 -13 2 -12 2 -13 2 -12 2 -12 2 -12 2 -11 2 -12 0 0 0 0 0 0 0 0 0 0 ],1687784609.586571
CSI_DATA,STA,08:3A:F2:A8:E0:C1,-40,11,1,6,1,1,1,1,0,0,0,-95,1,1,1,18856732,0,110,0,0,19.0456,384,[110 96 6 0 0 0 0 0 0 0 0 0 15 14 13 14 13 14 12 14 11 13 10 13 9 13 9 12 8 12 8 12 7 11 7 11 7 11 7 10 6 10 6 9 6 8 6 7 6 7 6 7 6 7 6 6 6 5 7 4 7 4 7 3 0 0 8 3 8 3 8 2 8 2 8 2 9 2 9 2 9 2 9 2 9 1 9 1 10 1 10 1 10 1 10 1 10 1 10 1 10 1 9 1 9 1 9 1 9 1 9 1 9 0 8 1 8 1 0 0 0 0 0 0 0 0 0 0 ],1687784609.595099
CSI_DATA,STA,08:3A:F2:A8:E0:C1,-38,11,1,4,1,1,1,1,0,0,0,-95,1,1,1,18871943,0,110,0,0,19.0607,384,[110 96 6 0 0 0 0 0 0 0 0 0 -26 -2 -25 -4 -25 -3 -24 -5 -23 -5 -21 -5 -20 -6 -19 -6 -19 -6 -18 -6 -18 -7 -17 -7 -16 -6 -16 -6 -15 -6 -15 -4 -13 -4 -13 -3 -13 -3 -12 -3 -12 -3 -12 -2 -11 -1 -12 0 -12 0 -11 2 0 0 -11 3 -11 3 -11 3 -11 4 -12 4 -12 4 -13 5 -12 5 -12 5 -12 5 -12 6 -12 5 -13 5 -13 6 -12 5 -12 6 -13 6 -12 6 -12 6 -11 5 -12 5 -12 5 -11 5 -11 5 -11 4 -10 4 0 0 0 0 0 0 0 0 0 0 ],1687784609.6106749
CSI_DATA,STA,08:3A:F2:A8:E0:C1,-38,11,1,4,1,1,1,1,0,0,0,-95,2,1,1,18887504,0,110,0,0,19.0763,384,[110 96 6 0 0 0 0 0 0 0 0 0 -21 11 -19 9 -20 9 -20 8 -20 7 -17 6 -18 5 -17 4 -17 4 -17 3 -16 4 -16 3 -15 3 -14 3 -13 2 -13 4 -11 3 -11 3 -10 3 -10 3 -10 3 -9 4 -9 4 -8 5 -9 5 -8 6 0 0 -7 7 -7 8 -6 8 -6 9 -6 8 -6 8 -7 9 -6 9 -6 9 -6 10 -6 10 -6 10 -6 10 -6 10 -6 10 -5 10 -6 11 -5 9 -5 9 -5 9 -6 9 -6 9 -6 9 -5 9 -6 8 -5 8 0 0 0 0 0 0 0 0 0 0 ],1687784609.6258712
CSI_DATA,STA,08:3A:F2:A8:E0:C1,-38,11,1,3,1,1,1,1,0,0,0,-95,1,1,1,18900507,0,110,0,0,19.0892,384,[110 96 6 0 0 0 0 0 0 0 0 0 24 -8 23 -6 23 -6 23 -4 22 -4 20 -3 20 -2 19 -2 18 -1 18 -1 17 -2 17 -2 16 -1 15 -2 14 -1 14 -2 13 -2 12 -3 12 -3 11 -3 10 -3 11 -3 10 -4 9 -5 9 -6 9 -7 0 0 9 -8 8 -8 8 -9 7 -9 8 -9 8 -10 9 -10 7 -10 8 -11 7 -11 7 -11 8 -11 8 -11 8 -11 8 -11 7 -12 8 -12 7 -11 7 -11 6 -10 7 -10 8 -10 7 -10 6 -11 6 -10 6 -10 0 0 0 0 0 0 0 0 0 0 ],1687784609.6388621
CSI_DATA,STA,08:3A:F2:A8:E0:C1,-39,11,1,5,1,1,1,1,0,0,0,-95,1,1,1,18908688,0,110,0,0,19.0973,384,[110 96 6 0 0 0 0 0 0 0 0 0 17 -17 18 -16 17 -15 18 -14 17 -13 17 -12 16 -11 16 -10 16 -10 15 -9 15 -9 14 -9 13 -8 12 -8 12 -8 11 -8 10 -8 9 -8 9 -8 8 -8 7 -8 7 -8 6 -8 5 -9 5 -9 5 -10 0 0 4 -10 3 -11 3 -11 2 -11 2 -12 2 -12 2 -12 2 -13 1 -13 1 -13 1 -13 1 -13 1 -13 1 -13 1 -13 1 -13 1 -13 1 -13 1 -13 1 -13 1 -13 1 -12 1 -12 0 -12 1 -12 0 -11 0 0 0 0 0 0 0 0 0 0 ],1687784609.647506
CSI_DATA,STA,08:3A:F2:A8:E0:C1,-40,11,1,6,1,1,1,1,0,0,0,-95,1,1,1,18916766,0,110,0,0,19.1055,384,[110 96 6 0 0 0 0 0 0 0 0 0 4 -26 5 -25 4 -23 6 -23 6 -21 7 -21 7 -19 7 -19 7 -19 7 -17 7 -17 7 -16 6 -15 5 -15 5 -14 5 -13 5 -13 4 -12 3 -12 2 -12 2 -12 1 -11 1 -11 0 -11 -1 -11 -1 -11 0 0 -2 -12 -2 -11 -3 -12 -4 -11 -4 -12 -4 -12 -4 -12 -5 -12 -4 -12 -5 -12 -5 -13 -6 -13 -5 -12 -5 -13 -5 -12 -5 -13 -6 -13 -5 -13 -5 -12 -5 -12 -4 -12 -4 -12 -4 -12 -5 -11 -5 -12 -5 -11 0 0 0 0 0 0 0 0 0 0 ],1687784609.655675
CSI_DATA,STA,08:3A:F2:A8:E0:C1,-40,11,1,6,1,1,1,1,0,0,0,-95,1,1,1,18926921,0,110,0,0,19.1156,384,[110 96 6 0 0 0 0 0 0 0 0 0 14 -18 14 -17 14 -17 14 -15 15 -15 14 -13 14 -12 13 -11 14 -11 13 -10 13 -10 12 -9 12 -9 11 -9 10 -8 10 -9 9 -8 8 -8 8 -8 7 -8 7 -8 6 -8 6 -8 5 -8 5 -8 4 -9 0 0 3 -10 3 -10 2 -10 2 -11 2 -10 2 -11 2 -11 1 -12 1 -12 1 -12 1 -12 1 -12 1 -12 1 -12 1 -13 1 -12 1 -13 1 -12 1 -11 1 -12 2 -12 1 -11 1 -11 1 -11 1 -10 1 -10 0 0 0 0 0 0 0 0 0 0 ],1687784609.6654358
CSI_DATA,STA,08:3A:F2:A8:E0:C1,-40,11,1,6,1,1,1,1,0,0,0,-95,1,1,1,18936729,0,110,0,0,19.1255,384,[110 96 6 0 0 0 0 0 0 0 0 0 -26 1 -25 -1 -24 -1 -24 -2 -23 -2 -21 -3 -21 -3 -20 -4 -19 -4 -18 -4 -18 -4 -17 -4 -16 -4 -16 -3 -15 -4 -14 -2 -14 -2 -13 -1 -13 -2 -12 -1 -12 0 -12 0 -11 1 -11 2 -11 2 -11 3 0 0 -11 4 -10 4 -10 5 -10 6 -10 6 -10 7 -11 7 -10 7 -11 8 -10 7 -10 8 -11 8 -11 8 -11 8 -10 8 -11 8 -10 8 -10 8 -10 8 -10 8 -10 8 -10 8 -10 8 -9 7 -10 6 -9 7 0 0 0 0 0 0 0 0 0 0 ],1687784609.6752782
CSI_DATA,STA,08:3A:F2:A8:E0:C1,-40,11,1,6,1,1,1,1,0,0,0,-95,1,1,1,18948341,0,110,0,0,19.1371,384,[110 96 6 0 0 0 0 0 0 0 0 0 14 20 13 20 13 19 11 19 10 19 9 18 8 18 8 18 7 18 7 16 6 16 6 16 6 14 6 14 6 13 5 12 5 11 5 11 6 10 6 9 6 9 7 8 6 7 7 7 7 7 8 6 0 0 8 6 9 5 9 5 9 4 10 5 11 4 11 5 11 4 11 4 11 4 11 4 12 4 11 4 12 4 12 4 12 4 11 4 12 4 11 4 11 4 11 4 11 4 11 4 11 3 10 4 10 4 0 0 0 0 0 0 0 0 0 0 ],1687784609.685932
CSI_DATA,STA,08:3A:F2:A8:E0:C1,-40,11,1,6,1,1,1,1,0,0,0,-95,1,1,1,18957708,0,110,0,0,19.1466,384,[110 96 6 0 0 0 0 0 0 0 0 0 22 -4 21 -3 21 -3 20 -2 20 -2 18 -1 18 0 17 0 16 1 15 1 16 0 15 0 14 1 14 0 13 0 12 0 11 0 11 -1 10 -1 10 -2 10 -1 9 -2 9 -3 9 -3 9 -4 9 -4 0 0 8 -5 8 -5 8 -6 7 -7 8 -7 7 -7 8 -7 8 -7 8 -8 8 -8 8 -8 8 -9 8 -8 8 -8 8 -9 8 -9 8 -9 8 -9 8 -8 7 -8 7 -8 7 -8 7 -8 7 -8 7 -7 7 -7 0 0 0 0 0 0 0 0 0 0 ],1687784609.695549
CSI_DATA,STA,08:3A:F2:A8:E0:C1,-39,11,1,5,1,1,1,1,0,0,0,-95,1,1,1,18972505,0,110,0,0,19.1613,384,[110 96 6 0 0 0 0 0 0 0 0 0 15 -17 15 -16 14 -15 15 -14 14 -13 14 -13 14 -11 13 -10 14 -10 12 -9 12 -10 12 -9 11 -9 11 -9 10 -8 9 -8 9 -8 8 -8 7 -8 7 -7 7 -7 6 -8 5 -8 4 -8 4 -9 4 -9 0 0 3 -10 3 -10 2 -10 2 -10 2 -10 2 -11 2 -11 1 -11 2 -12 0 -11 0 -12 1 -12 0 -12 1 -13 1 -12 0 -12 1 -12 0 -12 1 -11 1 -11 1 -11 1 -11 0 -11 0 -11 0 -11 0 -11 0 0 0 0 0 0 0 0 0 0 ],1687784609.711694
CSI_DATA,STA,08:3A:F2:A8:E0:C1,-40,11,1,6,1,1,1,1,0,0,0,-95,1,1,1,18982941,0,110,0,0,19.1716,384,[110 96 6 0 0 0 0 0 0 0 0 0 -12 -21 -10 -20 -10 -20 -9 -19 -8 -19 -7 -18 -6 -18 -5 -18 -5 -17 -5 -17 -4 -15 -4 -15 -5 -15 -5 -14 -4 -13 -5 -13 -4 -11 -4 -11 -5 -11 -5 -10 -5 -10 -6 -9 -6 -9 -6 -8 -7 -8 -7 -7 0 0 -8 -7 -8 -7 -8 -6 -9 -6 -9 -6 -10 -6 -10 -6 -11 -6 -11 -6 -11 -5 -11 -5 -11 -5 -11 -5 -11 -5 -11 -6 -11 -5 -12 -5 -11 -5 -11 -5 -11 -5 -10 -6 -10 -5 -10 -5 -10 -5 -10 -5 -10 -5 0 0 0 0 0 0 0 0 0 0 ],1687784609.721772
CSI_DATA,STA,08:3A:F2:A8:E0:C1,-40,11,1,6,1,1,1,1,0,0,0,-95,1,1,1,18989859,0,110,0,0,19.1785,384,[110 96 6 0 0 0 0 0 0 0 0 0 3 -23 3 -23 3 -21 4 -21 5 -20 5 -19 5 -18 6 -17 6 -17 5 -15 5 -16 6 -14 5 -14 4 -14 4 -13 4 -12 4 -12 3 -12 2 -11 2 -11 1 -11 1 -11 1 -10 0 -10 0 -10 -1 -10 0 0 -2 -10 -3 -10 -3 -10 -3 -10 -4 -11 -4 -11 -4 -11 -5 -11 -5 -11 -5 -11 -5 -11 -5 -11 -5 -12 -5 -12 -5 -11 -6 -11 -5 -11 -5 -11 -5 -11 -5 -11 -5 -11 -5 -11 -4 -10 -5 -10 -4 -10 -4 -9 0 0 0 0 0 0 0 0 0 0 ],1687784609.728145
CSI_DATA,STA,08:3A:F2:A8:E0:C1,-40,11,1,6,1,1,1,1,0,0,0,-95,1,1,1,18997506,0,110,0,0,19.1863,384,[110 96 6 0 0 0 0 0 0 0 0 0 -8 -20 -6 -19 -7 -19 -5 -19 -5 -18 -4 -17 -3 -17 -2 -16 -2 -16 -2 -15 -2 -15 -2 -14 -2 -14 -2 -13 -3 -13 -2 -12 -2 -11 -2 -11 -3 -10 -3 -10 -3 -9 -4 -9 -4 -8 -5 -8 -5 -8 -5 -7 0 0 -6 -7 -7 -7 -7 -7 -7 -7 -8 -7 -8 -7 -8 -7 -8 -7 -8 -7 -9 -6 -9 -6 -9 -7 -9 -6 -9 -6 -9 -7 -9 -6 -9 -7 -9 -6 -9 -6 -9 -6 -9 -7 -9 -6 -9 -6 -9 -6 -8 -6 -8 -5 0 0 0 0 0 0 0 0 0 0 ],1687784609.735831
CSI_DATA,STA,08:3A:F2:A8:E0:C1,-38,11,1,4,1,1,1,1,0,0,0,-95,1,1,1,19010146,0,110,0,0,19.1989,384,[110 96 6 0 0 0 0 0 0 0 0 0 22 -4 21 -4 21 -3 21 -2 20 -2 18 -1 18 0 16 0 16 0 16 1 16 1 15 1 15 1 14 1 13 1 13 0 11 0 11 -1 11 -1 10 -1 10 -1 10 -2 9 -2 9 -3 9 -4 9 -5 0 0 8 -6 8 -6 8 -7 8 -7 8 -7 8 -7 9 -8 8 -8 8 -8 8 -8 8 -9 8 -8 8 -8 8 -9 8 -8 8 -9 8 -9 8 -9 7 -8 7 -9 7 -8 8 -8 7 -8 7 -8 7 -7 6 -7 0 0 0 0 0 0 0 0 0 0 ],1687784609.748617
CSI_DATA,STA,08:3A:F2:A8:E0:C1,-40,11,1,6,1,1,1,1,0,0,0,-95,1,1,1,19019050,0,110,0,0,19.2078,384,[110 96 6 0 0 0 0 0 0 0 0 0 6 -24 7 -24 7 -23 8 -22 8 -21 8 -20 8 -19 8 -18 9 -17 8 -16 8 -16 8 -15 7 -14 7 -14 6 -13 6 -13 6 -12 5 -12 4 -12 4 -11 3 -11 2 -11 2 -11 1 -11 1 -11 0 -11 0 0 -1 -11 -2 -12 -2 -11 -3 -11 -3 -12 -3 -12 -3 -12 -4 -13 -3 -12 -4 -13 -4 -13 -4 -13 -4 -13 -4 -13 -4 -13 -5 -13 -4 -13 -4 -13 -4 -13 -4 -13 -4 -12 -4 -12 -3 -12 -4 -12 -3 -12 -4 -11 0 0 0 0 0 0 0 0 0 0 ],1687784609.757959
CSI_DATA,STA,08:3A:F2:A8:E0:C1,-39,11,1,5,1,1,1,1,0,0,0,-95,1,1,1,19029279,0,110,0,0,19.218,384,[110 96 6 0 0 0 0 0 0 0 0 0 17 13 16 13 16 13 15 14 14 13 13 13 11 13 11 13 10 12 10 11 10 11 9 11 9 11 9 10 8 10 8 9 8 8 7 7 8 7 7 7 7 6 8 6 8 5 8 4 8 4 9 3 0 0 9 2 9 2 9 2 9 1 10 1 10 1 10 1 10 1 11 1 10 0 11 0 11 0 11 0 11 0 11 0 11 0 11 -1 11 0 11 0 10 0 10 0 10 0 10 0 10 -1 10 0 9 -1 0 0 0 0 0 0 0 0 0 0 ],1687784609.767355
CSI_DATA,STA,08:3A:F2:A8:E0:C1,-40,11,1,6,1,1,1,1,0,0,0,-95,1,1,1,19039209,0,110,0,0,19.228,384,[110 96 6 0 0 0 0 0 0 0 0 0 -20 -6 -19 -6 -19 -7 -18 -7 -18 -7 -16 -7 -15 -7 -14 -7 -14 -7 -14 -7 -13 -7 -13 -7 -12 -7 -11 -7 -11 -6 -11 -5 -10 -5 -10 -4 -10 -4 -9 -4 -9 -3 -9 -3 -9 -2 -9 -2 -9 -1 -9 0 0 0 -9 0 -9 1 -9 1 -10 2 -9 2 -10 2 -10 3 -10 3 -10 3 -10 3 -10 3 -10 3 -10 3 -10 4 -10 3 -10 4 -10 4 -10 4 -10 3 -10 4 -9 3 -9 3 -9 3 -9 3 -9 3 -9 3 0 0 0 0 0 0 0 0 0 0 ],1687784609.7775512
CSI_DATA,STA,08:3A:F2:A8:E0:C1,-40,11,1,6,1,1,1,1,0,0,0,-95,1,1,1,19047739,0,110,0,0,19.2365,384,[110 96 6 0 0 0 0 0 0 0 0 0 20 8 19 9 19 9 18 9 18 10 15 10 15 10 14 10 13 10 13 9 12 9 11 9 12 8 11 8 10 8 10 7 9 6 9 5 9 5 9 5 9 4 9 4 9 3 9 2 9 2 9 1 0 0 9 0 9 0 9 -1 10 -1 10 -2 10 -1 11 -1 11 -2 11 -2 11 -2 11 -3 11 -3 11 -3 11 -3 11 -3 11 -3 11 -3 11 -3 11 -3 10 -3 11 -2 10 -3 10 -2 10 -3 10 -2 9 -3 0 0 0 0 0 0 0 0 0 0 ],1687784609.785664
CSI_DATA,STA,08:3A:F2:A8:E0:C1,-40,11,1,6,1,1,1,1,0,0,0,-95,1,1,1,19065378,0,110,0,0,19.2545,384,[110 96 6 0 0 0 0 0 0 0 0 0 3 -26 4 -25 4 -24 5 -23 5 -22 5 -21 7 -20 6 -19 7 -18 5 -18 6 -17 6 -17 4 -16 4 -15 5 -15 4 -13 4 -13 3 -13 2 -12 2 -12 1 -12 1 -11 0 -11 -1 -11 -1 -11 -2 -12 0 0 -3 -11 -4 -11 -4 -11 -4 -11 -5 -12 -5 -12 -5 -12 -6 -12 -5 -12 -6 -12 -7 -12 -7 -12 -7 -12 -6 -12 -6 -12 -6 -12 -6 -12 -6 -13 -6 -12 -6 -12 -6 -12 -6 -12 -6 -11 -6 -11 -5 -11 -6 -10 0 0 0 0 0 0 0 0 0 0 ],1687784609.806172
CSI_DATA,STA,08:3A:F2:A8:E0:C1,-40,11,1,6,1,1,1,1,0,0,0,-95,1,1,1,19074804,0,110,0,0,19.2635,384,[110 96 6 0 0 0 0 0 0 0 0 0 19 -17 19 -16 19 -14 19 -13 18 -12 18 -12 17 -10 17 -10 16 -10 16 -9 15 -9 15 -8 14 -8 13 -8 13 -8 12 -8 11 -7 10 -7 9 -8 9 -8 8 -7 8 -8 7 -8 6 -9 6 -9 5 -9 0 0 5 -10 4 -10 4 -11 3 -11 4 -11 3 -12 4 -12 3 -12 3 -13 2 -13 2 -13 3 -13 3 -14 3 -14 3 -13 2 -13 2 -13 2 -13 3 -13 2 -12 3 -13 3 -13 2 -12 1 -13 2 -12 1 -11 0 0 0 0 0 0 0 0 0 0 ],1687784609.8139641
CSI_DATA,STA,08:3A:F2:A8:E0:C1,-38,11,1,4,1,1,1,1,0,0,0,-95,1,1,1,19087650,0,110,0,0,19.2764,384,[110 96 6 0 0 0 0 0 0 0 0 0 -18 18 -18 16 -18 16 -19 15 -18 14 -17 12 -17 12 -16 10 -16 11 -16 9 -16 9 -16 8 -15 8 -14 7 -13 7 -12 9 -11 7 -11 8 -10 7 -9 7 -9 8 -8 8 -8 8 -7 8 -7 9 -6 9 0 0 -5 10 -4 10 -4 10 -4 11 -4 11 -3 12 -3 12 -3 12 -3 13 -3 12 -2 13 -3 13 -3 13 -3 13 -3 13 -2 13 -3 14 -2 12 -2 12 -2 12 -3 12 -2 12 -3 12 -2 11 -3 11 -2 11 0 0 0 0 0 0 0 0 0 0 ],1687784609.8258939
CSI_DATA,STA,08:3A:F2:A8:E0:C1,-39,11,1,5,1,1,1,1,0,0,0,-95,1,1,1,19088367,0,110,0,0,19.2811,384,[110 96 6 0 0 0 0 0 0 0 0 0 14 -18 14 -17 14 -16 14 -15 14 -14 14 -13 14 -12 13 -11 13 -11 13 -11 12 -10 12 -10 11 -9 11 -9 10 -8 10 -9 9 -8 8 -8 7 -8 7 -8 6 -8 6 -8 5 -8 4 -9 4 -9 4 -9 0 0 3 -10 2 -10 2 -10 2 -11 1 -10 2 -11 2 -11 1 -12 1 -12 1 -12 0 -12 1 -12 1 -12 1 -12 1 -12 0 -12 1 -12 0 -12 1 -11 0 -12 1 -11 1 -11 1 -11 0 -11 1 -11 0 -10 0 0 0 0 0 0 0 0 0 0 ],1687784609.830857
CSI_DATA,STA,08:3A:F2:A8:E0:C1,-39,11,1,5,1,1,1,1,0,0,0,-95,1,1,1,19098821,0,110,0,0,19.2874,384,[110 96 6 0 0 0 0 0 0 0 0 0 21 -8 20 -7 20 -7 20 -6 19 -6 18 -4 18 -4 17 -3 17 -3 16 -2 16 -2 15 -2 14 -2 13 -2 12 -2 13 -2 11 -2 11 -3 10 -3 10 -3 9 -3 9 -4 9 -4 8 -5 8 -5 7 -6 0 0 7 -6 7 -7 6 -7 7 -8 7 -8 7 -9 7 -9 7 -9 7 -9 7 -9 6 -10 7 -10 6 -10 6 -10 7 -10 6 -10 7 -10 6 -10 6 -9 6 -9 7 -9 6 -9 6 -9 6 -9 6 -8 5 -8 0 0 0 0 0 0 0 0 0 0 ],1687784609.837256
CSI_DATA,STA,08:3A:F2:A8:E0:C1,-39,11,1,5,1,1,1,1,0,0,0,-95,1,1,1,19107776,0,110,0,0,19.2965,384,[110 96 6 0 0 0 0 0 0 0 0 0 20 9 18 9 19 9 17 10 18 10 15 10 14 10 14 10 13 10 12 10 11 10 11 9 11 9 10 9 10 8 10 7 9 7 9 6 9 5 9 5 8 4 9 4 9 4 8 3 9 2 9 1 0 0 9 1 10 0 9 0 10 -1 10 0 10 -1 10 -1 11 -1 11 -2 11 -2 11 -2 11 -1 11 -1 11 -2 12 -2 11 -2 12 -2 11 -2 11 -2 10 -2 11 -1 10 -2 11 -2 10 -2 10 -1 9 -1 0 0 0 0 0 0 0 0 0 0 ],1687784609.845433
CSI_DATA,STA,08:3A:F2:A8:E0:C1,-39,11,1,5,1,1,1,1,0,0,0,-95,1,1,1,19117775,0,110,0,0,19.3065,384,[110 96 6 0 0 0 0 0 0 0 0 0 -20 16 -20 14 -20 13 -20 13 -19 11 -19 10 -19 9 -18 8 -18 8 -17 7 -16 8 -16 7 -15 6 -15 7 -14 6 -13 7 -13 6 -11 6 -11 6 -10 6 -9 6 -9 6 -8 7 -7 8 -7 8 -7 9 0 0 -6 9 -5 9 -5 10 -5 10 -5 11 -5 11 -5 11 -5 11 -4 12 -4 11 -4 12 -4 12 -4 13 -4 13 -4 12 -4 12 -3 12 -4 12 -4 12 -4 11 -4 12 -4 12 -4 11 -3 11 -3 11 -3 10 0 0 0 0 0 0 0 0 0 0 ],1687784609.855434
CSI_DATA,STA,08:3A:F2:A8:E0:C1,-39,11,1,5,1,1,1,1,0,0,0,-95,1,1,1,19127843,0,110,0,0,19.3166,384,[110 96 6 0 0 0 0 0 0 0 0 0 16 -17 16 -16 16 -15 16 -13 16 -13 15 -11 15 -10 15 -10 14 -9 13 -9 13 -9 13 -9 12 -8 12 -8 11 -7 11 -7 10 -7 8 -7 8 -7 8 -7 7 -7 7 -7 6 -7 5 -8 5 -8 5 -9 0 0 4 -9 3 -9 3 -10 3 -10 3 -10 3 -11 3 -11 2 -11 2 -12 2 -11 1 -12 2 -12 2 -12 2 -12 2 -12 1 -12 2 -12 2 -12 2 -12 2 -11 2 -11 2 -11 2 -11 1 -11 1 -11 1 -10 0 0 0 0 0 0 0 0 0 0 ],1687784609.8665888
CSI_DATA,STA,08:3A:F2:A8:E0:C1,-39,11,1,5,1,1,1,1,0,0,0,-95,1,1,1,19139152,0,110,0,0,19.3279,384,[110 96 6 0 0 0 0 0 0 0 0 0 22 8 22 9 21 9 21 10 19 10 18 10 17 10 16 10 15 10 14 10 14 9 13 9 13 9 13 8 12 8 11 7 11 7 10 5 11 5 10 5 10 4 10 4 9 2 10 2 11 1 10 1 0 0 11 0 11 0 11 -1 10 -2 11 -2 12 -2 12 -2 12 -2 12 -3 11 -3 12 -3 12 -3 13 -3 13 -3 12 -3 13 -3 12 -4 12 -4 12 -3 11 -3 12 -3 12 -3 11 -3 11 -4 10 -3 10 -3 0 0 0 0 0 0 0 0 0 0 ],1687784609.877388
CSI_DATA,STA,08:3A:F2:A8:E0:C1,-39,11,1,5,1,1,1,1,0,0,0,-95,1,1,1,19147823,0,110,0,0,19.3366,384,[110 96 6 0 0 0 0 0 0 0 0 0 7 -25 8 -23 7 -23 8 -22 8 -21 9 -20 9 -19 9 -17 9 -17 8 -16 9 -16 8 -16 8 -14 7 -14 7 -13 6 -13 6 -12 5 -12 4 -12 4 -11 3 -11 2 -11 2 -11 1 -11 1 -11 0 -11 0 0 -1 -12 -2 -12 -2 -11 -3 -11 -3 -12 -3 -13 -3 -13 -4 -13 -4 -13 -4 -13 -5 -13 -4 -13 -5 -13 -5 -13 -5 -13 -5 -13 -5 -13 -5 -13 -4 -13 -5 -12 -4 -12 -4 -12 -4 -12 -5 -11 -4 -11 -4 -11 0 0 0 0 0 0 0 0 0 0 ],1687784609.886443
CSI_DATA,STA,08:3A:F2:A8:E0:C1,-39,11,1,5,1,1,1,1,0,0,0,-95,1,1,1,19157769,0,110,0,0,19.3465,384,[110 96 6 0 0 0 0 0 0 0 0 0 -20 -17 -18 -17 -18 -17 -17 -17 -16 -17 -14 -17 -13 -16 -12 -16 -12 -16 -11 -16 -10 -15 -10 -14 -10 -14 -10 -13 -9 -13 -9 -12 -8 -11 -8 -10 -9 -10 -9 -9 -9 -9 -9 -8 -9 -7 -10 -7 -10 -6 -10 -5 0 0 -10 -5 -11 -4 -11 -4 -12 -3 -12 -4 -12 -4 -13 -4 -13 -3 -13 -3 -13 -2 -13 -2 -13 -3 -13 -3 -13 -2 -13 -3 -13 -2 -14 -3 -13 -3 -13 -3 -13 -2 -13 -3 -13 -3 -12 -3 -12 -2 -12 -3 -11 -3 0 0 0 0 0 0 0 0 0 0 ],1687784609.8965461
CSI_DATA,STA,08:3A:F2:A8:E0:C1,-39,11,1,5,1,1,1,1,0,0,0,-95,1,1,1,19168037,0,110,0,0,19.3569,384,[110 96 6 0 0 0 0 0 0 0 0 0 -11 22 -12 21 -11 20 -13 20 -12 18 -12 17 -12 16 -12 15 -12 15 -11 14 -12 14 -11 13 -10 12 -10 12 -10 11 -9 11 -8 10 -7 10 -7 10 -6 10 -6 9 -5 9 -4 10 -3 10 -3 10 -2 10 0 0 -2 10 -1 11 0 11 0 11 1 11 1 11 0 12 1 12 1 12 1 12 2 12 2 12 2 13 2 12 2 12 2 12 2 12 2 12 2 12 2 12 1 12 1 11 2 11 2 10 2 11 2 11 0 0 0 0 0 0 0 0 0 0 ],1687784609.906841
CSI_DATA,STA,08:3A:F2:A8:E0:C1,-39,11,1,5,1,1,1,1,0,0,0,-95,1,1,1,19177687,0,110,0,0,19.3664,384,[110 96 6 0 0 0 0 0 0 0 0 0 20 14 19 14 18 14 17 14 16 14 15 14 13 15 13 14 11 14 11 13 11 13 10 13 10 12 10 11 9 10 9 10 8 9 7 8 8 8 9 7 9 7 8 6 8 5 9 5 9 4 9 3 0 0 10 3 10 3 11 2 10 2 11 2 12 1 12 2 12 0 12 1 12 0 12 0 12 1 13 1 12 1 13 1 13 0 13 1 12 0 12 1 12 0 12 1 11 1 11 0 11 0 11 1 10 0 0 0 0 0 0 0 0 0 0 0 ],1687784609.916352
CSI_DATA,STA,08:3A:F2:A8:E0:C1,-38,11,1,4,1,1,1,1,0,0,0,-95,1,1,1,19191807,0,110,0,0,19.3805,384,[110 96 6 0 0 0 0 0 0 0 0 0 21 8 20 8 20 8 19 9 18 9 16 9 16 9 14 9 13 9 13 9 12 9 12 9 12 9 11 8 10 8 10 7 10 6 9 6 9 5 9 5 9 4 9 4 8 3 9 2 10 2 9 1 0 0 9 0 10 0 10 -1 10 -1 11 -1 11 -1 11 -1 11 -2 11 -2 10 -2 11 -3 11 -2 11 -2 11 -2 12 -2 11 -3 12 -3 11 -3 11 -3 10 -3 11 -2 10 -2 11 -2 10 -3 10 -2 9 -2 0 0 0 0 0 0 0 0 0 0 ],1687784609.929832
CSI_DATA,STA,08:3A:F2:A8:E0:C1,-39,11,1,5,1,1,1,1,0,0,0,-95,1,1,1,19199846,0,110,0,0,19.3885,384,[110 96 6 0 0 0 0 0 0 0 0 0 22 -1 20 0 22 0 20 1 20 1 18 2 18 2 16 2 16 3 16 3 15 3 14 3 14 3 13 3 12 2 12 2 11 1 11 1 10 0 10 0 10 0 9 -1 9 -1 9 -2 9 -2 8 -3 0 0 9 -4 9 -5 8 -5 8 -6 9 -6 9 -6 9 -6 8 -7 8 -7 9 -7 9 -8 9 -7 9 -7 9 -7 9 -8 8 -8 9 -8 8 -7 8 -7 8 -8 8 -7 8 -7 8 -7 8 -7 7 -6 7 -7 0 0 0 0 0 0 0 0 0 0 ],1687784609.937366
CSI_DATA,STA,08:3A:F2:A8:E0:C1,-38,11,1,4,1,1,1,1,0,0,0,-95,1,1,1,19211082,0,110,0,0,19.3999,384,[110 96 6 0 0 0 0 0 0 0 0 0 -21 10 -20 8 -20 9 -20 7 -20 6 -18 5 -18 5 -17 4 -17 4 -17 3 -16 3 -16 3 -15 2 -14 2 -13 2 -14 3 -12 3 -11 3 -11 3 -10 3 -10 3 -10 4 -9 4 -8 4 -9 5 -8 6 0 0 -8 7 -7 7 -7 7 -7 8 -7 8 -7 8 -7 9 -7 9 -6 9 -6 9 -6 10 -7 9 -7 10 -6 10 -7 10 -6 10 -7 10 -6 10 -5 9 -5 9 -6 9 -6 9 -6 9 -5 9 -6 8 -5 8 0 0 0 0 0 0 0 0 0 0 ],1687784609.949415
CSI_DATA,STA,08:3A:F2:A8:E0:C1,-39,11,1,5,1,1,1,1,0,0,0,-95,1,1,1,19217970,0,110,0,0,19.4066,384,[110 96 6 0 0 0 0 0 0 0 0 0 -5 -26 -4 -25 -4 -24 -3 -23 -2 -22 -1 -22 0 -21 1 -20 0 -20 0 -18 1 -18 1 -18 1 -16 0 -16 0 -15 0 -14 0 -13 -1 -13 -2 -13 -2 -13 -3 -12 -3 -11 -3 -11 -4 -11 -4 -10 -5 -10 0 0 -6 -10 -7 -10 -7 -9 -8 -9 -8 -10 -8 -10 -9 -10 -9 -10 -9 -10 -9 -9 -10 -9 -9 -10 -10 -10 -10 -9 -10 -10 -10 -9 -10 -10 -10 -10 -9 -10 -10 -9 -9 -10 -9 -9 -9 -9 -9 -9 -8 -9 -8 -8 0 0 0 0 0 0 0 0 0 0 ],1687784609.95632
CSI_DATA,STA,08:3A:F2:A8:E0:C1,-39,11,1,5,1,1,1,1,0,0,0,-95,1,1,1,19227906,0,110,0,0,19.4166,384,[110 96 6 0 0 0 0 0 0 0 0 0 8 23 7 22 7 22 6 22 5 21 3 21 3 20 2 19 2 19 1 18 1 17 1 17 1 16 1 15 1 14 2 13 2 13 1 12 3 11 3 11 3 10 3 10 3 9 5 9 5 9 5 8 0 0 6 8 7 8 7 7 8 7 8 7 9 8 9 8 9 8 9 7 10 7 10 7 10 8 10 7 10 7 10 7 10 7 10 8 10 7 9 7 9 7 9 7 9 7 9 7 9 6 9 7 8 6 0 0 0 0 0 0 0 0 0 0 ],1687784609.965787
CSI_DATA,STA,08:3A:F2:A8:E0:C1,-39,11,1,5,1,1,1,1,0,0,0,-95,1,1,1,19239359,0,110,0,0,19.4281,384,[110 96 6 0 0 0 0 0 0 0 0 0 14 20 12 20 12 20 11 20 10 19 8 18 7 18 6 17 7 17 6 16 6 16 6 16 6 15 6 14 5 13 5 12 5 11 5 10 5 10 6 10 6 9 6 9 6 7 7 7 7 7 8 6 0 0 8 6 9 5 9 5 10 4 10 5 10 4 10 5 11 4 11 4 11 4 11 3 12 4 12 4 12 4 12 4 12 3 12 3 11 3 11 3 11 3 11 4 11 4 11 3 11 3 10 3 10 3 0 0 0 0 0 0 0 0 0 0 ],1687784609.977855
CSI_DATA,STA,08:3A:F2:A8:E0:C1,-38,11,1,4,1,1,1,1,0,0,0,-95,1,1,1,19249193,0,110,0,0,19.4379,384,[110 96 6 0 0 0 0 0 0 0 0 0 -23 4 -22 3 -22 2 -22 1 -21 1 -19 0 -19 0 -18 -1 -18 -1 -17 -1 -17 -1 -16 -2 -16 -2 -15 -2 -14 -1 -14 -1 -12 -1 -12 0 -12 0 -11 0 -10 0 -11 1 -10 1 -10 2 -10 3 -9 4 0 0 -9 5 -9 5 -9 5 -8 6 -9 6 -9 7 -10 7 -9 7 -9 7 -9 7 -9 8 -9 8 -9 8 -9 8 -9 7 -9 8 -9 8 -8 8 -8 8 -8 7 -9 7 -9 7 -9 7 -8 7 -8 7 -7 7 0 0 0 0 0 0 0 0 0 0 ],1687784609.987958
CSI_DATA,STA,08:3A:F2:A8:E0:C1,-38,11,1,4,1,1,1,1,0,0,0,-95,1,1,1,19259458,0,110,0,0,19.4483,384,[110 96 6 0 0 0 0 0 0 0 0 0 25 3 23 4 24 4 23 5 22 5 19 6 19 6 17 6 18 7 17 7 17 6 16 6 15 6 15 6 13 6 13 4 12 4 12 3 11 3 11 3 11 2 11 2 11 1 11 0 11 -1 11 -1 0 0 11 -3 11 -3 10 -4 11 -5 11 -4 11 -4 12 -5 11 -5 12 -6 11 -6 12 -7 12 -6 12 -6 11 -6 12 -6 11 -6 12 -7 11 -6 11 -6 10 -6 11 -5 11 -5 11 -5 10 -6 10 -5 9 -5 0 0 0 0 0 0 0 0 0 0 ],1687784609.998979
CSI_DATA,STA,08:3A:F2:A8:E0:C1,-38,11,1,4,1,1,1,1,0,0,0,-95,1,1,1,19270353,0,110,0,0,19.4592,384,[110 96 6 0 0 0 0 0 0 0 0 0 -21 9 -21 8 -20 7 -21 6 -20 5 -18 4 -18 3 -17 3 -17 2 -16 2 -16 3 -16 3 -15 2 -15 2 -14 2 -13 3 -12 3 -11 3 -11 3 -10 3 -10 3 -10 3 -9 4 -9 5 -9 5 -8 6 0 0 -8 7 -7 7 -7 8 -6 8 -7 8 -7 8 -7 8 -7 9 -7 9 -6 9 -6 10 -6 10 -6 10 -6 10 -6 9 -6 10 -6 10 -5 9 -6 9 -5 9 -6 9 -6 9 -6 9 -5 9 -6 8 -5 8 0 0 0 0 0 0 0 0 0 0 ],1687784610.008346
CSI_DATA,STA,08:3A:F2:A8:E0:C1,-38,11,1,4,1,1,1,1,0,0,0,-95,1,1,1,19281478,0,110,0,0,19.4702,384,[110 96 6 0 0 0 0 0 0 0 0 0 -15 -22 -14 -21 -14 -21 -12 -21 -12 -20 -10 -20 -9 -20 -8 -19 -8 -19 -7 -18 -7 -18 -6 -17 -6 -16 -6 -15 -5 -14 -6 -14 -6 -12 -6 -12 -7 -11 -6 -11 -7 -11 -7 -10 -6 -9 -8 -9 -8 -9 -8 -8 0 0 -9 -7 -10 -7 -10 -6 -11 -6 -11 -7 -11 -7 -12 -7 -12 -7 -12 -6 -12 -6 -13 -5 -12 -6 -13 -6 -12 -5 -13 -6 -12 -5 -14 -6 -13 -6 -12 -6 -12 -5 -12 -6 -12 -6 -12 -6 -12 -5 -11 -6 -11 -5 0 0 0 0 0 0 0 0 0 0 ],1687784610.019706
CSI_DATA,STA,08:3A:F2:A8:E0:C1,-38,11,1,4,1,1,1,1,0,0,0,-95,1,1,1,19294422,0,110,0,0,19.483,384,[110 96 6 0 0 0 0 0 0 0 0 0 -26 -1 -25 -2 -25 -2 -25 -4 -24 -4 -21 -4 -20 -6 -19 -5 -19 -6 -18 -5 -18 -5 -17 -5 -17 -5 -16 -5 -15 -5 -15 -3 -13 -4 -13 -3 -13 -2 -12 -3 -12 -2 -12 -2 -11 0 -11 1 -12 1 -11 2 0 0 -12 3 -11 4 -11 4 -11 5 -12 4 -12 5 -13 5 -12 6 -12 6 -11 6 -11 7 -12 6 -12 7 -12 7 -12 6 -12 7 -12 7 -11 6 -12 6 -11 6 -12 6 -12 5 -11 6 -10 7 -11 5 -10 6 0 0 0 0 0 0 0 0 0 0 ],1687784610.033088
CSI_DATA,STA,08:3A:F2:A8:E0:C1,-39,11,1,5,1,1,1,1,0,0,0,-95,1,1,1,19301245,0,110,0,0,19.4899,384,[110 96 6 0 0 0 0 0 0 0 0 0 17 -15 17 -14 16 -13 17 -12 16 -11 16 -10 16 -9 15 -9 15 -8 14 -8 14 -7 13 -7 13 -7 12 -6 12 -6 11 -7 10 -6 9 -7 9 -6 8 -7 8 -6 7 -7 7 -7 6 -7 6 -8 6 -8 0 0 5 -9 4 -9 4 -9 4 -10 4 -10 4 -11 4 -10 3 -11 3 -11 3 -11 3 -12 3 -11 3 -12 3 -12 3 -11 3 -12 3 -12 3 -12 2 -11 2 -11 3 -11 3 -11 3 -10 2 -11 2 -10 2 -10 0 0 0 0 0 0 0 0 0 0 ],1687784610.0393212
CSI_DATA,STA,08:3A:F2:A8:E0:C1,-38,11,1,4,1,1,1,1,0,0,0,-95,1,1,1,19311622,0,110,0,0,19.5004,384,[110 96 6 0 0 0 0 0 0 0 0 0 -22 -8 -21 -9 -20 -8 -21 -10 -19 -9 -17 -10 -16 -10 -15 -9 -15 -9 -14 -9 -14 -9 -13 -10 -13 -9 -13 -9 -12 -8 -12 -7 -11 -6 -10 -6 -11 -6 -10 -5 -10 -4 -10 -4 -9 -3 -10 -3 -11 -2 -10 -1 0 0 -10 0 -11 0 -11 0 -10 1 -11 1 -11 1 -12 1 -11 2 -12 2 -11 2 -12 3 -12 2 -12 2 -12 3 -12 2 -12 3 -12 3 -12 2 -11 3 -11 3 -11 2 -11 2 -11 2 -10 2 -11 1 -10 2 0 0 0 0 0 0 0 0 0 0 ],1687784610.050412
CSI_DATA,STA,08:3A:F2:A8:E0:C1,-39,11,1,5,1,1,1,1,0,0,0,-95,1,1,1,19318851,0,110,0,0,19.5075,384,[110 96 6 0 0 0 0 0 0 0 0 0 0 25 -1 24 -1 24 -2 23 -3 21 -3 21 -4 19 -4 19 -5 18 -5 17 -4 17 -5 16 -4 15 -3 15 -3 14 -3 14 -3 13 -2 12 -1 12 -1 11 -1 10 0 10 1 10 2 10 1 10 2 10 0 0 3 10 5 10 5 9 5 10 6 10 5 10 6 10 6 10 6 10 7 10 7 10 7 10 7 10 7 10 7 10 8 10 8 10 7 10 7 9 7 9 7 10 6 10 6 9 7 9 6 9 6 8 0 0 0 0 0 0 0 0 0 0 ],1687784610.0572329
CSI_DATA,STA,08:3A:F2:A8:E0:C1,-39,11,1,5,1,1,1,1,0,0,0,-95,1,1,1,19328885,0,110,0,0,19.5176,384,[110 96 6 0 0 0 0 0 0 0 0 0 -16 -21 -15 -20 -14 -20 -13 -20 -12 -19 -10 -19 -10 -19 -9 -18 -9 -18 -8 -17 -7 -17 -7 -16 -7 -15 -7 -15 -7 -14 -7 -13 -6 -12 -6 -12 -7 -11 -7 -11 -7 -10 -8 -9 -7 -9 -8 -8 -9 -8 -9 -7 0 0 -9 -7 -10 -6 -10 -6 -11 -5 -11 -6 -12 -6 -12 -5 -12 -5 -12 -5 -13 -5 -13 -5 -13 -5 -13 -5 -13 -5 -13 -5 -13 -5 -13 -5 -13 -5 -13 -5 -12 -5 -12 -5 -12 -5 -12 -5 -12 -4 -11 -5 -11 -4 0 0 0 0 0 0 0 0 0 0 ],1687784610.068028
CSI_DATA,STA,08:3A:F2:A8:E0:C1,-39,11,1,5,1,1,1,1,0,0,0,-95,1,1,1,19340449,0,110,0,0,19.5292,384,[110 96 6 0 0 0 0 0 0 0 0 0 21 11 20 12 20 12 19 13 18 12 16 13 15 13 14 12 13 12 13 12 12 11 12 11 12 11 12 10 11 10 10 8 9 8 9 7 9 7 10 6 9 6 10 5 9 4 9 3 10 3 10 2 0 0 10 2 11 1 10 0 11 -1 11 0 12 -1 12 -1 12 -1 12 -1 12 -2 12 -2 12 -2 12 -2 12 -1 12 -2 12 -2 13 -2 12 -2 12 -2 11 -2 12 -1 11 -2 11 -2 11 -2 11 -2 10 -2 0 0 0 0 0 0 0 0 0 0 ],1687784610.078739
CSI_DATA,STA,08:3A:F2:A8:E0:C1,-39,11,1,5,1,1,1,1,0,0,0,-95,1,1,1,19348719,0,110,0,0,19.5375,384,[110 96 6 0 0 0 0 0 0 0 0 0 18 -18 17 -17 17 -17 17 -15 17 -14 17 -13 16 -12 16 -11 16 -11 15 -10 15 -10 14 -9 13 -8 13 -8 12 -8 11 -8 10 -8 10 -8 9 -8 9 -8 8 -8 8 -8 7 -8 6 -9 6 -9 6 -10 0 0 5 -10 4 -10 4 -10 4 -11 3 -11 3 -12 3 -12 3 -12 3 -13 3 -13 2 -13 2 -13 2 -13 3 -13 3 -13 2 -13 3 -13 2 -13 3 -12 2 -13 3 -12 2 -12 3 -12 2 -12 2 -12 2 -11 0 0 0 0 0 0 0 0 0 0 ],1687784610.086545
CSI_DATA,STA,08:3A:F2:A8:E0:C1,-39,11,1,5,1,1,1,1,0,0,0,-95,1,1,1,19358820,0,110,0,0,19.5478,384,[110 96 6 0 0 0 0 0 0 0 0 0 -23 11 -22 10 -23 9 -22 8 -22 7 -20 6 -20 5 -19 5 -19 4 -18 3 -18 4 -17 3 -16 3 -16 3 -15 3 -14 3 -13 3 -13 3 -12 3 -11 3 -11 4 -10 4 -10 5 -9 5 -9 6 -9 7 0 0 -8 8 -8 8 -7 8 -7 9 -8 9 -7 9 -8 10 -7 10 -7 10 -7 10 -7 10 -8 10 -8 11 -7 11 -8 11 -7 11 -7 11 -7 10 -7 10 -7 10 -7 10 -7 10 -7 10 -6 10 -7 9 -6 9 0 0 0 0 0 0 0 0 0 0 ],1687784610.097718
CSI_DATA,STA,08:3A:F2:A8:E0:C1,-39,11,1,5,1,1,1,1,0,0,0,-95,1,1,1,19370591,0,110,0,0,19.5595,384,[110 96 6 0 0 0 0 0 0 0 0 0 -9 26 -10 25 -10 23 -11 23 -11 21 -11 20 -12 18 -11 18 -12 17 -11 16 -11 16 -10 15 -10 14 -10 14 -9 13 -9 13 -8 12 -7 12 -6 11 -6 11 -5 10 -4 10 -4 11 -2 11 -2 11 -2 11 0 0 -1 12 0 12 1 12 1 12 1 12 2 13 2 13 2 13 2 13 2 13 3 13 3 13 3 14 2 14 2 14 3 13 3 14 3 13 2 13 2 13 2 13 2 13 2 12 2 12 2 12 2 11 0 0 0 0 0 0 0 0 0 0 ],1687784610.10945
CSI_DATA,STA,08:3A:F2:A8:E0:C1,-39,11,1,5,1,1,1,1,0,0,0,-95,1,1,1,19378466,0,110,0,0,19.5672,384,[110 96 6 0 0 0 0 0 0 0 0 0 13 21 11 20 11 21 10 20 9 19 7 19 6 18 5 18 5 18 5 17 4 16 4 16 4 15 4 14 4 13 4 13 4 12 4 11 5 10 5 10 5 10 5 9 5 8 6 8 7 8 7 7 0 0 7 7 8 6 9 6 9 6 9 6 10 6 10 6 10 6 11 5 11 5 11 5 11 6 11 5 11 5 12 5 11 5 12 5 11 5 11 5 11 5 10 6 10 5 10 5 10 4 10 5 9 4 0 0 0 0 0 0 0 0 0 0 ],1687784610.116481
CSI_DATA,STA,08:3A:F2:A8:E0:C1,-39,11,1,5,1,1,1,1,0,0,0,-95,1,1,1,19394782,0,110,0,0,19.5835,384,[110 96 6 0 0 0 0 0 0 0 0 0 24 1 24 2 23 2 23 3 22 4 20 4 19 5 18 4 18 5 17 5 16 5 16 5 15 4 15 4 14 4 13 3 12 3 12 2 12 2 11 2 11 1 10 1 10 0 10 -1 10 -1 10 -3 0 0 10 -3 10 -3 10 -4 10 -5 11 -5 11 -5 11 -5 11 -6 11 -6 11 -6 10 -7 11 -7 11 -6 11 -7 11 -6 11 -7 11 -7 11 -7 11 -6 10 -6 10 -6 10 -6 10 -6 10 -6 10 -5 9 -6 0 0 0 0 0 0 0 0 0 0 ],1687784610.1332438
CSI_DATA,STA,08:3A:F2:A8:E0:C1,-38,11,1,4,1,1,1,1,0,0,0,-95,1,1,1,19402897,0,110,0,0,19.5915,384,[110 96 6 0 0 0 0 0 0 0 0 0 18 -19 17 -17 18 -17 19 -15 18 -14 17 -12 17 -12 16 -10 16 -10 16 -9 15 -9 15 -9 15 -8 14 -8 13 -7 12 -9 11 -7 10 -8 9 -7 9 -8 9 -7 8 -8 8 -8 7 -9 7 -9 6 -10 0 0 5 -10 5 -11 4 -11 4 -12 4 -12 4 -12 4 -13 4 -13 4 -13 3 -13 3 -13 4 -13 3 -13 3 -13 4 -14 3 -13 4 -14 3 -13 4 -13 3 -13 4 -12 4 -12 4 -12 3 -12 4 -11 3 -11 0 0 0 0 0 0 0 0 0 0 ],1687784610.1405718
CSI_DATA,STA,08:3A:F2:A8:E0:C1,-39,11,1,5,1,1,1,1,0,0,0,-95,1,1,1,19414615,0,110,0,0,19.6033,384,[110 96 6 0 0 0 0 0 0 0 0 0 9 23 8 21 8 22 6 21 6 21 4 20 4 20 3 18 3 18 2 18 2 17 1 17 2 15 2 14 2 14 3 14 2 12 2 12 3 11 4 11 3 10 4 9 4 9 6 9 5 8 6 8 0 0 6 8 8 7 8 6 9 7 9 6 9 6 10 7 10 7 10 6 10 6 10 6 10 7 10 6 10 6 11 6 10 5 11 6 11 5 10 6 10 5 10 6 10 6 10 5 10 5 9 6 9 5 0 0 0 0 0 0 0 0 0 0 ],1687784610.1527
CSI_DATA,STA,08:3A:F2:A8:E0:C1,-38,11,1,4,1,1,1,1,0,0,0,-95,1,1,1,19422296,0,110,0,0,19.6109,384,[110 96 6 0 0 0 0 0 0 0 0 0 20 14 19 14 20 14 18 15 17 15 15 14 14 14 12 14 12 14 12 13 12 13 11 13 11 12 11 11 10 11 10 10 9 9 9 8 9 7 9 7 9 7 9 6 9 5 9 4 10 4 10 3 0 0 10 2 11 2 11 1 11 1 12 1 12 1 12 1 12 0 13 0 12 -1 13 -1 13 -1 13 -1 13 -1 13 -1 13 -1 14 -1 13 -1 13 -1 12 -1 12 0 12 0 12 -1 12 -2 11 0 11 -1 0 0 0 0 0 0 0 0 0 0 ],1687784610.161352
CSI_DATA,STA,08:3A:F2:A8:E0:C1,-38,11,1,4,1,1,1,1,0,0,0,-95,1,1,1,19430258,0,110,0,0,19.6189,384,[110 96 6 0 0 0 0 0 0 0 0 0 -24 -13 -21 -12 -22 -12 -21 -13 -20 -13 -17 -13 -17 -13 -15 -13 -15 -13 -15 -13 -14 -13 -13 -13 -13 -12 -13 -11 -12 -10 -13 -9 -11 -9 -11 -8 -11 -7 -11 -7 -11 -7 -11 -6 -10 -5 -11 -5 -12 -4 -11 -3 0 0 -11 -2 -12 -1 -12 -1 -13 -1 -13 -1 -13 -1 -14 -1 -13 0 -14 0 -14 0 -14 1 -14 0 -14 1 -13 1 -14 1 -14 1 -15 1 -13 1 -13 1 -13 1 -13 0 -13 0 -13 0 -12 1 -12 0 -12 0 0 0 0 0 0 0 0 0 0 0 ],1687784610.1684768
CSI_DATA,STA,08:3A:F2:A8:E0:C1,-38,11,1,4,1,1,1,1,0,0,0,-95,1,1,1,19440200,0,110,0,0,19.629,384,[110 96 6 0 0 0 0 0 0 0 0 0 -14 18 -14 17 -13 17 -15 16 -14 14 -14 13 -14 12 -13 12 -14 11 -12 10 -13 10 -13 10 -12 9 -11 9 -11 8 -10 8 -9 8 -9 7 -8 7 -7 7 -7 7 -6 8 -6 7 -5 8 -5 9 -4 8 0 0 -4 9 -3 9 -3 10 -2 10 -2 10 -2 11 -3 11 -2 11 -2 11 -2 11 -1 11 -2 11 -2 11 -1 12 -2 11 -1 11 -1 11 -1 11 -1 11 -1 10 -2 11 -2 10 -2 10 -1 10 -2 10 -1 10 0 0 0 0 0 0 0 0 0 0 ],1687784610.178574
CSI_DATA,STA,08:3A:F2:A8:E0:C1,-39,11,1,5,1,1,1,1,0,0,0,-95,1,1,1,19448787,0,110,0,0,19.6375,384,[110 96 6 0 0 0 0 0 0 0 0 0 -23 1 -22 0 -22 0 -22 -1 -21 -2 -19 -2 -18 -3 -18 -2 -18 -3 -17 -3 -16 -2 -16 -3 -15 -3 -14 -2 -14 -2 -13 -2 -12 -1 -12 -1 -11 -1 -11 -1 -11 0 -11 0 -10 1 -10 2 -10 2 -10 3 0 0 -9 4 -9 4 -9 5 -9 5 -9 5 -9 6 -10 6 -9 6 -10 7 -9 7 -9 8 -9 7 -9 8 -9 7 -9 7 -9 7 -9 8 -9 7 -9 7 -9 7 -9 7 -9 7 -9 7 -8 7 -8 7 -7 6 0 0 0 0 0 0 0 0 0 0 ],1687784610.186688
CSI_DATA,STA,08:3A:F2:A8:E0:C1,-39,11,1,5,1,1,1,1,0,0,0,-95,1,1,1,19458768,0,110,0,0,19.6475,384,[110 96 6 0 0 0 0 0 0 0 0 0 -16 16 -16 15 -16 14 -16 14 -16 12 -16 11 -15 11 -15 10 -15 9 -14 9 -14 9 -14 8 -13 7 -12 7 -11 7 -11 7 -10 7 -10 7 -8 7 -8 7 -7 7 -7 7 -6 7 -6 7 -6 8 -5 8 0 0 -4 9 -4 9 -3 10 -3 9 -3 10 -3 10 -3 11 -2 10 -2 10 -2 11 -2 11 -2 11 -2 11 -2 11 -2 11 -1 11 -1 11 -1 11 -1 11 -1 10 -2 11 -2 10 -2 10 -1 10 -1 10 -1 9 0 0 0 0 0 0 0 0 0 0 ],1687784610.1968188
CSI_DATA,STA,08:3A:F2:A8:E0:C1,-39,11,1,5,1,1,1,1,0,0,0,-95,1,1,1,19469720,0,110,0,0,19.6586,384,[110 96 6 0 0 0 0 0 0 0 0 0 -16 -21 -14 -21 -14 -20 -13 -21 -11 -19 -10 -19 -8 -19 -8 -18 -7 -18 -8 -16 -8 -16 -7 -16 -8 -15 -7 -15 -7 -14 -7 -13 -6 -12 -6 -12 -7 -11 -6 -11 -7 -10 -7 -10 -7 -8 -8 -8 -9 -8 -9 -7 0 0 -9 -7 -10 -6 -11 -6 -11 -5 -11 -6 -11 -6 -12 -6 -12 -6 -12 -6 -12 -5 -13 -4 -13 -5 -13 -5 -13 -5 -13 -6 -13 -5 -13 -5 -13 -5 -12 -5 -12 -5 -12 -5 -12 -5 -11 -5 -12 -4 -11 -4 -11 -4 0 0 0 0 0 0 0 0 0 0 ],1687784610.210113
CSI_DATA,STA,08:3A:F2:A8:E0:C1,-38,11,1,4,1,1,1,1,0,0,0,-95,1,1,1,19481945,0,110,0,0,19.6707,384,[110 96 6 0 0 0 0 0 0 0 0 0 -21 -16 -19 -16 -19 -16 -19 -17 -17 -16 -15 -16 -14 -16 -13 -16 -12 -15 -12 -15 -12 -15 -11 -14 -11 -13 -11 -13 -10 -12 -10 -12 -9 -11 -9 -10 -9 -9 -9 -9 -9 -8 -9 -8 -9 -7 -10 -6 -11 -6 -11 -5 0 0 -11 -5 -12 -4 -12 -3 -12 -2 -13 -3 -13 -3 -13 -3 -13 -3 -14 -3 -13 -2 -14 -1 -14 -2 -14 -2 -14 -1 -14 -3 -14 -2 -14 -2 -13 -1 -13 -2 -13 -2 -13 -2 -13 -3 -13 -2 -13 -1 -12 -2 -12 -2 0 0 0 0 0 0 0 0 0 0 ],1687784610.2207959
CSI_DATA,STA,08:3A:F2:A8:E0:C1,-39,11,1,5,1,1,1,1,0,0,0,-95,1,1,1,19492300,0,110,0,0,19.6809,384,[110 96 6 0 0 0 0 0 0 0 0 0 19 -12 18 -11 18 -11 17 -10 18 -9 16 -8 16 -7 16 -6 15 -6 15 -6 15 -5 14 -5 13 -5 12 -5 11 -4 12 -5 10 -5 10 -5 9 -5 9 -5 8 -5 8 -6 7 -6 6 -7 7 -7 6 -7 0 0 6 -8 5 -9 4 -8 5 -9 4 -9 5 -10 5 -10 4 -10 4 -10 4 -11 4 -11 4 -11 4 -11 4 -11 4 -11 3 -11 4 -12 4 -11 4 -11 3 -11 4 -11 4 -10 4 -10 3 -10 3 -10 3 -9 0 0 0 0 0 0 0 0 0 0 ],1687784610.23046
CSI_DATA,STA,08:3A:F2:A8:E0:C1,-39,11,1,5,1,1,1,1,0,0,0,-95,1,1,1,19499324,0,110,0,0,19.6879,384,[110 96 6 0 0 0 0 0 0 0 0 0 16 19 15 18 15 18 13 18 12 18 10 18 10 17 9 17 8 16 8 15 7 16 7 15 7 14 7 13 7 13 7 12 6 11 6 11 7 9 7 9 7 8 7 8 7 7 8 6 8 7 8 6 0 0 9 5 10 5 10 4 10 4 10 4 11 4 11 4 11 4 11 3 12 4 12 3 12 4 12 4 12 4 12 3 12 3 13 4 12 3 12 3 11 3 11 3 11 3 11 3 11 3 10 3 10 3 0 0 0 0 0 0 0 0 0 0 ],1687784610.23735
CSI_DATA,STA,08:3A:F2:A8:E0:C1,-39,11,1,5,1,1,1,1,0,0,0,-95,1,1,1,19510118,0,110,0,0,19.6989,384,[110 96 6 0 0 0 0 0 0 0 0 0 -15 20 -15 18 -16 18 -16 16 -16 15 -15 14 -15 14 -15 12 -15 12 -14 11 -14 11 -14 10 -13 9 -12 9 -11 9 -11 10 -10 9 -9 9 -8 8 -8 8 -7 8 -7 8 -6 9 -5 9 -5 9 -5 9 0 0 -4 10 -3 10 -2 10 -2 11 -2 11 -2 12 -2 11 -2 12 -1 12 -1 12 -1 12 -1 12 -1 13 -1 12 -1 13 0 12 -1 12 0 12 0 12 -1 12 -1 12 -1 12 -1 12 -1 11 -1 11 0 10 0 0 0 0 0 0 0 0 0 0 ],1687784610.248505
CSI_DATA,STA,08:3A:F2:A8:E0:C1,-39,11,1,5,1,1,1,1,0,0,0,-95,1,1,1,19518757,0,110,0,0,19.7075,384,[110 96 6 0 0 0 0 0 0 0 0 0 22 3 21 3 21 4 20 5 19 5 17 5 17 5 16 5 15 5 15 5 15 5 14 5 13 5 13 5 12 5 12 4 11 3 10 2 10 2 10 2 9 2 9 1 10 0 9 0 9 -1 9 -2 0 0 9 -3 9 -3 9 -3 9 -4 9 -4 10 -5 10 -5 10 -5 10 -6 10 -6 10 -6 10 -6 10 -6 10 -6 10 -6 9 -6 10 -7 9 -6 9 -6 9 -6 9 -6 9 -6 9 -6 8 -6 8 -5 8 -5 0 0 0 0 0 0 0 0 0 0 ],1687784610.2571762
CSI_DATA,STA,08:3A:F2:A8:E0:C1,-39,11,1,5,1,1,1,1,0,0,0,-95,1,1,1,19528759,0,110,0,0,19.7175,384,[110 96 6 0 0 0 0 0 0 0 0 0 -18 -18 -17 -18 -17 -18 -16 -18 -15 -18 -13 -17 -12 -17 -11 -16 -11 -16 -11 -16 -10 -15 -10 -15 -9 -14 -9 -14 -8 -13 -9 -12 -8 -11 -8 -11 -9 -10 -9 -9 -8 -9 -9 -8 -9 -7 -9 -7 -10 -7 -10 -6 0 0 -10 -5 -11 -5 -11 -4 -12 -3 -12 -4 -12 -4 -13 -4 -13 -3 -13 -3 -13 -3 -14 -2 -14 -3 -13 -3 -13 -2 -14 -2 -14 -2 -14 -2 -13 -2 -13 -2 -13 -2 -13 -3 -13 -3 -12 -2 -12 -2 -12 -3 -11 -2 0 0 0 0 0 0 0 0 0 0 ],1687784610.2674592
CSI_DATA,STA,08:3A:F2:A8:E0:C1,-39,11,1,5,1,1,1,1,0,0,0,-95,1,1,1,19538848,0,110,0,0,19.7276,384,[110 96 6 0 0 0 0 0 0 0 0 0 1 -26 3 -26 2 -23 3 -24 4 -22 5 -22 5 -20 5 -19 6 -19 5 -17 5 -18 5 -17 4 -16 3 -15 4 -15 3 -14 3 -13 3 -12 1 -13 2 -12 1 -12 0 -12 0 -11 -2 -11 -2 -11 -2 -11 0 0 -3 -12 -4 -11 -5 -11 -5 -11 -5 -12 -5 -12 -6 -12 -6 -12 -6 -12 -7 -11 -7 -12 -7 -12 -7 -12 -7 -12 -6 -12 -7 -12 -7 -12 -7 -12 -7 -12 -7 -12 -6 -12 -6 -12 -6 -11 -7 -10 -6 -11 -6 -10 0 0 0 0 0 0 0 0 0 0 ],1687784610.277406
CSI_DATA,STA,08:3A:F2:A8:E0:C1,-39,11,1,5,1,1,1,1,0,0,0,-95,1,1,1,19549227,0,110,0,0,19.738,384,[110 96 6 0 0 0 0 0 0 0 0 0 4 -23 4 -22 5 -22 5 -20 6 -20 6 -18 6 -17 7 -17 7 -17 6 -16 6 -15 6 -15 5 -14 5 -13 5 -12 5 -13 4 -11 4 -12 3 -11 3 -11 2 -10 1 -10 1 -10 0 -10 0 -10 -1 -10 0 0 -1 -10 -2 -10 -3 -10 -4 -10 -3 -11 -4 -11 -4 -11 -4 -11 -4 -11 -4 -11 -5 -11 -4 -12 -5 -12 -5 -11 -5 -12 -5 -11 -5 -12 -5 -11 -4 -11 -5 -11 -4 -11 -4 -11 -4 -11 -5 -10 -4 -10 -4 -10 0 0 0 0 0 0 0 0 0 0 ],1687784610.2875578
CSI_DATA,STA,08:3A:F2:A8:E0:C1,-39,11,1,5,1,1,1,1,0,0,0,-95,1,1,1,19560013,0,110,0,0,19.7488,384,[110 96 6 0 0 0 0 0 0 0 0 0 2 -23 3 -22 3 -22 4 -21 4 -20 5 -18 5 -18 5 -17 5 -17 5 -16 5 -16 5 -15 4 -14 4 -14 4 -13 4 -13 3 -12 2 -12 1 -11 2 -11 1 -11 0 -10 0 -10 -1 -10 -1 -10 -2 -10 0 0 -3 -10 -3 -10 -4 -10 -4 -10 -4 -10 -5 -11 -5 -11 -5 -11 -6 -11 -6 -10 -6 -11 -6 -11 -6 -11 -6 -11 -6 -11 -6 -10 -6 -11 -6 -10 -6 -10 -6 -10 -6 -10 -6 -10 -6 -10 -6 -9 -5 -10 -5 -9 0 0 0 0 0 0 0 0 0 0 ],1687784610.2987149
CSI_DATA,STA,08:3A:F2:A8:E0:C1,-38,11,1,4,1,1,1,1,0,0,0,-95,1,1,1,19571500,0,110,0,0,19.7604,384,[110 96 6 0 0 0 0 0 0 0 0 0 18 -13 18 -13 17 -12 18 -11 17 -10 16 -9 16 -8 15 -7 16 -7 15 -7 15 -6 14 -7 13 -6 12 -6 11 -5 12 -6 11 -5 10 -6 9 -6 9 -6 8 -6 8 -6 7 -6 6 -7 6 -7 6 -8 0 0 5 -9 5 -9 4 -9 4 -10 4 -10 4 -10 5 -11 4 -11 4 -11 3 -11 3 -11 3 -11 4 -12 3 -12 4 -11 3 -12 4 -12 3 -11 3 -11 2 -11 3 -11 3 -11 3 -11 2 -10 3 -10 2 -10 0 0 0 0 0 0 0 0 0 0 ],1687784610.309671
CSI_DATA,STA,08:3A:F2:A8:E0:C1,-39,11,1,5,1,1,1,1,0,0,0,-95,1,1,1,19578845,0,110,0,0,19.7675,384,[110 96 6 0 0 0 0 0 0 0 0 0 25 -4 24 -3 23 -2 23 -1 22 0 20 0 20 1 19 1 18 1 18 1 17 1 16 1 16 1 15 1 14 1 14 0 12 0 12 -1 12 -1 12 -1 11 -1 11 -2 10 -3 9 -3 10 -4 9 -5 0 0 9 -6 9 -6 9 -7 9 -7 9 -7 9 -8 9 -8 9 -8 9 -9 9 -9 9 -9 9 -9 9 -9 9 -9 9 -9 9 -9 9 -10 8 -9 9 -9 8 -9 9 -8 8 -8 8 -9 8 -9 8 -8 7 -8 0 0 0 0 0 0 0 0 0 0 ],1687784610.316247
CSI_DATA,STA,08:3A:F2:A8:E0:C1,-39,11,1,5,1,1,1,1,0,0,0,-95,1,1,1,19590367,0,110,0,0,19.7791,384,[110 96 6 0 0 0 0 0 0 0 0 0 13 21 11 20 11 20 10 20 9 19 7 19 6 18 6 18 5 18 5 16 5 16 4 15 5 15 5 14 4 13 4 13 4 12 4 11 5 10 5 10 5 9 5 9 5 8 7 7 7 7 7 7 0 0 8 6 9 6 9 5 9 5 9 5 10 5 10 6 11 5 11 5 11 5 11 4 11 5 12 5 11 5 11 5 11 5 12 5 11 4 11 5 10 5 11 5 10 5 10 4 10 4 10 4 10 4 0 0 0 0 0 0 0 0 0 0 ],1687784610.3286679
CSI_DATA,STA,08:3A:F2:A8:E0:C1,-39,11,1,5,1,1,1,1,0,0,0,-95,1,1,1,19600279,0,110,0,0,19.789,384,[110 96 6 0 0 0 0 0 0 0 0 0 18 17 17 17 16 16 15 17 14 16 13 16 11 16 11 15 10 16 10 14 9 15 8 14 8 13 9 13 8 12 7 11 7 11 7 9 8 9 8 8 8 8 8 7 8 6 8 5 9 6 9 5 0 0 9 4 10 4 11 4 10 3 11 3 11 3 11 3 12 2 12 3 12 2 12 2 12 3 13 2 13 2 12 3 13 2 12 2 12 2 12 2 12 2 12 3 12 2 11 2 11 2 11 2 10 2 0 0 0 0 0 0 0 0 0 0 ],1687784610.338049
CSI_DATA,STA,08:3A:F2:A8:E0:C1,-39,11,1,5,1,1,1,1,0,0,0,-95,1,1,1,19608720,0,110,0,0,19.7975,384,[110 96 6 0 0 0 0 0 0 0 0 0 22 10 21 10 21 10 20 11 19 10 17 11 16 11 15 11 15 11 14 11 13 11 12 11 12 10 12 9 11 8 12 8 10 7 10 6 10 6 10 5 9 5 10 4 10 3 10 3 10 3 10 1 0 0 11 1 11 0 10 -1 11 -1 11 -1 12 -1 12 -1 12 -2 12 -2 12 -2 12 -2 13 -2 13 -2 12 -2 13 -3 12 -3 13 -3 12 -2 12 -2 12 -2 12 -2 11 -2 11 -2 11 -2 11 -2 10 -2 0 0 0 0 0 0 0 0 0 0 ],1687784610.347028
CSI_DATA,STA,08:3A:F2:A8:E0:C1,-38,11,1,4,1,1,1,1,0,0,0,-95,1,1,1,19621806,0,110,0,0,19.8106,384,[110 96 6 0 0 0 0 0 0 0 0 0 21 4 21 5 20 5 20 7 18 6 17 7 16 7 15 6 14 7 14 6 14 6 14 6 13 6 13 6 12 6 11 5 11 5 10 3 10 3 9 3 9 3 10 2 9 1 9 0 9 0 9 -1 0 0 10 -2 9 -2 10 -2 9 -3 10 -3 10 -3 11 -3 10 -4 10 -4 10 -5 10 -5 10 -5 11 -5 11 -5 10 -5 11 -5 11 -5 10 -6 10 -5 9 -5 10 -4 10 -4 9 -4 9 -5 9 -4 9 -5 0 0 0 0 0 0 0 0 0 0 ],1687784610.359592
CSI_DATA,STA,08:3A:F2:A8:E0:C1,-39,11,1,5,1,1,1,1,0,0,0,-95,1,1,1,19628749,0,110,0,0,19.8174,384,[110 96 6 0 0 0 0 0 0 0 0 0 22 16 20 16 20 16 19 16 18 16 16 16 15 16 14 16 13 16 13 15 11 15 11 15 11 14 11 13 10 13 10 11 9 10 9 10 9 9 10 8 9 8 9 7 10 6 10 6 11 5 10 4 0 0 11 3 12 4 12 2 12 2 12 3 13 2 13 2 13 1 14 2 14 1 14 1 14 2 14 1 14 1 14 2 14 1 15 1 14 1 13 1 13 1 13 2 13 2 13 2 12 1 12 2 11 2 0 0 0 0 0 0 0 0 0 0 ],1687784610.366884
CSI_DATA,STA,08:3A:F2:A8:E0:C1,-39,11,1,5,1,1,1,1,0,0,0,-95,1,1,1,19638957,0,110,0,0,19.8277,384,[110 96 6 0 0 0 0 0 0 0 0 0 14 -21 14 -20 14 -20 15 -18 14 -17 14 -16 14 -14 14 -14 14 -13 13 -12 13 -13 12 -12 12 -11 11 -11 10 -10 10 -10 9 -9 8 -10 7 -9 7 -9 6 -10 6 -9 5 -9 4 -10 4 -10 3 -11 0 0 3 -11 2 -11 2 -11 1 -12 1 -12 1 -13 1 -13 1 -13 1 -13 0 -13 0 -14 0 -14 0 -14 0 -14 0 -13 0 -13 0 -14 0 -13 0 -13 0 -13 0 -13 0 -13 0 -13 -1 -12 0 -12 0 -11 0 0 0 0 0 0 0 0 0 0 ],1687784610.377589
CSI_DATA,STA,08:3A:F2:A8:E0:C1,-39,11,1,5,1,1,1,1,0,0,0,-95,1,1,1,19648723,0,110,0,0,19.8375,384,[110 96 6 0 0 0 0 0 0 0 0 0 -21 14 -22 13 -20 12 -22 11 -20 10 -20 9 -19 7 -18 7 -18 6 -17 6 -17 6 -16 6 -15 5 -15 5 -14 5 -13 6 -13 5 -11 5 -11 5 -10 5 -10 6 -9 6 -9 6 -8 7 -8 8 -8 8 0 0 -7 9 -6 9 -6 10 -5 10 -6 10 -5 10 -6 11 -5 11 -5 11 -5 11 -5 12 -5 12 -5 12 -4 13 -5 11 -4 12 -4 12 -4 12 -4 12 -4 11 -5 11 -5 11 -4 11 -4 11 -4 10 -4 10 0 0 0 0 0 0 0 0 0 0 ],1687784610.387323
CSI_DATA,STA,08:3A:F2:A8:E0:C1,-39,11,1,5,1,1,1,1,0,0,0,-95,1,1,1,19658751,0,110,0,0,19.8475,384,[110 96 6 0 0 0 0 0 0 0 0 0 -3 -26 -2 -25 -2 -24 -1 -24 0 -23 1 -22 1 -21 2 -20 2 -20 2 -18 2 -18 2 -17 2 -16 1 -16 2 -15 1 -15 1 -14 0 -14 -1 -12 -1 -12 -1 -12 -2 -12 -2 -11 -3 -11 -4 -11 -4 -11 0 0 -5 -11 -6 -10 -6 -10 -7 -10 -7 -10 -8 -10 -8 -10 -9 -10 -9 -10 -9 -10 -9 -10 -9 -11 -9 -10 -9 -10 -9 -11 -9 -10 -9 -11 -9 -10 -9 -10 -9 -10 -8 -10 -8 -10 -8 -10 -9 -9 -8 -9 -8 -9 0 0 0 0 0 0 0 0 0 0 ],1687784610.3976068
CSI_DATA,STA,08:3A:F2:A8:E0:C1,-39,11,1,5,1,1,1,1,0,0,0,-95,1,1,1,19668671,0,110,0,0,19.8575,384,[110 96 6 0 0 0 0 0 0 0 0 0 3 -26 4 -25 4 -24 5 -23 5 -22 6 -21 6 -20 6 -19 6 -19 6 -18 6 -17 6 -16 5 -15 5 -15 5 -14 5 -14 4 -13 3 -13 3 -12 2 -12 1 -11 1 -11 1 -11 -1 -11 -1 -11 -1 -11 0 0 -2 -11 -3 -12 -4 -12 -4 -11 -5 -12 -5 -12 -5 -12 -5 -12 -5 -12 -6 -12 -6 -12 -6 -12 -6 -13 -6 -13 -5 -13 -6 -12 -6 -13 -6 -12 -6 -13 -6 -12 -5 -12 -5 -12 -5 -12 -6 -11 -5 -11 -5 -11 0 0 0 0 0 0 0 0 0 0 ],1687784610.4074821
CSI_DATA,STA,08:3A:F2:A8:E0:C1,-39,11,1,5,1,1,1,1,0,0,0,-95,1,1,1,19679075,0,110,0,0,19.868,384,[110 96 6 0 0 0 0 0 0 0 0 0 -17 -20 -16 -20 -15 -20 -14 -20 -13 -19 -11 -19 -10 -18 -9 -18 -9 -18 -9 -17 -8 -16 -8 -16 -8 -15 -8 -14 -7 -14 -7 -13 -7 -12 -7 -11 -7 -11 -7 -10 -7 -10 -8 -9 -8 -8 -9 -8 -9 -8 -9 -6 0 0 -9 -7 -10 -6 -11 -5 -11 -5 -12 -5 -12 -5 -12 -5 -12 -5 -12 -5 -12 -4 -13 -4 -13 -4 -13 -4 -13 -4 -13 -5 -13 -4 -13 -4 -13 -5 -13 -4 -12 -4 -12 -4 -12 -5 -12 -4 -12 -3 -12 -4 -11 -4 0 0 0 0 0 0 0 0 0 0 ],1687784610.417707
CSI_DATA,STA,08:3A:F2:A8:E0:C1,-39,11,1,5,1,1,1,1,0,0,0,-95,1,1,1,19688734,0,110,0,0,19.8775,384,[110 96 6 0 0 0 0 0 0 0 0 0 20 -10 20 -9 19 -9 19 -7 19 -7 17 -5 17 -5 17 -4 16 -4 16 -4 15 -3 15 -3 14 -3 13 -3 12 -3 12 -3 11 -3 10 -3 10 -4 10 -4 9 -4 9 -4 8 -5 7 -5 8 -6 7 -7 0 0 7 -7 6 -8 6 -8 6 -9 6 -9 6 -9 6 -9 6 -10 6 -10 6 -10 5 -10 6 -10 6 -10 6 -10 6 -10 5 -10 6 -11 5 -10 6 -10 5 -10 6 -10 6 -10 6 -10 4 -9 5 -9 5 -9 0 0 0 0 0 0 0 0 0 0 ],1687784610.426501
CSI_DATA,STA,08:3A:F2:A8:E0:C1,-39,11,1,5,1,1,1,1,0,0,0,-95,1,1,1,19702580,0,110,0,0,19.8913,384,[110 96 6 0 0 0 0 0 0 0 0 0 16 -20 16 -19 15 -18 16 -17 15 -16 16 -14 15 -13 15 -13 15 -12 14 -12 14 -12 13 -11 12 -10 12 -10 11 -9 11 -10 10 -9 9 -9 8 -9 8 -9 7 -9 7 -9 6 -9 5 -10 5 -10 4 -10 0 0 3 -11 2 -11 2 -11 2 -12 2 -12 2 -13 2 -13 2 -13 2 -14 1 -13 0 -13 1 -14 0 -14 1 -14 1 -14 0 -14 1 -14 0 -14 1 -13 1 -13 1 -13 1 -13 1 -13 0 -12 0 -12 0 -11 0 0 0 0 0 0 0 0 0 0 ],1687784610.440392
CSI_DATA,STA,08:3A:F2:A8:E0:C1,-39,11,1,5,1,1,1,1,0,0,0,-95,1,1,1,19709335,0,110,0,0,19.898,384,[110 96 6 0 0 0 0 0 0 0 0 0 8 24 7 23 7 23 5 22 4 21 3 20 3 20 2 19 1 19 2 17 1 17 1 16 1 16 2 15 1 14 1 14 1 13 2 12 2 11 3 11 3 11 4 10 4 9 5 9 5 9 5 9 0 0 6 8 7 8 7 8 8 7 8 8 9 8 9 8 9 7 9 8 10 7 10 7 10 8 11 8 10 8 10 8 10 7 10 7 10 7 9 7 10 7 10 7 9 7 9 7 9 7 8 7 9 7 0 0 0 0 0 0 0 0 0 0 ],1687784610.446537
CSI_DATA,STA,08:3A:F2:A8:E0:C1,-39,11,1,5,1,1,1,1,0,0,0,-95,1,1,1,19718780,0,110,0,0,19.9075,384,[110 96 6 0 0 0 0 0 0 0 0 0 22 10 21 10 21 11 20 11 19 11 17 11 16 11 15 11 15 10 14 11 13 11 13 10 12 10 12 9 11 8 12 7 10 7 10 6 10 5 10 5 10 5 10 4 10 3 10 2 10 2 10 1 0 0 10 0 11 0 11 -1 11 -2 11 -1 12 -2 12 -2 12 -3 13 -3 12 -3 12 -3 12 -3 12 -3 13 -3 13 -3 12 -3 13 -4 12 -4 12 -4 11 -3 12 -3 11 -4 11 -3 11 -4 11 -3 10 -3 0 0 0 0 0 0 0 0 0 0 ],1687784610.456744
CSI_DATA,STA,08:3A:F2:A8:E0:C1,-39,11,1,5,1,1,1,1,0,0,0,-95,1,1,1,19730205,0,110,0,0,19.9189,384,[110 96 6 0 0 0 0 0 0 0 0 0 16 15 15 15 14 15 13 15 12 15 11 14 10 14 9 14 9 14 9 13 8 13 8 13 8 12 7 11 7 10 7 10 6 10 6 8 7 8 7 8 6 7 7 6 6 6 7 5 8 5 8 4 0 0 8 4 9 3 9 3 9 3 10 3 10 3 10 2 10 2 11 2 10 2 11 2 11 2 11 2 11 2 11 2 11 2 11 2 11 2 10 2 10 2 10 2 10 2 10 2 10 1 9 2 9 2 0 0 0 0 0 0 0 0 0 0 ],1687784610.467794
CSI_DATA,STA,08:3A:F2:A8:E0:C1,-39,11,1,5,1,1,1,1,0,0,0,-95,1,1,1,19738841,0,110,0,0,19.9276,384,[110 96 6 0 0 0 0 0 0 0 0 0 12 -22 12 -21 12 -21 13 -20 12 -18 13 -17 13 -16 13 -15 13 -15 12 -14 12 -14 11 -13 10 -12 9 -12 9 -11 8 -11 8 -10 7 -11 6 -11 6 -10 6 -10 5 -10 4 -10 3 -11 3 -11 2 -11 0 0 2 -12 0 -12 0 -12 0 -12 -1 -13 0 -13 -1 -13 -1 -13 -1 -13 -2 -13 -2 -14 -2 -14 -2 -13 -1 -14 -2 -14 -2 -14 -2 -13 -2 -14 -2 -13 -2 -13 -1 -13 -2 -13 -1 -12 -2 -12 -2 -12 -2 -11 0 0 0 0 0 0 0 0 0 0 ],1687784610.4797251
CSI_DATA,STA,08:3A:F2:A8:E0:C1,-38,11,1,4,1,1,1,1,0,0,0,-95,1,1,1,19750151,0,110,0,0,19.9389,384,[110 96 6 0 0 0 0 0 0 0 0 0 -24 -10 -23 -10 -23 -10 -22 -11 -21 -11 -18 -11 -18 -11 -16 -11 -17 -11 -16 -12 -15 -11 -15 -11 -14 -10 -14 -10 -13 -9 -13 -7 -12 -7 -12 -7 -12 -6 -11 -6 -11 -5 -11 -5 -11 -4 -12 -3 -12 -3 -12 -1 0 0 -12 0 -12 0 -12 1 -13 2 -13 1 -13 2 -14 2 -13 2 -13 3 -13 3 -14 4 -13 3 -14 3 -13 3 -14 3 -13 4 -14 4 -13 4 -12 4 -12 4 -13 3 -13 3 -13 3 -12 4 -12 2 -11 3 0 0 0 0 0 0 0 0 0 0 ],1687784610.4883058
CSI_DATA,STA,08:3A:F2:A8:E0:C1,-39,11,1,5,1,1,1,1,0,0,0,-95,1,1,1,19760335,0,110,0,0,19.9491,384,[110 96 6 0 0 0 0 0 0 0 0 0 -17 -20 -15 -19 -16 -19 -14 -19 -13 -19 -11 -18 -10 -18 -9 -17 -8 -17 -9 -17 -8 -16 -8 -16 -8 -15 -8 -14 -7 -13 -8 -13 -7 -12 -7 -11 -8 -10 -7 -10 -8 -10 -8 -9 -8 -8 -9 -8 -9 -7 -9 -7 0 0 -10 -6 -10 -6 -10 -5 -11 -5 -11 -5 -11 -5 -12 -6 -12 -5 -12 -5 -13 -5 -13 -4 -13 -4 -13 -4 -13 -4 -13 -4 -12 -4 -13 -4 -13 -4 -12 -4 -12 -5 -12 -5 -12 -5 -12 -5 -11 -4 -12 -5 -11 -4 0 0 0 0 0 0 0 0 0 0 ],1687784610.498893
CSI_DATA,STA,08:3A:F2:A8:E0:C1,-38,11,1,4,1,1,1,1,0,0,0,-95,1,1,1,19769837,0,110,0,0,19.9587,384,[110 96 6 0 0 0 0 0 0 0 0 0 10 20 9 19 9 19 8 19 7 19 5 17 4 17 4 16 3 16 3 15 3 16 3 15 3 14 3 14 3 12 3 12 3 11 3 11 4 10 4 10 3 9 4 9 4 8 5 7 6 8 6 7 0 0 7 7 8 6 8 6 8 6 8 6 9 6 9 6 9 6 9 6 9 5 10 5 10 6 10 6 10 5 10 6 10 5 11 6 10 5 10 5 9 5 9 5 9 6 9 5 9 4 8 5 8 4 0 0 0 0 0 0 0 0 0 0 ],1687784610.507645
CSI_DATA,STA,08:3A:F2:A8:E0:C1,-39,11,1,5,1,1,1,1,0,0,0,-95,1,1,1,19778985,0,110,0,0,19.9679,384,[110 96 6 0 0 0 0 0 0 0 0 0 -25 -4 -24 -5 -24 -5 -23 -6 -22 -6 -20 -6 -19 -7 -18 -7 -18 -7 -17 -7 -17 -6 -16 -6 -16 -7 -15 -6 -14 -6 -14 -5 -13 -5 -13 -4 -12 -3 -12 -3 -11 -3 -11 -2 -11 -1 -11 -1 -12 0 -11 1 0 0 -11 2 -11 2 -11 3 -11 4 -12 4 -12 4 -12 4 -12 4 -12 5 -12 5 -12 6 -12 5 -12 5 -12 5 -12 5 -12 5 -12 5 -12 5 -12 5 -11 5 -12 5 -12 4 -11 4 -11 5 -11 4 -10 4 0 0 0 0 0 0 0 0 0 0 ],1687784610.517665
CSI_DATA,STA,08:3A:F2:A8:E0:C1,-38,11,1,3,1,1,1,1,0,0,0,-95,1,1,1,19791475,0,110,0,0,19.9802,384,[110 96 6 0 0 0 0 0 0 0 0 0 -20 15 -21 14 -20 13 -22 12 -20 11 -20 10 -19 9 -18 8 -18 8 -17 7 -17 7 -17 7 -16 6 -15 6 -15 5 -14 6 -13 6 -12 6 -11 6 -11 6 -10 6 -10 6 -9 6 -8 7 -8 8 -8 9 0 0 -7 9 -6 9 -6 10 -5 10 -6 11 -5 11 -6 12 -5 11 -5 12 -4 11 -4 12 -5 12 -5 12 -5 13 -5 12 -4 12 -5 12 -4 12 -4 12 -4 11 -5 12 -5 11 -4 11 -4 11 -5 11 -4 10 0 0 0 0 0 0 0 0 0 0 ],1687784610.5299
CSI_DATA,STA,08:3A:F2:A8:E0:C1,-39,11,1,5,1,1,1,1,0,0,0,-95,1,1,1,19798624,0,110,0,0,19.9873,384,[110 96 6 0 0 0 0 0 0 0 0 0 -14 -19 -13 -18 -13 -19 -11 -18 -11 -18 -9 -17 -8 -17 -7 -17 -7 -16 -7 -15 -7 -15 -6 -15 -6 -14 -6 -13 -6 -13 -6 -12 -6 -11 -6 -11 -6 -10 -6 -10 -6 -10 -6 -9 -7 -8 -7 -7 -7 -7 -8 -7 0 0 -8 -6 -9 -6 -9 -5 -10 -5 -10 -5 -10 -5 -11 -5 -11 -5 -11 -5 -11 -5 -12 -4 -12 -4 -12 -4 -12 -4 -12 -5 -12 -4 -12 -4 -11 -4 -11 -4 -11 -4 -11 -5 -11 -4 -11 -4 -10 -3 -10 -4 -10 -4 0 0 0 0 0 0 0 0 0 0 ],1687784610.536599
CSI_DATA,STA,08:3A:F2:A8:E0:C1,-39,11,1,5,1,1,1,1,0,0,0,-95,1,1,1,19808906,0,110,0,0,19.9976,384,[110 96 6 0 0 0 0 0 0 0 0 0 -20 -16 -20 -16 -19 -15 -18 -16 -17 -15 -15 -16 -14 -16 -13 -15 -12 -15 -12 -14 -11 -14 -11 -14 -11 -13 -11 -12 -11 -12 -10 -11 -9 -11 -9 -9 -10 -9 -9 -9 -9 -8 -9 -8 -9 -7 -10 -6 -10 -5 -11 -5 0 0 -11 -4 -11 -3 -12 -3 -12 -2 -12 -3 -12 -3 -13 -3 -13 -3 -13 -2 -13 -2 -14 -1 -14 -2 -14 -1 -14 -2 -14 -2 -14 -1 -13 -1 -14 -2 -13 -2 -13 -2 -13 -2 -13 -2 -12 -2 -12 -1 -12 -2 -12 -1 0 0 0 0 0 0 0 0 0 0 ],1687784610.54739
CSI_DATA,STA,08:3A:F2:A8:E0:C1,-39,11,1,5,1,1,1,1,0,0,0,-95,1,1,1,19818718,0,110,0,0,20.0074,384,[110 96 6 0 0 0 0 0 0 0 0 0 -21 8 -22 7 -20 6 -21 6 -20 5 -19 4 -18 3 -18 3 -17 2 -16 2 -16 3 -16 2 -15 2 -14 2 -14 2 -13 2 -12 2 -11 3 -11 2 -10 3 -10 3 -10 3 -9 4 -9 5 -8 5 -8 6 0 0 -8 7 -7 6 -7 7 -6 8 -7 8 -7 8 -7 9 -7 9 -7 9 -6 9 -6 9 -7 10 -6 10 -6 10 -6 9 -6 10 -6 10 -6 10 -6 9 -6 9 -6 9 -6 9 -6 9 -5 9 -5 9 -5 8 0 0 0 0 0 0 0 0 0 0 ],1687784610.556663
CSI_DATA,STA,08:3A:F2:A8:E0:C1,-38,11,1,3,1,1,1,1,0,0,0,-95,1,1,1,19831679,0,110,0,0,20.0204,384,[110 96 6 0 0 0 0 0 0 0 0 0 -22 14 -21 12 -22 12 -22 10 -21 9 -20 8 -20 8 -18 6 -18 6 -18 6 -18 6 -18 5 -16 5 -15 5 -14 4 -14 6 -13 5 -12 5 -11 5 -11 5 -10 5 -10 6 -9 6 -9 7 -9 7 -8 8 0 0 -7 9 -6 10 -6 10 -6 10 -6 11 -6 11 -6 11 -6 11 -5 12 -5 12 -5 12 -6 12 -5 12 -5 12 -6 12 -5 12 -5 13 -4 12 -4 12 -4 11 -5 12 -5 11 -5 11 -4 11 -5 10 -4 10 0 0 0 0 0 0 0 0 0 0 ],1687784610.569621
CSI_DATA,STA,08:3A:F2:A8:E0:C1,-39,11,1,5,1,1,1,1,0,0,0,-95,1,1,1,19838648,0,110,0,0,20.0273,384,[110 96 6 0 0 0 0 0 0 0 0 0 22 2 21 2 21 3 21 4 19 3 18 4 16 4 16 4 16 5 15 4 14 5 14 5 14 4 13 4 12 4 12 4 11 3 10 2 10 2 10 1 10 1 10 0 9 0 9 0 9 -1 9 -2 0 0 9 -3 9 -3 10 -3 9 -4 10 -4 10 -4 10 -5 10 -5 10 -5 10 -5 10 -5 10 -5 10 -5 11 -6 10 -5 10 -5 10 -6 10 -6 10 -5 10 -6 10 -5 10 -4 9 -5 9 -5 9 -5 8 -5 0 0 0 0 0 0 0 0 0 0 ],1687784610.5762072
CSI_DATA,STA,08:3A:F2:A8:E0:C1,-39,11,1,5,1,1,1,1,0,0,0,-95,1,1,1,19848995,0,110,0,0,20.0377,384,[110 96 6 0 0 0 0 0 0 0 0 0 21 13 19 13 20 13 18 13 18 13 15 13 14 13 13 13 13 13 13 13 12 12 11 12 11 11 11 11 10 10 10 9 9 8 9 8 9 7 9 7 9 7 9 6 9 5 9 4 10 4 9 3 0 0 10 2 11 2 10 1 11 1 12 1 12 1 12 1 12 0 13 0 12 0 12 0 13 0 13 0 12 0 13 0 12 -1 13 0 12 0 12 0 12 0 12 0 12 0 12 0 11 -1 11 0 10 0 0 0 0 0 0 0 0 0 0 0 ],1687784610.5871649
CSI_DATA,STA,08:3A:F2:A8:E0:C1,-39,11,1,5,1,1,1,1,0,0,0,-95,1,1,1,19859046,0,110,0,0,20.0478,384,[110 96 6 0 0 0 0 0 0 0 0 0 20 -10 20 -9 19 -9 20 -7 19 -7 18 -6 17 -5 16 -5 16 -4 15 -4 16 -4 15 -3 14 -3 13 -3 13 -3 12 -4 11 -3 10 -4 10 -4 10 -4 9 -4 8 -5 8 -5 7 -6 7 -6 7 -7 0 0 7 -8 6 -8 6 -8 6 -8 6 -9 6 -9 6 -9 6 -10 6 -10 6 -10 6 -10 5 -10 6 -11 6 -11 6 -10 5 -11 6 -11 6 -11 5 -10 5 -10 6 -10 6 -9 5 -9 5 -10 5 -9 5 -9 0 0 0 0 0 0 0 0 0 0 ],1687784610.597677
CSI_DATA,STA,08:3A:F2:A8:E0:C1,-39,11,1,5,1,1,1,1,0,0,0,-95,1,1,1,19870223,0,110,0,0,20.059,384,[110 96 6 0 0 0 0 0 0 0 0 0 -20 -11 -19 -11 -19 -11 -18 -12 -17 -11 -16 -12 -14 -12 -14 -12 -13 -12 -12 -11 -12 -10 -12 -11 -11 -10 -11 -10 -11 -10 -10 -8 -10 -8 -9 -7 -10 -7 -9 -6 -9 -6 -9 -5 -9 -5 -10 -4 -10 -4 -10 -3 0 0 -10 -2 -10 -2 -11 -2 -11 -1 -11 -1 -11 -1 -12 -1 -12 0 -12 0 -12 0 -12 0 -12 0 -12 0 -12 0 -12 0 -12 0 -12 0 -12 0 -12 0 -11 0 -11 0 -12 0 -11 0 -11 1 -11 0 -10 0 0 0 0 0 0 0 0 0 0 0 ],1687784610.6093519
CSI_DATA,STA,08:3A:F2:A8:E0:C1,-38,11,1,4,1,1,1,1,0,0,0,-95,1,1,1,19880658,0,110,0,0,20.0695,384,[110 96 6 0 0 0 0 0 0 0 0 0 25 -1 24 0 24 0 24 2 23 2 20 2 19 3 18 3 18 4 18 4 17 4 16 3 16 3 16 3 14 3 14 2 13 2 12 1 12 1 12 0 11 0 11 -1 10 -1 11 -2 11 -3 10 -4 0 0 10 -5 10 -5 10 -6 10 -7 10 -6 10 -7 11 -7 10 -7 10 -8 10 -8 10 -9 10 -8 11 -9 10 -9 10 -8 10 -9 11 -9 9 -8 10 -8 9 -8 10 -8 10 -8 10 -8 8 -8 9 -7 8 -8 0 0 0 0 0 0 0 0 0 0 ],1687784610.619197
CSI_DATA,STA,08:3A:F2:A8:E0:C1,-38,11,1,4,1,1,1,1,0,0,0,-95,1,1,1,19889763,0,110,0,0,20.0785,384,[110 96 6 0 0 0 0 0 0 0 0 0 -26 -4 -25 -5 -24 -5 -25 -7 -23 -7 -20 -7 -20 -7 -18 -7 -18 -8 -18 -8 -17 -7 -17 -7 -17 -7 -16 -6 -14 -6 -15 -5 -13 -5 -13 -4 -13 -4 -12 -3 -12 -3 -12 -3 -12 -1 -12 -1 -12 0 -12 1 0 0 -12 2 -12 2 -12 3 -11 4 -12 3 -13 4 -13 4 -12 4 -13 5 -13 5 -12 6 -13 5 -13 5 -13 6 -13 5 -13 5 -13 6 -12 5 -12 5 -12 5 -12 5 -12 4 -12 5 -11 6 -11 4 -11 4 0 0 0 0 0 0 0 0 0 0 ],1687784610.628004
CSI_DATA,STA,08:3A:F2:A8:E0:C1,-39,11,1,5,1,1,1,1,0,0,0,-95,1,1,1,19898728,0,110,0,0,20.0875,384,[110 96 6 0 0 0 0 0 0 0 0 0 11 19 10 19 9 19 8 19 8 18 6 18 5 17 5 16 4 16 4 15 4 15 3 15 4 13 4 13 4 12 3 12 3 11 3 10 4 10 4 9 4 9 4 9 4 8 5 8 6 7 6 6 0 0 7 6 7 6 8 6 8 6 8 6 9 6 9 6 9 5 9 6 9 5 9 5 10 6 10 5 10 5 10 5 10 5 10 5 10 5 9 5 9 5 9 5 9 5 9 4 9 4 9 5 8 4 0 0 0 0 0 0 0 0 0 0 ],1687784610.636327
CSI_DATA,STA,08:3A:F2:A8:E0:C1,-38,11,1,4,1,1,1,1,0,0,0,-95,1,1,1,19910078,0,110,0,0,20.0988,384,[110 96 6 0 0 0 0 0 0 0 0 0 15 -21 16 -20 15 -19 16 -18 16 -17 15 -15 15 -14 15 -13 15 -13 14 -12 14 -12 14 -12 13 -10 12 -11 12 -9 11 -10 10 -9 9 -9 8 -9 8 -9 8 -9 7 -10 6 -9 5 -10 5 -11 4 -11 0 0 4 -12 2 -11 2 -12 1 -12 2 -12 2 -13 2 -13 1 -13 1 -14 0 -14 0 -14 1 -14 0 -14 0 -14 0 -14 0 -14 0 -15 0 -14 0 -13 0 -13 1 -13 1 -13 0 -13 -1 -13 0 -12 0 -12 0 0 0 0 0 0 0 0 0 0 ],1687784610.648633
CSI_DATA,STA,08:3A:F2:A8:E0:C1,-39,11,1,5,1,1,1,1,0,0,0,-95,1,1,1,19918755,0,110,0,0,20.1075,384,[110 96 6 0 0 0 0 0 0 0 0 0 19 -12 19 -11 19 -11 19 -9 18 -9 17 -8 17 -7 16 -6 16 -6 15 -5 15 -5 15 -5 14 -4 13 -4 13 -4 12 -5 11 -4 10 -5 9 -5 9 -5 9 -5 9 -5 8 -6 7 -6 7 -6 7 -7 0 0 6 -8 6 -8 5 -8 5 -9 5 -9 5 -10 6 -10 5 -10 5 -11 5 -11 5 -11 5 -11 5 -11 5 -11 5 -11 4 -11 5 -12 4 -11 4 -11 4 -10 5 -10 5 -10 5 -10 4 -10 4 -10 4 -9 0 0 0 0 0 0 0 0 0 0 ],1687784610.6572318
CSI_DATA,STA,08:3A:F2:A8:E0:C1,-39,11,1,5,1,1,1,1,0,0,0,-95,1,1,1,19930482,0,110,0,0,20.1192,384,[110 96 6 0 0 0 0 0 0 0 0 0 24 3 23 4 23 4 22 5 21 5 19 5 19 6 17 6 17 6 17 6 15 6 15 6 14 6 14 5 13 5 13 4 11 3 12 3 11 2 11 2 11 2 11 1 10 0 10 -1 10 -1 10 -2 0 0 10 -3 11 -3 10 -4 10 -4 11 -5 11 -5 11 -5 11 -5 11 -6 11 -6 11 -7 11 -6 11 -6 11 -6 11 -7 11 -7 12 -7 11 -6 11 -6 11 -6 11 -6 11 -6 11 -6 9 -6 10 -6 9 -6 0 0 0 0 0 0 0 0 0 0 ],1687784610.669205
CSI_DATA,STA,08:3A:F2:A8:E0:C1,-39,11,1,5,1,1,1,1,0,0,0,-95,1,1,1,19938663,0,110,0,0,20.1274,384,[110 96 6 0 0 0 0 0 0 0 0 0 22 -13 21 -12 21 -11 21 -10 20 -9 19 -8 19 -6 18 -6 18 -6 17 -5 17 -5 16 -5 16 -4 15 -4 14 -4 13 -5 12 -4 11 -5 11 -5 10 -5 10 -5 10 -6 9 -6 8 -6 8 -7 8 -8 0 0 7 -8 7 -9 6 -9 6 -10 6 -10 7 -10 6 -11 6 -11 6 -12 6 -12 6 -12 6 -11 6 -12 6 -12 6 -12 5 -12 6 -12 6 -12 6 -11 5 -11 6 -11 6 -11 6 -11 5 -11 6 -10 5 -10 0 0 0 0 0 0 0 0 0 0 ],1687784610.6773
CSI_DATA,STA,08:3A:F2:A8:E0:C1,-39,11,1,5,1,1,1,1,0,0,0,-95,1,1,1,19948779,0,110,0,0,20.1375,384,[110 96 6 0 0 0 0 0 0 0 0 0 21 -5 22 -4 20 -3 21 -2 19 -1 19 -1 18 0 17 0 17 1 15 0 15 0 15 0 14 1 14 0 13 1 12 0 12 0 11 -1 11 -1 10 -1 9 -1 10 -2 9 -3 9 -3 9 -4 9 -5 0 0 9 -5 8 -5 8 -6 8 -6 8 -7 8 -7 9 -7 8 -7 9 -8 8 -8 8 -8 8 -8 8 -8 9 -9 8 -8 9 -8 9 -8 8 -8 8 -8 8 -8 8 -7 8 -7 8 -7 7 -8 7 -7 7 -7 0 0 0 0 0 0 0 0 0 0 ],1687784610.6873019
CSI_DATA,STA,08:3A:F2:A8:E0:C1,-39,11,1,5,1,1,1,1,0,0,0,-95,1,1,1,19960096,0,110,0,0,20.1489,384,[110 96 6 0 0 0 0 0 0 0 0 0 9 -21 10 -20 10 -19 10 -19 10 -17 10 -16 11 -15 11 -14 10 -14 10 -13 10 -13 9 -12 8 -11 8 -11 8 -11 7 -10 7 -10 6 -10 5 -10 5 -9 4 -9 4 -10 3 -9 2 -9 3 -10 2 -10 0 0 1 -10 0 -10 0 -11 0 -10 -1 -11 -1 -11 -1 -12 -2 -12 -1 -12 -2 -12 -2 -12 -2 -12 -2 -12 -2 -12 -2 -12 -2 -12 -2 -12 -2 -12 -2 -12 -2 -12 -2 -12 -2 -12 -1 -11 -2 -11 -2 -11 -2 -10 0 0 0 0 0 0 0 0 0 0 ],1687784610.698666
CSI_DATA,STA,08:3A:F2:A8:E0:C1,-38,11,1,4,1,1,1,1,0,0,0,-95,1,1,1,19970125,0,110,0,0,20.1589,384,[110 96 6 0 0 0 0 0 0 0 0 0 18 -13 19 -12 18 -11 19 -11 18 -9 17 -8 17 -6 16 -6 16 -6 15 -6 15 -6 15 -6 13 -5 13 -6 13 -5 12 -5 11 -5 10 -5 10 -5 9 -5 9 -5 8 -6 7 -6 6 -7 7 -8 6 -8 0 0 6 -9 5 -9 5 -10 5 -10 5 -10 5 -10 6 -10 5 -11 5 -11 4 -10 3 -12 4 -11 4 -12 4 -12 4 -11 4 -12 4 -12 4 -11 4 -11 4 -10 5 -10 5 -10 4 -10 3 -11 3 -10 3 -10 0 0 0 0 0 0 0 0 0 0 ],1687784610.709193
CSI_DATA,STA,08:3A:F2:A8:E0:C1,-38,11,1,4,1,1,1,1,0,0,0,-95,1,1,1,19981043,0,110,0,0,20.1699,384,[110 96 6 0 0 0 0 0 0 0 0 0 24 0 24 0 24 1 23 2 22 2 20 3 20 4 18 3 18 3 17 4 17 4 16 4 15 4 15 4 14 3 14 2 12 2 12 1 12 1 12 0 11 0 11 -1 10 -1 10 -2 10 -3 10 -3 0 0 10 -4 10 -5 10 -6 10 -7 10 -6 10 -7 11 -7 10 -7 10 -8 10 -8 10 -9 10 -8 11 -8 10 -8 10 -8 9 -9 11 -9 10 -9 10 -8 9 -8 10 -7 9 -8 9 -8 9 -8 9 -7 8 -7 0 0 0 0 0 0 0 0 0 0 ],1687784610.7200892
CSI_DATA,STA,08:3A:F2:A8:E0:C1,-38,11,1,4,1,1,1,1,0,0,0,-95,1,1,1,19991670,0,110,0,0,20.1805,384,[110 96 6 0 0 0 0 0 0 0 0 0 7 24 6 23 6 23 4 23 3 22 2 20 1 21 1 19 0 19 0 18 0 18 0 17 1 16 1 15 0 14 0 14 1 13 0 12 2 11 2 11 2 11 3 11 3 9 4 10 4 10 5 9 0 0 6 9 6 9 7 8 7 8 8 9 8 9 8 9 9 9 9 9 9 9 10 8 9 9 9 9 9 9 9 9 10 8 10 9 10 8 9 8 9 8 8 8 8 8 8 8 8 7 8 8 8 7 0 0 0 0 0 0 0 0 0 0 ],1687784610.729426
CSI_DATA,STA,08:3A:F2:A8:E0:C1,-38,11,1,4,1,1,1,1,0,0,0,-95,1,1,1,20000352,0,110,0,0,20.1891,384,[110 96 6 0 0 0 0 0 0 0 0 0 18 13 17 13 16 13 16 14 14 13 13 13 11 13 10 13 10 13 10 12 10 11 10 11 10 11 10 10 9 10 9 9 8 8 7 7 8 7 7 7 7 6 8 6 7 5 8 4 9 3 9 2 0 0 9 2 10 2 10 2 10 1 10 1 10 1 11 1 11 1 11 1 11 0 11 -1 12 -1 12 -1 12 -1 11 0 11 0 12 -1 11 -1 11 0 10 0 11 0 10 0 11 -1 10 -1 10 -1 10 -1 0 0 0 0 0 0 0 0 0 0 ],1687784610.738702
CSI_DATA,STA,08:3A:F2:A8:E0:C1,-39,11,1,5,1,1,1,1,0,0,0,-95,1,1,1,20010024,0,110,0,0,20.1988,384,[110 96 6 0 0 0 0 0 0 0 0 0 15 -20 16 -19 15 -18 16 -17 15 -16 15 -15 15 -13 14 -13 15 -12 13 -12 13 -12 13 -11 12 -10 11 -11 11 -10 10 -10 10 -9 9 -9 8 -9 8 -9 7 -9 6 -9 5 -9 5 -10 4 -10 4 -11 0 0 3 -11 2 -11 2 -11 1 -12 2 -12 1 -13 1 -13 1 -13 1 -13 0 -13 0 -14 0 -13 0 -14 0 -14 0 -13 0 -13 0 -14 0 -13 0 -13 0 -13 0 -13 1 -13 0 -12 -1 -12 0 -12 0 -12 0 0 0 0 0 0 0 0 0 0 ],1687784610.7487009
CSI_DATA,STA,08:3A:F2:A8:E0:C1,-38,11,1,4,1,1,1,1,0,0,0,-95,1,1,1,20018652,0,110,0,0,20.2074,384,[110 96 6 0 0 0 0 0 0 0 0 0 -14 18 -14 17 -14 17 -15 16 -14 14 -14 13 -14 12 -14 11 -14 11 -13 10 -13 11 -13 10 -12 9 -12 9 -11 8 -11 9 -10 8 -9 7 -8 7 -8 7 -7 7 -7 7 -6 7 -5 8 -5 9 -5 9 0 0 -4 9 -3 10 -3 10 -2 10 -3 10 -3 10 -3 11 -2 11 -2 11 -2 11 -1 12 -2 12 -2 11 -1 12 -2 12 -1 11 -2 12 -1 11 -2 11 -2 11 -2 11 -2 11 -2 10 -1 10 -2 10 -1 10 0 0 0 0 0 0 0 0 0 0 ],1687784610.757249
CSI_DATA,STA,08:3A:F2:A8:E0:C1,-38,11,1,4,1,1,1,1,0,0,0,-95,1,1,1,20028724,0,110,0,0,20.2175,384,[110 96 6 0 0 0 0 0 0 0 0 0 17 15 15 16 15 15 15 16 13 14 12 15 11 15 9 13 9 14 9 13 9 13 8 13 8 12 8 11 8 11 8 10 7 9 6 8 7 8 7 7 7 7 8 6 7 6 8 5 9 5 8 4 0 0 9 3 10 3 10 2 10 2 10 2 10 2 11 2 11 2 11 1 10 1 11 1 11 1 12 1 12 1 11 1 12 1 12 1 12 0 11 1 11 0 11 1 11 1 11 1 10 0 10 1 9 0 0 0 0 0 0 0 0 0 0 0 ],1687784610.766957
CSI_DATA,STA,08:3A:F2:A8:E0:C1,-38,11,1,4,1,1,1,1,0,0,0,-95,1,1,1,20038715,0,110,0,0,20.2275,384,[110 96 6 0 0 0 0 0 0 0 0 0 -25 8 -25 7 -24 6 -26 4 -22 4 -22 3 -21 2 -20 1 -20 1 -18 1 -19 2 -18 1 -18 1 -17 1 -16 1 -15 2 -15 1 -13 2 -13 2 -13 2 -12 2 -11 3 -11 3 -10 4 -11 5 -10 6 0 0 -10 7 -9 7 -10 8 -8 8 -10 9 -9 9 -10 9 -9 9 -10 10 -8 9 -8 11 -9 11 -9 11 -9 11 -9 10 -9 11 -9 10 -8 10 -8 10 -8 9 -9 9 -9 9 -8 9 -7 10 -8 9 -7 9 0 0 0 0 0 0 0 0 0 0 ],1687784610.7774231
CSI_DATA,STA,08:3A:F2:A8:E0:C1,-38,11,1,4,1,1,1,1,0,0,0,-95,1,1,1,20048782,0,110,0,0,20.2375,384,[110 96 6 0 0 0 0 0 0 0 0 0 7 -23 7 -22 7 -21 8 -20 8 -19 9 -17 9 -17 9 -15 9 -15 8 -14 8 -15 8 -14 7 -13 7 -13 7 -12 6 -12 5 -11 5 -11 4 -11 4 -10 3 -10 3 -10 2 -10 1 -10 1 -11 0 -11 0 0 -1 -11 -2 -11 -2 -11 -3 -11 -3 -11 -3 -12 -3 -12 -3 -12 -4 -12 -4 -11 -5 -12 -4 -12 -4 -12 -4 -12 -4 -12 -5 -12 -4 -13 -5 -11 -4 -11 -5 -11 -4 -12 -4 -11 -4 -11 -5 -11 -4 -11 -4 -10 0 0 0 0 0 0 0 0 0 0 ],1687784610.786765
CSI_DATA,STA,08:3A:F2:A8:E0:C1,-38,11,1,4,1,1,1,1,0,0,0,-95,1,1,1,20058737,0,110,0,0,20.2475,384,[110 96 6 0 0 0 0 0 0 0 0 0 24 -8 24 -7 23 -7 24 -5 22 -5 21 -3 21 -2 19 -2 19 -2 18 -1 18 -1 17 -1 16 0 16 -1 15 0 15 -2 13 -2 12 -2 12 -2 12 -3 11 -3 11 -3 10 -4 10 -5 10 -5 10 -6 0 0 10 -7 8 -8 9 -8 8 -9 9 -9 9 -9 10 -10 9 -10 9 -10 8 -10 8 -11 9 -10 9 -10 9 -11 9 -10 8 -11 9 -11 8 -11 8 -10 8 -10 9 -10 8 -10 8 -10 7 -10 8 -9 7 -9 0 0 0 0 0 0 0 0 0 0 ],1687784610.796413
CSI_DATA,STA,08:3A:F2:A8:E0:C1,-38,11,1,4,1,1,1,1,0,0,0,-95,1,1,1,20070263,0,110,0,0,20.259,384,[110 96 6 0 0 0 0 0 0 0 0 0 1 22 0 22 0 21 -1 21 -2 20 -2 19 -3 18 -4 17 -3 17 -4 16 -3 16 -4 15 -3 14 -2 13 -2 12 -2 13 -2 11 -2 11 -1 10 -1 10 0 10 1 9 1 9 2 9 2 9 3 9 0 0 3 9 4 8 5 8 5 8 5 9 6 9 6 9 6 9 7 9 7 8 7 9 7 9 7 9 7 9 7 9 8 8 8 9 7 8 7 8 7 8 7 9 6 8 7 8 7 7 6 8 6 7 0 0 0 0 0 0 0 0 0 0 ],1687784610.809403
CSI_DATA,STA,08:3A:F2:A8:E0:C1,-38,11,1,4,1,1,1,1,0,0,0,-95,1,1,1,20078742,0,110,0,0,20.2675,384,[110 96 6 0 0 0 0 0 0 0 0 0 23 0 20 0 22 1 21 2 21 2 17 3 18 3 16 3 16 3 16 4 16 4 15 4 15 4 14 3 12 3 13 2 11 2 11 2 11 1 11 1 10 1 10 0 9 0 10 -1 10 -1 9 -3 0 0 9 -3 10 -4 9 -4 9 -5 9 -5 10 -5 10 -5 10 -6 10 -6 10 -6 10 -7 10 -6 10 -6 9 -6 10 -7 9 -7 11 -7 9 -7 9 -6 9 -7 9 -6 9 -6 10 -6 9 -6 9 -5 8 -5 0 0 0 0 0 0 0 0 0 0 ],1687784610.8171232
CSI_DATA,STA,08:3A:F2:A8:E0:C1,-38,11,1,4,1,1,1,1,0,0,0,-95,1,1,1,20089019,0,110,0,0,20.2779,384,[110 96 6 0 0 0 0 0 0 0 0 0 21 9 19 10 19 9 19 10 17 10 15 10 15 10 13 10 13 10 12 9 12 10 12 10 12 9 11 8 10 8 10 8 9 7 8 6 9 6 9 5 9 5 9 4 8 3 9 3 10 2 9 1 0 0 10 1 10 1 10 0 10 -1 10 -1 11 -1 11 -1 11 -1 11 -1 10 -2 11 -2 11 -1 12 -2 12 -2 11 -1 11 -2 12 -2 11 -2 11 -2 10 -2 11 -1 11 -1 10 -2 10 -2 10 -1 10 -2 0 0 0 0 0 0 0 0 0 0 ],1687784610.8278248
CSI_DATA,STA,08:3A:F2:A8:E0:C1,-38,11,1,4,1,1,1,1,0,0,0,-95,1,1,1,20098702,0,110,0,0,20.2874,384,[110 96 6 0 0 0 0 0 0 0 0 0 11 23 9 23 10 22 8 22 8 21 5 21 4 20 4 19 3 19 4 18 4 18 4 17 4 16 4 15 3 15 3 14 3 13 3 12 4 11 4 11 4 11 4 10 5 9 6 9 7 9 7 8 0 0 8 8 8 8 9 7 9 6 9 7 10 7 10 8 10 7 11 7 11 6 11 6 11 6 11 6 11 6 11 7 11 7 12 6 11 5 11 6 10 6 11 7 10 7 10 6 10 5 10 5 9 5 0 0 0 0 0 0 0 0 0 0 ],1687784610.8364851
CSI_DATA,STA,08:3A:F2:A8:E0:C1,-38,11,1,4,1,1,1,1,0,0,0,-95,1,1,1,20112245,0,110,0,0,20.301,384,[110 96 6 0 0 0 0 0 0 0 0 0 20 -12 19 -11 19 -11 20 -10 18 -9 17 -7 17 -7 16 -6 16 -5 15 -5 15 -5 15 -5 14 -4 14 -4 13 -4 12 -5 11 -4 10 -5 10 -5 9 -5 9 -5 9 -6 8 -6 7 -6 8 -7 7 -8 0 0 7 -8 5 -8 6 -9 5 -10 5 -9 5 -10 6 -11 5 -11 5 -11 4 -11 4 -12 5 -11 5 -11 5 -12 4 -11 4 -12 5 -12 4 -11 4 -11 4 -11 5 -11 4 -11 4 -10 4 -11 4 -10 4 -10 0 0 0 0 0 0 0 0 0 0 ],1687784610.850678
CSI_DATA,STA,08:3A:F2:A8:E0:C1,-38,11,1,4,1,1,1,1,0,0,0,-95,1,1,1,20120546,0,110,0,0,20.3092,384,[110 96 6 0 0 0 0 0 0 0 0 0 -26 -5 -24 -5 -25 -5 -24 -7 -23 -6 -20 -7 -20 -8 -18 -8 -18 -8 -18 -8 -17 -8 -16 -8 -16 -8 -15 -7 -14 -7 -15 -5 -13 -5 -13 -4 -13 -4 -12 -4 -12 -3 -12 -3 -12 -2 -12 -2 -12 -1 -12 0 0 0 -12 1 -12 2 -12 2 -13 3 -13 3 -12 3 -13 3 -13 4 -13 4 -13 4 -13 5 -13 4 -14 4 -13 5 -13 4 -12 5 -14 5 -13 4 -12 5 -12 4 -12 4 -13 4 -13 4 -12 4 -12 3 -11 3 0 0 0 0 0 0 0 0 0 0 ],1687784610.858779
CSI_DATA,STA,08:3A:F2:A8:E0:C1,-37,11,1,4,1,1,1,1,0,0,0,-95,1,1,1,20128792,0,110,0,0,20.3175,384,[110 96 6 0 0 0 0 0 0 0 0 0 -27 -4 -25 -4 -25 -4 -25 -6 -24 -6 -20 -7 -20 -7 -18 -7 -19 -7 -18 -8 -17 -8 -17 -7 -16 -7 -16 -7 -15 -7 -15 -5 -13 -5 -13 -4 -12 -4 -12 -4 -12 -4 -12 -3 -11 -2 -11 -1 -12 -1 -12 0 0 0 -12 1 -12 2 -12 3 -12 3 -13 3 -13 3 -13 3 -13 3 -13 4 -13 4 -13 5 -13 4 -13 5 -13 4 -14 4 -13 5 -14 5 -13 4 -12 4 -12 4 -13 3 -13 4 -13 4 -12 4 -12 3 -11 3 0 0 0 0 0 0 0 0 0 0 ],1687784610.867102
CSI_DATA,STA,08:3A:F2:A8:E0:C1,-38,11,1,4,1,1,1,1,0,0,0,-95,1,1,1,20140297,0,110,0,0,20.329,384,[110 96 6 0 0 0 0 0 0 0 0 0 4 25 3 25 3 24 2 24 1 21 0 21 -1 20 -1 19 -2 19 -1 17 -1 18 -2 17 -1 16 -1 16 -1 15 -2 14 -1 14 -1 12 1 12 1 11 1 11 1 11 1 10 4 10 3 11 4 10 0 0 5 10 5 10 7 10 6 9 6 10 7 10 7 10 8 10 8 10 8 9 9 9 9 10 9 10 9 10 8 10 9 10 9 10 9 9 8 9 8 9 8 9 7 10 7 8 8 8 8 9 7 8 0 0 0 0 0 0 0 0 0 0 ],1687784610.879446
CSI_DATA,STA,08:3A:F2:A8:E0:C1,-38,11,1,4,1,1,1,1,0,0,0,-95,1,1,1,20148893,0,110,0,0,20.3376,384,[110 96 6 0 0 0 0 0 0 0 0 0 -18 -16 -17 -16 -17 -15 -16 -16 -15 -16 -12 -15 -12 -15 -11 -14 -10 -15 -10 -14 -10 -14 -10 -14 -10 -13 -9 -12 -8 -11 -9 -11 -8 -10 -8 -9 -8 -9 -8 -9 -8 -8 -8 -8 -8 -7 -9 -6 -10 -6 -9 -5 0 0 -10 -5 -10 -4 -11 -4 -11 -3 -11 -3 -12 -3 -12 -4 -12 -3 -12 -3 -12 -2 -13 -2 -12 -3 -13 -2 -12 -2 -13 -3 -12 -2 -13 -2 -12 -2 -12 -2 -12 -2 -12 -3 -12 -3 -12 -3 -11 -2 -11 -3 -10 -2 0 0 0 0 0 0 0 0 0 0 ],1687784610.8878741
CSI_DATA,STA,08:3A:F2:A8:E0:C1,-38,11,1,4,1,1,1,1,0,0,0,-95,1,1,1,20158745,0,110,0,0,20.3475,384,[110 96 6 0 0 0 0 0 0 0 0 0 -20 -19 -18 -18 -19 -18 -17 -18 -16 -18 -13 -17 -12 -18 -11 -17 -11 -17 -11 -17 -11 -16 -10 -16 -10 -15 -10 -14 -9 -13 -10 -13 -8 -11 -8 -11 -9 -10 -8 -10 -8 -9 -9 -9 -9 -8 -10 -7 -11 -7 -10 -6 0 0 -11 -5 -12 -5 -11 -4 -12 -4 -12 -4 -13 -4 -13 -5 -13 -4 -14 -4 -14 -3 -14 -2 -14 -3 -14 -3 -13 -3 -14 -4 -14 -3 -15 -3 -13 -3 -13 -3 -13 -3 -13 -4 -13 -3 -13 -3 -12 -2 -12 -3 -12 -3 0 0 0 0 0 0 0 0 0 0 ],1687784610.89873
CSI_DATA,STA,08:3A:F2:A8:E0:C1,-38,11,1,4,1,1,1,1,0,0,0,-95,1,1,1,20168817,0,110,0,0,20.3575,384,[110 96 6 0 0 0 0 0 0 0 0 0 8 21 7 21 7 20 5 21 5 19 3 19 3 18 2 17 2 17 2 16 1 16 1 16 2 15 2 14 1 13 2 13 1 12 1 11 3 11 3 10 2 10 3 9 3 9 5 8 5 8 5 8 0 0 6 8 7 7 7 7 8 7 8 7 8 7 8 7 9 7 9 7 9 6 10 6 9 7 9 7 9 7 9 6 10 6 9 7 10 6 9 6 9 5 9 6 8 6 8 6 9 5 8 6 8 5 0 0 0 0 0 0 0 0 0 0 ],1687784610.907336
CSI_DATA,STA,08:3A:F2:A8:E0:C1,-38,11,1,4,1,1,1,1,0,0,0,-95,1,1,1,20180449,0,110,0,0,20.3693,384,[110 96 6 0 0 0 0 0 0 0 0 0 -14 -22 -13 -22 -14 -22 -12 -22 -11 -21 -9 -20 -8 -20 -7 -19 -7 -19 -7 -18 -6 -18 -6 -18 -6 -16 -6 -15 -6 -15 -7 -14 -6 -13 -6 -12 -7 -12 -6 -11 -7 -11 -7 -10 -7 -9 -8 -9 -9 -9 -9 -8 0 0 -9 -7 -11 -7 -11 -6 -11 -6 -12 -6 -12 -6 -13 -6 -12 -6 -13 -6 -13 -5 -14 -5 -13 -6 -13 -5 -13 -5 -13 -5 -13 -4 -14 -5 -13 -5 -13 -5 -12 -4 -12 -6 -12 -5 -12 -5 -12 -4 -12 -5 -11 -4 0 0 0 0 0 0 0 0 0 0 ],1687784610.919563
CSI_DATA,STA,08:3A:F2:A8:E0:C1,-38,11,1,4,1,1,1,1,0,0,0,-95,1,1,1,20189359,0,110,0,0,20.3782,384,[110 96 6 0 0 0 0 0 0 0 0 0 -24 -12 -22 -12 -23 -12 -21 -13 -21 -12 -17 -12 -17 -13 -16 -13 -16 -13 -15 -13 -14 -12 -14 -12 -14 -12 -13 -11 -12 -10 -13 -9 -11 -8 -11 -8 -11 -7 -11 -7 -11 -7 -11 -6 -10 -5 -11 -5 -12 -4 -11 -3 0 0 -12 -2 -13 -1 -12 -1 -13 0 -13 -1 -13 -1 -14 -1 -13 0 -14 0 -14 0 -14 1 -14 0 -14 0 -14 1 -15 1 -14 1 -15 1 -13 1 -13 1 -13 1 -14 0 -13 0 -14 0 -13 0 -13 0 -12 0 0 0 0 0 0 0 0 0 0 0 ],1687784610.928061
CSI_DATA,STA,08:3A:F2:A8:E0:C1,-38,11,1,4,1,1,1,1,0,0,0,-95,1,1,1,20198929,0,110,0,0,20.3877,384,[110 96 6 0 0 0 0 0 0 0 0 0 20 15 19 15 19 15 18 16 16 15 15 15 13 15 12 14 12 15 12 14 11 14 11 14 11 12 11 12 10 11 9 11 8 10 8 9 9 8 9 8 9 7 9 6 8 6 10 5 10 5 10 4 0 0 10 3 11 3 11 2 11 2 12 2 12 2 13 2 12 1 13 1 12 0 13 0 13 1 13 1 14 0 13 1 13 1 13 0 13 0 13 1 12 0 13 1 12 1 12 0 12 0 12 1 11 0 0 0 0 0 0 0 0 0 0 0 ],1687784610.936372
CSI_DATA,STA,08:3A:F2:A8:E0:C1,-38,11,1,4,1,1,1,1,0,0,0,-95,1,1,1,20218123,0,110,0,0,20.4069,384,[110 96 6 0 0 0 0 0 0 0 0 0 -23 10 -22 9 -23 9 -23 7 -22 6 -20 6 -20 5 -19 4 -19 4 -18 3 -19 3 -18 3 -17 2 -16 2 -15 2 -15 3 -13 3 -13 3 -12 3 -11 3 -11 3 -11 4 -10 4 -10 5 -10 5 -9 7 0 0 -9 7 -8 8 -8 8 -8 9 -8 9 -8 9 -8 10 -8 10 -8 10 -8 10 -8 11 -8 10 -8 11 -8 11 -8 10 -7 11 -8 11 -7 10 -7 10 -7 10 -8 10 -8 10 -8 9 -7 10 -7 9 -6 9 0 0 0 0 0 0 0 0 0 0 ],1687784610.956602
CSI_DATA,STA,08:3A:F2:A8:E0:C1,-39,11,1,5,1,1,1,1,0,0,0,-95,1,1,1,20218507,0,110,0,0,20.4115,384,[110 96 6 0 0 0 0 0 0 0 0 0 18 -9 17 -8 17 -8 16 -7 16 -6 15 -5 15 -5 14 -5 14 -4 13 -4 13 -3 13 -3 12 -3 11 -3 10 -3 11 -3 9 -3 9 -4 8 -3 8 -4 7 -4 7 -4 7 -5 6 -5 6 -5 6 -6 0 0 6 -6 5 -7 5 -7 5 -8 5 -8 5 -8 5 -8 5 -9 5 -9 4 -9 4 -9 5 -9 5 -9 5 -9 4 -9 4 -9 5 -10 4 -9 4 -9 4 -9 4 -9 4 -9 4 -9 4 -9 4 -8 3 -8 0 0 0 0 0 0 0 0 0 0 ],1687784610.96051
CSI_DATA,STA,08:3A:F2:A8:E0:C1,-38,11,1,4,1,1,1,1,0,0,0,-95,2,1,1,20245676,0,110,0,0,20.4344,384,[110 96 6 0 0 0 0 0 0 0 0 0 18 16 16 15 16 16 15 17 14 16 12 15 12 15 10 14 10 14 9 14 9 14 8 14 9 13 8 12 8 11 8 10 7 10 7 9 7 9 8 8 7 7 8 7 7 6 8 6 9 6 9 4 0 0 9 3 10 3 10 3 10 2 11 2 11 2 12 2 11 2 12 2 11 1 12 1 12 2 12 1 12 1 12 1 12 1 13 1 12 0 12 1 11 0 11 1 11 1 11 1 11 0 10 1 10 1 0 0 0 0 0 0 0 0 0 0 ],1687784610.983795
CSI_DATA,STA,08:3A:F2:A8:E0:C1,-39,11,1,5,1,1,1,1,0,0,0,-95,1,1,1,20252525,0,110,0,0,20.4411,384,[110 96 6 0 0 0 0 0 0 0 0 0 -24 -3 -24 -4 -22 -4 -23 -5 -21 -5 -20 -6 -19 -6 -18 -6 -17 -7 -16 -6 -16 -6 -16 -6 -15 -6 -15 -5 -15 -5 -13 -4 -13 -4 -11 -3 -12 -3 -11 -3 -11 -2 -11 -2 -11 -1 -11 0 -11 1 -11 1 0 0 -11 3 -11 3 -11 3 -10 4 -11 4 -11 4 -11 4 -11 5 -11 5 -11 6 -11 6 -11 6 -11 6 -12 6 -11 5 -11 6 -11 6 -11 6 -11 5 -11 5 -11 5 -11 5 -10 5 -10 6 -10 5 -10 5 0 0 0 0 0 0 0 0 0 0 ],1687784610.990548
CSI_DATA,STA,08:3A:F2:A8:E0:C1,-40,11,1,5,1,1,1,1,0,0,0,-95,1,1,1,20265104,0,110,0,0,20.4538,384,[110 96 6 0 0 0 0 0 0 0 0 0 10 -22 10 -21 10 -20 11 -19 11 -18 11 -17 11 -16 11 -15 11 -15 10 -14 10 -14 10 -13 9 -12 8 -12 8 -11 8 -11 7 -10 6 -10 5 -10 5 -10 5 -10 4 -10 3 -10 2 -10 2 -10 2 -11 0 0 1 -11 0 -11 0 -11 0 -11 -1 -12 -1 -12 -1 -12 -1 -12 -1 -12 -2 -12 -2 -12 -2 -13 -2 -13 -2 -13 -1 -13 -2 -12 -2 -13 -2 -13 -1 -13 -2 -12 -1 -12 -1 -12 -2 -12 -2 -11 -2 -11 -2 -11 0 0 0 0 0 0 0 0 0 0 ],1687784611.0045922
CSI_DATA,STA,08:3A:F2:A8:E0:C1,-39,11,1,5,1,1,1,1,0,0,0,-95,1,1,1,20271971,0,110,0,0,20.4606,384,[110 96 6 0 0 0 0 0 0 0 0 0 -13 21 -14 20 -14 19 -14 18 -14 17 -14 16 -14 15 -13 14 -13 13 -13 12 -13 12 -13 12 -12 11 -11 10 -10 10 -10 10 -9 9 -8 9 -8 8 -7 9 -7 9 -6 9 -5 9 -4 9 -4 9 -3 10 0 0 -3 10 -2 10 -2 11 -1 11 -1 11 -1 12 -1 12 0 12 0 12 0 12 0 12 0 13 0 13 0 13 0 12 1 12 0 12 1 12 0 12 0 12 0 12 0 12 0 11 0 11 0 11 0 10 0 0 0 0 0 0 0 0 0 0 ],1687784611.01029
CSI_DATA,STA,08:3A:F2:A8:E0:C1,-38,11,1,4,1,1,1,1,0,0,0,-95,1,1,1,20280337,0,110,0,0,20.469,384,[110 96 6 0 0 0 0 0 0 0 0 0 2 -26 3 -25 2 -25 4 -24 4 -22 5 -21 6 -20 6 -19 6 -19 5 -17 5 -18 5 -18 4 -16 3 -16 4 -15 3 -14 4 -13 3 -13 2 -12 2 -12 1 -12 1 -12 0 -11 -2 -12 -2 -12 -2 -11 0 0 -3 -12 -4 -11 -5 -12 -5 -11 -5 -12 -5 -12 -6 -13 -6 -12 -6 -13 -7 -12 -8 -12 -7 -12 -8 -12 -7 -12 -7 -12 -8 -12 -8 -13 -8 -12 -7 -12 -7 -11 -7 -12 -6 -12 -6 -11 -7 -10 -7 -11 -7 -10 0 0 0 0 0 0 0 0 0 0 ],1687784611.019199
CSI_DATA,STA,08:3A:F2:A8:E0:C1,-39,11,1,5,1,1,1,1,0,0,0,-95,1,1,1,20292754,0,110,0,0,20.4816,384,[110 96 6 0 0 0 0 0 0 0 0 0 20 -11 19 -10 18 -9 19 -9 18 -8 17 -7 17 -6 16 -6 16 -6 14 -5 15 -5 14 -5 13 -4 13 -4 12 -4 12 -4 11 -4 10 -5 9 -5 9 -5 8 -5 8 -6 7 -6 7 -6 7 -7 6 -7 0 0 6 -8 5 -8 5 -9 4 -9 4 -9 4 -10 5 -10 4 -10 4 -11 4 -11 4 -11 4 -11 4 -11 4 -11 3 -11 3 -11 4 -11 3 -11 3 -11 3 -11 4 -11 4 -11 3 -10 3 -11 3 -10 3 -10 0 0 0 0 0 0 0 0 0 0 ],1687784611.0321338
CSI_DATA,STA,08:3A:F2:A8:E0:C1,-39,11,1,5,1,1,1,1,0,0,0,-95,1,1,1,20304244,0,110,0,0,20.4929,384,[110 96 6 0 0 0 0 0 0 0 0 0 22 10 21 10 21 10 20 11 19 10 17 11 16 11 15 11 15 11 14 10 13 10 13 10 13 10 12 9 12 9 11 7 10 7 10 6 11 5 10 5 9 5 10 4 9 3 10 2 10 2 10 1 0 0 11 0 11 0 11 -1 11 -2 11 -2 11 -2 12 -2 12 -3 12 -3 12 -3 12 -3 12 -3 13 -3 12 -4 12 -3 12 -4 12 -4 12 -4 12 -3 11 -4 12 -3 11 -3 11 -3 11 -4 11 -3 10 -3 0 0 0 0 0 0 0 0 0 0 ],1687784611.042397
CSI_DATA,STA,08:3A:F2:A8:E0:C1,-39,11,1,5,1,1,1,1,0,0,0,-95,1,1,1,20310651,0,110,0,0,20.4993,384,[110 96 6 0 0 0 0 0 0 0 0 0 22 -12 21 -11 21 -10 22 -8 20 -8 19 -7 19 -7 18 -6 17 -6 17 -5 17 -4 16 -4 16 -4 15 -4 14 -4 13 -5 12 -4 11 -5 11 -5 10 -5 10 -5 10 -6 9 -6 8 -6 8 -7 8 -8 0 0 7 -9 6 -9 6 -9 6 -10 6 -10 6 -11 6 -11 5 -12 6 -12 5 -11 6 -12 6 -12 6 -12 6 -12 6 -12 5 -12 6 -12 5 -12 5 -12 4 -12 5 -12 5 -11 5 -11 5 -11 5 -10 5 -10 0 0 0 0 0 0 0 0 0 0 ],1687784611.0484428
CSI_DATA,STA,08:3A:F2:A8:E0:C1,-39,11,1,5,1,1,1,1,0,0,0,-95,1,1,1,20318918,0,110,0,0,20.5077,384,[110 96 6 0 0 0 0 0 0 0 0 0 -21 8 -22 7 -21 6 -21 5 -20 5 -19 4 -18 3 -18 2 -17 2 -16 2 -16 2 -16 2 -15 2 -14 2 -14 2 -13 2 -12 2 -11 2 -11 2 -11 2 -10 3 -10 3 -9 3 -9 4 -9 5 -9 5 0 0 -8 6 -8 6 -8 7 -7 7 -7 7 -7 8 -8 8 -7 8 -8 8 -7 9 -7 9 -7 9 -7 9 -7 10 -7 9 -7 9 -7 9 -7 9 -7 9 -7 8 -7 9 -7 8 -7 8 -6 8 -6 8 -6 8 0 0 0 0 0 0 0 0 0 0 ],1687784611.056386
CSI_DATA,STA,08:3A:F2:A8:E0:C1,-39,11,1,5,1,1,1,1,0,0,0,-95,1,1,1,20328733,0,110,0,0,20.5175,384,[110 96 6 0 0 0 0 0 0 0 0 0 -25 2 -25 1 -24 0 -24 -1 -23 -1 -22 -2 -21 -2 -19 -3 -19 -3 -18 -4 -18 -4 -17 -3 -17 -4 -16 -3 -15 -3 -15 -2 -14 -2 -13 -1 -13 -1 -12 0 -12 0 -11 0 -11 1 -11 1 -11 2 -11 4 0 0 -11 4 -10 4 -10 5 -10 6 -11 6 -11 6 -11 6 -11 6 -11 7 -11 7 -11 7 -11 7 -11 7 -11 7 -11 7 -11 8 -11 7 -11 7 -10 7 -10 7 -10 7 -11 7 -10 6 -10 7 -10 6 -9 6 0 0 0 0 0 0 0 0 0 0 ],1687784611.0665789
CSI_DATA,STA,08:3A:F2:A8:E0:C1,-39,11,1,5,1,1,1,1,0,0,0,-95,1,1,1,20338701,0,110,0,0,20.5274,384,[110 96 6 0 0 0 0 0 0 0 0 0 22 -4 22 -2 20 -2 21 0 19 0 19 0 18 0 17 1 17 1 15 1 16 1 15 1 14 1 13 1 13 1 12 1 12 0 10 0 11 0 10 -1 9 -1 9 -2 9 -2 9 -3 9 -3 9 -4 0 0 8 -5 8 -5 8 -6 8 -6 8 -7 8 -7 9 -7 8 -8 8 -8 7 -8 8 -8 8 -8 8 -8 8 -9 8 -8 8 -9 8 -9 8 -9 8 -8 7 -8 8 -8 8 -8 7 -8 6 -8 7 -7 7 -8 0 0 0 0 0 0 0 0 0 0 ],1687784611.076572
CSI_DATA,STA,08:3A:F2:A8:E0:C1,-39,11,1,5,1,1,1,1,0,0,0,-95,1,1,1,20348718,0,110,0,0,20.5374,384,[110 96 6 0 0 0 0 0 0 0 0 0 19 -17 19 -16 19 -15 19 -14 18 -13 18 -12 18 -10 17 -9 17 -9 15 -9 16 -9 15 -8 14 -8 13 -8 12 -7 12 -8 11 -7 10 -7 9 -8 9 -7 8 -7 8 -8 7 -8 6 -9 6 -9 6 -10 0 0 5 -10 4 -10 4 -11 4 -11 3 -12 3 -12 3 -12 3 -13 3 -13 3 -13 2 -13 2 -13 2 -14 3 -13 2 -13 2 -13 2 -14 2 -13 2 -13 2 -13 3 -13 3 -12 2 -12 1 -12 2 -12 2 -11 0 0 0 0 0 0 0 0 0 0 ],1687784611.08758
CSI_DATA,STA,08:3A:F2:A8:E0:C1,-39,11,1,5,1,1,1,1,0,0,0,-95,1,1,1,20358771,0,110,0,0,20.5475,384,[110 96 6 0 0 0 0 0 0 0 0 0 24 -2 24 -1 23 -1 23 0 22 1 20 1 20 3 18 2 18 3 17 2 17 2 16 2 16 2 15 2 14 2 13 1 12 1 12 1 12 0 12 0 11 0 11 -1 10 -2 10 -2 10 -3 10 -4 0 0 10 -5 9 -5 9 -6 9 -7 10 -7 10 -7 10 -7 10 -7 10 -8 9 -8 9 -9 10 -9 10 -8 10 -8 10 -9 9 -9 10 -9 10 -9 10 -8 9 -8 10 -7 10 -8 9 -8 8 -8 9 -7 8 -7 0 0 0 0 0 0 0 0 0 0 ],1687784611.096433
CSI_DATA,STA,08:3A:F2:A8:E0:C1,-39,11,1,5,1,1,1,1,0,0,0,-95,1,1,1,20368816,0,110,0,0,20.5575,384,[110 96 6 0 0 0 0 0 0 0 0 0 -3 -25 -2 -25 -2 -24 -1 -24 0 -22 1 -22 2 -21 2 -20 2 -20 2 -18 2 -18 2 -18 1 -16 1 -16 1 -15 1 -14 1 -14 0 -13 -1 -13 0 -12 -1 -12 -2 -11 -2 -11 -3 -11 -3 -11 -4 -11 0 0 -4 -11 -5 -10 -6 -10 -7 -10 -7 -10 -8 -11 -8 -11 -8 -11 -8 -11 -8 -10 -9 -11 -9 -11 -9 -11 -9 -10 -9 -11 -9 -10 -9 -11 -9 -10 -9 -11 -9 -10 -8 -10 -8 -10 -8 -10 -8 -9 -7 -10 -8 -9 0 0 0 0 0 0 0 0 0 0 ],1687784611.1073768
CSI_DATA,STA,08:3A:F2:A8:E0:C1,-39,11,1,5,1,1,1,1,0,0,0,-95,1,1,1,20380167,0,110,0,0,20.5689,384,[110 96 6 0 0 0 0 0 0 0 0 0 -4 -26 -3 -24 -3 -25 -1 -23 0 -23 0 -21 2 -21 1 -20 2 -20 1 -19 1 -18 2 -17 1 -16 0 -16 1 -15 0 -15 0 -13 0 -13 -2 -12 -1 -12 -2 -12 -3 -11 -3 -11 -4 -10 -4 -11 -4 -10 0 0 -5 -10 -6 -10 -7 -9 -8 -10 -8 -9 -8 -10 -8 -10 -9 -10 -9 -10 -9 -10 -10 -9 -9 -10 -10 -9 -9 -9 -10 -10 -10 -9 -10 -10 -10 -9 -9 -9 -9 -9 -9 -9 -9 -9 -9 -9 -9 -8 -9 -8 -9 -8 0 0 0 0 0 0 0 0 0 0 ],1687784611.118332
CSI_DATA,STA,08:3A:F2:A8:E0:C1,-38,11,1,4,1,1,1,1,0,0,0,-95,1,1,1,20390667,0,110,0,0,20.5795,384,[110 96 6 0 0 0 0 0 0 0 0 0 -11 19 -12 18 -12 18 -13 17 -12 16 -12 15 -12 13 -12 12 -12 12 -11 11 -11 12 -11 11 -10 10 -9 10 -9 9 -9 10 -8 9 -8 9 -6 8 -6 8 -6 8 -5 8 -5 8 -3 9 -3 9 -3 9 0 0 -2 9 -1 10 -1 10 0 10 0 10 0 10 0 11 0 10 0 11 1 10 1 11 1 11 1 12 2 11 1 11 2 11 2 11 2 10 1 11 1 10 1 11 0 11 1 10 2 10 1 10 2 9 0 0 0 0 0 0 0 0 0 0 ],1687784611.128577
CSI_DATA,STA,08:3A:F2:A8:E0:C1,-39,11,1,5,1,1,1,1,0,0,0,-95,1,1,1,20398616,0,110,0,0,20.5874,384,[110 96 6 0 0 0 0 0 0 0 0 0 -9 20 -10 20 -10 19 -10 19 -10 17 -10 16 -11 15 -11 14 -11 13 -10 12 -10 13 -9 12 -9 11 -9 11 -8 10 -8 10 -7 9 -6 9 -5 9 -5 9 -5 9 -4 8 -4 8 -3 9 -2 9 -2 9 0 0 -1 9 -1 10 0 10 1 10 0 10 1 10 1 10 1 10 1 10 2 11 2 11 2 11 2 11 2 11 2 11 2 11 2 11 2 10 2 11 2 10 1 11 1 11 1 10 2 10 1 10 2 9 0 0 0 0 0 0 0 0 0 0 ],1687784611.136735
CSI_DATA,STA,08:3A:F2:A8:E0:C1,-39,11,1,5,1,1,1,1,0,0,0,-95,1,1,1,20408801,0,110,0,0,20.5975,384,[110 96 6 0 0 0 0 0 0 0 0 0 -1 25 -2 24 -2 23 -3 23 -3 22 -4 20 -5 20 -5 19 -5 18 -5 17 -5 17 -5 16 -4 15 -4 15 -4 14 -4 13 -3 13 -3 12 -2 12 -1 11 -1 11 0 11 0 10 1 10 2 10 2 10 0 0 3 10 4 10 5 10 4 9 5 10 6 10 6 11 6 10 6 11 6 10 7 10 7 11 7 11 7 11 7 11 7 10 7 10 7 10 7 10 6 10 6 10 6 10 6 10 6 9 6 9 6 9 0 0 0 0 0 0 0 0 0 0 ],1687784611.146566
CSI_DATA,STA,08:3A:F2:A8:E0:C1,-39,11,1,5,1,1,1,1,0,0,0,-95,1,1,1,20419516,0,110,0,0,20.6083,384,[110 96 6 0 0 0 0 0 0 0 0 0 -4 27 -5 27 -5 25 -6 25 -6 23 -7 22 -8 21 -8 20 -8 20 -8 18 -8 18 -7 17 -6 16 -5 16 -6 15 -5 14 -5 14 -4 13 -3 13 -2 12 -2 12 -1 11 -1 11 1 12 1 12 2 11 0 0 3 12 3 11 5 11 5 11 5 12 5 12 5 12 6 12 6 12 6 12 7 12 7 12 7 12 7 13 7 12 8 12 7 12 7 11 7 11 7 11 6 12 7 12 6 11 7 10 6 10 6 10 0 0 0 0 0 0 0 0 0 0 ],1687784611.157522
CSI_DATA,STA,08:3A:F2:A8:E0:C1,-39,11,1,5,1,1,1,1,0,0,0,-95,1,1,1,20430526,0,110,0,0,20.6193,384,[110 96 6 0 0 0 0 0 0 0 0 0 20 8 19 8 19 9 18 9 17 9 15 9 15 9 13 9 13 9 13 9 12 9 11 9 11 9 11 8 10 8 10 7 9 6 9 6 9 5 9 4 9 4 9 3 8 3 9 2 9 2 9 1 0 0 9 1 10 0 10 -1 10 -1 10 -1 10 -1 11 -1 11 -2 11 -2 11 -2 11 -2 11 -2 11 -2 11 -2 11 -2 11 -3 11 -2 11 -2 11 -2 11 -2 10 -2 10 -2 10 -2 10 -2 9 -1 9 -2 0 0 0 0 0 0 0 0 0 0 ],1687784611.168509
CSI_DATA,STA,08:3A:F2:A8:E0:C1,-39,11,1,5,1,1,1,1,0,0,0,-95,1,1,1,20440151,0,110,0,0,20.6289,384,[110 96 6 0 0 0 0 0 0 0 0 0 -24 7 -24 6 -23 5 -24 4 -22 3 -21 3 -20 2 -19 1 -19 1 -18 1 -18 1 -17 1 -17 1 -16 1 -15 0 -15 2 -14 1 -13 1 -12 2 -12 2 -11 2 -11 2 -10 3 -10 4 -10 5 -10 5 0 0 -9 6 -9 7 -9 7 -8 7 -9 8 -8 8 -9 8 -9 8 -9 9 -8 9 -8 9 -9 9 -9 10 -9 10 -9 9 -9 10 -9 10 -8 9 -8 9 -8 9 -9 9 -9 9 -8 9 -7 8 -8 8 -8 8 0 0 0 0 0 0 0 0 0 0 ],1687784611.1784692
CSI_DATA,STA,08:3A:F2:A8:E0:C1,-38,11,1,4,1,1,1,1,0,0,0,-95,1,1,1,20450173,0,110,0,0,20.6389,384,[110 96 6 0 0 0 0 0 0 0 0 0 -23 -11 -23 -12 -22 -12 -22 -13 -20 -12 -18 -13 -17 -13 -15 -12 -15 -12 -15 -12 -15 -11 -14 -11 -14 -11 -13 -10 -13 -10 -13 -9 -12 -8 -11 -7 -11 -7 -11 -7 -11 -6 -11 -6 -10 -5 -11 -4 -12 -3 -12 -2 0 0 -12 -1 -12 -1 -12 0 -12 0 -13 0 -13 0 -14 0 -14 1 -14 1 -13 2 -14 2 -14 2 -14 2 -14 2 -14 1 -14 2 -14 2 -14 2 -13 2 -12 2 -13 1 -13 1 -12 1 -12 2 -12 1 -12 1 0 0 0 0 0 0 0 0 0 0 ],1687784611.188388
CSI_DATA,STA,08:3A:F2:A8:E0:C1,-39,11,1,5,1,1,1,1,0,0,0,-95,1,1,1,20460350,0,110,0,0,20.6491,384,[110 96 6 0 0 0 0 0 0 0 0 0 -1 22 -2 21 -2 20 -3 21 -3 19 -4 18 -4 17 -5 16 -5 16 -5 15 -5 15 -5 14 -4 13 -4 13 -4 12 -4 12 -3 11 -3 10 -2 10 -2 10 -1 9 -1 9 0 9 1 9 1 9 1 9 0 0 2 9 3 9 3 9 3 9 3 9 4 9 4 10 4 9 5 9 5 9 5 9 5 9 5 10 5 10 5 10 5 9 5 10 5 9 5 9 5 9 5 9 4 9 4 9 5 8 5 8 4 8 0 0 0 0 0 0 0 0 0 0 ],1687784611.1991522
CSI_DATA,STA,08:3A:F2:A8:E0:C1,-39,11,1,5,1,1,1,1,0,0,0,-95,1,1,1,20469358,0,110,0,0,20.6581,384,[110 96 6 0 0 0 0 0 0 0 0 0 20 11 18 11 18 11 17 11 16 11 14 11 13 11 13 11 12 11 12 11 11 10 11 10 10 9 10 9 9 8 9 7 9 7 8 7 8 6 9 5 8 5 8 4 8 4 9 3 9 2 9 2 0 0 9 1 10 1 10 0 10 -1 10 0 11 -1 10 -1 11 -1 11 -1 11 -1 11 -2 11 -1 12 -2 11 -2 11 -2 11 -2 12 -2 11 -2 11 -2 10 -2 11 -1 10 -1 11 -2 10 -2 10 -2 9 -2 0 0 0 0 0 0 0 0 0 0 ],1687784611.207736
CSI_DATA,STA,08:3A:F2:A8:E0:C1,-39,11,1,5,1,1,1,1,0,0,0,-95,1,1,1,20478774,0,110,0,0,20.6675,384,[110 96 6 0 0 0 0 0 0 0 0 0 16 19 14 19 14 19 12 19 12 18 9 18 8 18 8 17 7 17 7 16 7 16 6 15 7 14 7 14 6 13 6 12 5 12 5 11 6 10 6 10 6 9 6 8 6 8 8 7 8 7 8 6 0 0 8 6 9 6 9 5 10 5 10 5 10 5 11 5 11 5 11 5 11 4 11 4 12 4 12 4 11 4 12 4 11 4 12 5 11 4 11 5 11 4 11 5 11 5 11 4 10 3 10 4 10 4 0 0 0 0 0 0 0 0 0 0 ],1687784611.216522
CSI_DATA,STA,08:3A:F2:A8:E0:C1,-38,11,1,4,1,1,1,1,0,0,0,-95,1,1,1,20493645,0,110,0,0,20.6825,384,[110 96 6 0 0 0 0 0 0 0 0 0 -7 -25 -5 -25 -6 -24 -4 -24 -4 -23 -2 -21 -2 -21 -1 -20 -1 -20 -1 -19 0 -19 0 -18 -1 -17 -2 -16 -1 -15 -2 -15 -1 -14 -2 -13 -2 -13 -3 -12 -3 -12 -4 -12 -4 -10 -5 -11 -6 -11 -6 -10 0 0 -7 -10 -8 -9 -8 -9 -9 -9 -9 -9 -9 -9 -10 -10 -10 -9 -10 -9 -10 -9 -11 -8 -10 -9 -11 -9 -11 -9 -11 -9 -11 -9 -11 -9 -11 -8 -10 -9 -11 -8 -10 -9 -10 -8 -10 -8 -10 -7 -9 -8 -9 -7 0 0 0 0 0 0 0 0 0 0 ],1687784611.2327302
CSI_DATA,STA,08:3A:F2:A8:E0:C1,-38,11,1,4,1,1,1,1,0,0,0,-95,1,1,1,20502400,0,110,0,0,20.691,384,[110 96 6 0 0 0 0 0 0 0 0 0 15 -17 15 -16 14 -16 16 -15 15 -13 15 -12 14 -11 14 -10 14 -10 13 -9 13 -10 13 -9 12 -8 11 -8 11 -8 10 -8 9 -7 8 -8 8 -8 7 -7 7 -7 7 -8 6 -7 5 -8 5 -9 4 -9 0 0 4 -10 3 -10 2 -10 2 -11 2 -11 2 -11 3 -11 2 -12 2 -12 1 -11 1 -12 1 -12 1 -12 1 -12 1 -12 1 -12 1 -13 1 -12 1 -12 1 -11 2 -12 1 -11 1 -11 0 -11 1 -11 1 -10 0 0 0 0 0 0 0 0 0 0 ],1687784611.240504
CSI_DATA,STA,08:3A:F2:A8:E0:C1,-39,11,1,5,1,1,1,1,0,0,0,-95,1,1,1,20508947,0,110,0,0,20.6976,384,[110 96 6 0 0 0 0 0 0 0 0 0 19 16 18 15 18 15 16 15 16 15 13 15 13 15 12 15 12 14 10 13 9 14 9 14 9 12 9 12 9 11 9 10 8 10 8 9 8 8 9 8 8 7 9 7 8 6 8 5 9 5 9 4 0 0 10 3 10 4 10 3 10 2 11 2 12 2 12 2 12 1 12 1 12 1 12 1 12 2 12 2 13 2 13 2 12 1 13 1 12 1 12 1 12 1 12 2 11 1 11 1 11 1 11 2 10 2 0 0 0 0 0 0 0 0 0 0 ],1687784611.246809
CSI_DATA,STA,08:3A:F2:A8:E0:C1,-38,11,1,3,1,1,1,1,0,0,0,-95,1,1,1,20524415,0,110,0,0,20.7132,384,[110 96 6 0 0 0 0 0 0 0 0 0 -23 -2 -22 -3 -23 -3 -22 -4 -21 -5 -19 -5 -18 -6 -16 -6 -16 -6 -16 -6 -16 -5 -15 -5 -15 -5 -14 -5 -13 -5 -13 -4 -12 -4 -11 -3 -12 -3 -11 -2 -10 -3 -11 -2 -10 -1 -10 0 -11 1 -10 1 0 0 -10 2 -10 3 -10 3 -9 4 -10 4 -10 4 -11 4 -10 4 -10 5 -10 5 -10 6 -10 6 -11 6 -10 6 -10 5 -10 6 -11 6 -10 6 -10 5 -10 5 -10 5 -10 5 -10 5 -9 6 -10 5 -9 5 0 0 0 0 0 0 0 0 0 0 ],1687784611.263913
CSI_DATA,STA,08:3A:F2:A8:E0:C1,-39,11,1,5,1,1,1,1,0,0,0,-95,1,1,1,20531481,0,110,0,0,20.7201,384,[110 96 6 0 0 0 0 0 0 0 0 0 11 19 9 19 10 19 8 19 8 18 6 17 5 17 5 16 4 16 4 15 4 15 4 14 4 14 4 13 3 12 3 12 3 11 3 10 4 9 4 9 4 9 4 8 5 8 6 7 6 7 6 6 0 0 6 6 7 6 8 5 8 5 8 5 8 5 9 5 9 5 9 5 9 5 10 4 10 5 10 5 10 5 10 5 10 5 10 4 10 4 10 5 9 4 9 5 9 5 9 4 9 3 9 4 8 4 0 0 0 0 0 0 0 0 0 0 ],1687784611.2687402
CSI_DATA,STA,08:3A:F2:A8:E0:C1,-39,11,1,5,1,1,1,1,0,0,0,-95,1,1,1,20540213,0,110,0,0,20.729,384,[110 96 6 0 0 0 0 0 0 0 0 0 12 -19 12 -19 11 -18 12 -17 12 -16 12 -15 12 -14 12 -13 12 -13 11 -12 11 -12 11 -11 9 -10 9 -10 9 -10 8 -10 7 -9 7 -9 6 -9 6 -9 5 -9 4 -9 4 -9 3 -9 3 -9 2 -9 0 0 1 -10 1 -10 0 -10 0 -10 0 -11 0 -11 0 -12 -1 -12 -1 -12 -1 -11 -1 -12 -1 -12 -1 -12 -1 -12 -1 -12 -2 -12 -1 -12 -2 -12 -1 -11 -1 -11 -1 -11 -1 -11 -1 -11 -2 -11 -2 -11 -2 -10 0 0 0 0 0 0 0 0 0 0 ],1687784611.279113
CSI_DATA,STA,08:3A:F2:A8:E0:C1,-39,11,1,5,1,1,1,1,0,0,0,-95,1,1,1,20548781,0,110,0,0,20.7375,384,[110 96 6 0 0 0 0 0 0 0 0 0 -6 24 -7 23 -7 22 -8 21 -9 20 -9 19 -10 18 -9 17 -10 17 -9 15 -8 16 -8 15 -7 14 -6 14 -7 12 -7 13 -6 11 -6 11 -4 11 -5 10 -4 10 -3 10 -3 10 -1 10 -1 10 0 10 0 0 1 11 1 11 2 10 2 10 3 11 3 11 2 12 3 11 3 12 4 11 5 11 5 12 5 12 4 12 4 11 5 12 5 12 5 11 4 11 4 11 4 11 3 11 4 10 4 10 4 10 4 10 0 0 0 0 0 0 0 0 0 0 ],1687784611.2875268
CSI_DATA,STA,08:3A:F2:A8:E0:C1,-38,11,1,4,1,1,1,1,0,0,0,-95,1,1,1,20560189,0,110,0,0,20.7489,384,[110 96 6 0 0 0 0 0 0 0 0 0 -6 -23 -5 -22 -5 -22 -4 -22 -3 -20 -2 -19 -1 -19 -1 -18 0 -18 -1 -17 -1 -17 -1 -16 -1 -16 -1 -15 -1 -14 -1 -13 -1 -12 -1 -12 -2 -11 -2 -11 -3 -11 -3 -11 -3 -9 -5 -9 -5 -10 -5 -9 0 0 -6 -9 -7 -9 -7 -8 -8 -8 -8 -8 -8 -9 -8 -9 -9 -8 -9 -9 -9 -8 -10 -7 -9 -8 -10 -8 -10 -8 -10 -8 -10 -8 -10 -8 -10 -7 -9 -8 -9 -7 -9 -8 -9 -8 -9 -7 -10 -7 -8 -7 -9 -7 0 0 0 0 0 0 0 0 0 0 ],1687784611.2981372
CSI_DATA,STA,08:3A:F2:A8:E0:C1,-39,11,1,5,1,1,1,1,0,0,0,-95,1,1,1,20568730,0,110,0,0,20.7575,384,[110 96 6 0 0 0 0 0 0 0 0 0 -20 -11 -20 -12 -19 -11 -19 -12 -17 -11 -16 -12 -14 -12 -14 -12 -13 -12 -13 -11 -12 -11 -12 -11 -12 -10 -12 -10 -11 -9 -11 -8 -10 -8 -9 -7 -10 -7 -9 -6 -9 -6 -10 -5 -9 -5 -9 -4 -10 -3 -10 -2 0 0 -10 -2 -10 -1 -10 -1 -10 0 -11 0 -11 0 -12 0 -12 0 -12 0 -12 1 -12 1 -12 1 -12 2 -12 1 -12 1 -12 1 -12 1 -12 1 -12 1 -11 1 -11 1 -12 1 -11 1 -11 2 -11 1 -10 1 0 0 0 0 0 0 0 0 0 0 ],1687784611.307435
CSI_DATA,STA,08:3A:F2:A8:E0:C1,-39,11,1,5,1,1,1,1,0,0,0,-95,1,1,1,20578710,0,110,0,0,20.7674,384,[110 96 6 0 0 0 0 0 0 0 0 0 -19 -18 -18 -18 -18 -18 -16 -17 -16 -17 -13 -17 -12 -17 -12 -16 -11 -16 -11 -15 -10 -15 -9 -15 -10 -14 -10 -13 -9 -12 -9 -12 -8 -10 -8 -10 -9 -9 -9 -9 -9 -9 -9 -8 -9 -7 -10 -7 -10 -6 -10 -5 0 0 -10 -5 -11 -4 -11 -3 -12 -3 -12 -3 -12 -3 -13 -3 -13 -3 -13 -3 -13 -2 -13 -2 -14 -2 -14 -2 -13 -2 -14 -2 -13 -2 -14 -2 -13 -2 -13 -2 -13 -2 -13 -2 -13 -2 -12 -2 -13 -1 -12 -2 -12 -2 0 0 0 0 0 0 0 0 0 0 ],1687784611.317445
CSI_DATA,STA,08:3A:F2:A8:E0:C1,-39,11,1,5,1,1,1,1,0,0,0,-95,1,1,1,20588841,0,110,0,0,20.7777,384,[110 96 6 0 0 0 0 0 0 0 0 0 23 -7 23 -7 23 -6 23 -5 22 -4 21 -3 20 -3 19 -3 18 -1 18 -1 17 -1 17 -1 16 -1 15 -1 15 -1 14 -2 13 -2 12 -2 12 -2 11 -3 10 -3 10 -4 10 -4 9 -5 9 -5 9 -6 0 0 9 -7 8 -7 8 -8 8 -9 8 -9 8 -9 8 -9 8 -10 8 -10 8 -10 8 -11 8 -10 8 -10 8 -11 8 -10 7 -11 8 -11 7 -11 7 -10 7 -10 8 -10 8 -10 7 -10 7 -10 7 -10 6 -9 0 0 0 0 0 0 0 0 0 0 ],1687784611.326688
CSI_DATA,STA,08:3A:F2:A8:E0:C1,-39,11,1,5,1,1,1,1,0,0,0,-95,1,1,1,20599027,0,110,0,0,20.7879,384,[110 96 6 0 0 0 0 0 0 0 0 0 18 16 17 16 17 16 15 17 15 16 12 15 12 16 11 15 10 15 10 15 10 14 9 14 9 13 9 12 8 11 8 11 7 10 7 9 7 8 8 8 7 8 8 7 8 6 9 5 9 5 9 4 0 0 9 4 10 4 10 3 10 3 11 3 11 3 12 3 12 3 12 3 12 2 12 2 13 2 12 2 12 2 13 2 12 2 13 1 12 1 12 2 11 2 12 2 12 2 11 2 11 1 11 2 10 1 0 0 0 0 0 0 0 0 0 0 ],1687784611.3368
CSI_DATA,STA,08:3A:F2:A8:E0:C1,-39,11,1,5,1,1,1,1,0,0,0,-95,1,1,1,20608747,0,110,0,0,20.7975,384,[110 96 6 0 0 0 0 0 0 0 0 0 -12 16 -12 16 -12 15 -12 14 -12 13 -13 12 -12 11 -12 11 -12 10 -10 10 -11 9 -11 9 -10 9 -9 8 -9 8 -9 7 -8 7 -8 7 -6 7 -6 7 -6 7 -5 7 -5 7 -4 7 -4 7 -3 8 0 0 -3 8 -2 8 -1 8 -1 9 -1 9 -1 9 -1 9 -1 10 -1 9 0 9 0 10 0 10 0 10 0 10 0 10 0 10 0 10 0 9 0 10 0 9 0 10 0 9 0 9 1 9 0 9 0 8 0 0 0 0 0 0 0 0 0 0 ],1687784611.346188
CSI_DATA,STA,08:3A:F2:A8:E0:C1,-39,11,1,5,1,1,1,1,0,0,0,-95,1,1,1,20624280,0,110,0,0,20.813,384,[110 96 6 0 0 0 0 0 0 0 0 0 -23 5 -22 4 -22 4 -21 3 -21 3 -19 1 -19 1 -18 1 -17 0 -17 0 -16 0 -16 -1 -15 -1 -15 -1 -14 -1 -14 0 -12 0 -12 0 -11 1 -11 1 -11 1 -10 2 -10 2 -9 3 -10 3 -9 4 0 0 -9 5 -9 5 -8 6 -8 6 -8 6 -8 7 -9 7 -9 7 -9 8 -9 7 -9 8 -9 8 -9 8 -9 8 -9 8 -8 8 -9 8 -8 8 -8 8 -8 7 -8 7 -9 8 -8 7 -8 7 -8 6 -8 7 0 0 0 0 0 0 0 0 0 0 ],1687784611.3618848
CSI_DATA,STA,08:3A:F2:A8:E0:C1,-39,11,1,5,1,1,1,1,0,0,0,-95,1,1,1,20632589,0,110,0,0,20.8212,384,[110 96 6 0 0 0 0 0 0 0 0 0 1 25 0 23 0 23 -1 23 -1 21 -2 20 -3 20 -3 19 -4 18 -3 18 -3 17 -3 16 -2 15 -2 15 -2 14 -2 14 -2 13 -2 12 -1 11 0 11 0 11 1 10 1 10 3 10 2 10 3 9 0 0 4 9 5 9 5 9 5 9 6 9 6 9 7 9 7 10 7 9 7 9 8 9 8 10 8 9 8 9 8 10 8 9 8 10 8 9 8 9 7 9 7 9 7 9 7 9 7 8 7 8 7 8 0 0 0 0 0 0 0 0 0 0 ],1687784611.370564
CSI_DATA,STA,08:3A:F2:A8:E0:C1,-39,11,1,5,1,1,1,1,0,0,0,-95,1,1,1,20638959,0,110,0,0,20.8276,384,[110 96 6 0 0 0 0 0 0 0 0 0 21 -7 21 -6 20 -5 20 -4 20 -4 18 -3 18 -3 17 -2 17 -2 16 -1 16 -1 15 -1 14 -1 13 -1 13 -1 12 -2 11 -2 11 -2 10 -3 10 -3 9 -3 9 -4 9 -4 8 -5 8 -5 8 -6 0 0 7 -6 7 -7 6 -8 7 -8 6 -8 6 -9 7 -9 6 -9 6 -10 6 -10 6 -10 6 -10 6 -10 6 -10 6 -10 5 -10 6 -11 6 -10 6 -10 5 -10 6 -10 5 -10 6 -10 5 -10 5 -9 5 -9 0 0 0 0 0 0 0 0 0 0 ],1687784611.376458
CSI_DATA,STA,08:3A:F2:A8:E0:C1,-39,11,1,5,1,1,1,1,0,0,0,-95,1,1,1,20648808,0,110,0,0,20.8375,384,[110 96 6 0 0 0 0 0 0 0 0 0 19 10 18 10 19 11 17 10 17 10 14 10 14 10 13 10 12 10 13 10 12 10 11 10 11 9 11 9 10 8 10 8 9 6 9 6 9 5 9 5 9 5 9 4 9 3 9 2 9 2 9 1 0 0 9 0 10 0 9 -1 10 -1 10 -1 10 -2 11 -1 11 -2 11 -2 11 -3 11 -3 11 -2 11 -3 11 -3 11 -2 11 -3 12 -3 11 -3 11 -3 10 -3 11 -2 10 -3 10 -3 10 -3 10 -2 9 -3 0 0 0 0 0 0 0 0 0 0 ],1687784611.387018
CSI_DATA,STA,08:3A:F2:A8:E0:C1,-39,11,1,5,1,1,1,1,0,0,0,-95,1,1,1,20660296,0,110,0,0,20.849,384,[110 96 6 0 0 0 0 0 0 0 0 0 -6 21 -7 21 -7 19 -8 19 -8 18 -8 17 -8 16 -8 15 -8 14 -8 13 -8 14 -8 13 -7 12 -6 12 -6 11 -6 11 -6 10 -5 10 -4 9 -4 9 -3 9 -3 9 -2 9 -1 9 -1 9 -1 9 0 0 0 9 1 9 1 9 2 9 2 10 2 10 2 10 3 10 3 10 3 10 4 10 4 11 3 11 3 11 3 10 4 10 4 10 4 10 3 10 4 10 3 10 3 10 3 9 3 9 3 9 3 9 0 0 0 0 0 0 0 0 0 0 ],1687784611.397675
CSI_DATA,STA,08:3A:F2:A8:E0:C1,-38,11,1,4,1,1,1,1,0,0,0,-95,1,1,1,20670296,0,110,0,0,20.859,384,[110 96 6 0 0 0 0 0 0 0 0 0 -4 -26 -2 -26 -3 -25 -1 -25 0 -23 1 -22 2 -21 2 -20 3 -20 1 -19 2 -19 2 -18 1 -17 1 -16 1 -16 1 -15 1 -14 0 -13 -1 -13 0 -13 -1 -12 -1 -12 -2 -11 -4 -11 -4 -12 -4 -11 0 0 -5 -11 -6 -11 -7 -11 -7 -10 -7 -11 -7 -11 -7 -11 -8 -11 -8 -11 -9 -10 -10 -10 -9 -11 -9 -11 -9 -11 -9 -11 -9 -11 -9 -11 -9 -10 -9 -11 -9 -10 -9 -11 -8 -10 -8 -10 -9 -9 -8 -10 -8 -9 0 0 0 0 0 0 0 0 0 0 ],1687784611.408758
CSI_DATA,STA,08:3A:F2:A8:E0:C1,-39,11,1,5,1,1,1,1,0,0,0,-95,1,1,1,20678645,0,110,0,0,20.8674,384,[110 96 6 0 0 0 0 0 0 0 0 0 21 -6 21 -5 21 -5 21 -4 20 -3 19 -2 18 -1 17 -2 17 -1 16 -1 15 -1 15 -1 14 -1 14 -1 14 -1 12 -1 12 -1 11 -2 10 -2 11 -2 9 -2 9 -3 9 -3 8 -4 8 -5 8 -6 0 0 8 -6 7 -6 8 -6 7 -7 7 -7 8 -8 8 -8 7 -8 8 -8 7 -9 7 -9 7 -9 7 -9 8 -9 8 -9 7 -9 8 -9 7 -9 7 -9 7 -9 7 -8 7 -8 7 -8 6 -9 7 -8 6 -8 0 0 0 0 0 0 0 0 0 0 ],1687784611.417006
CSI_DATA,STA,08:3A:F2:A8:E0:C1,-39,11,1,5,1,1,1,1,0,0,0,-95,1,1,1,20690318,0,110,0,0,20.8791,384,[110 96 6 0 0 0 0 0 0 0 0 0 -14 -25 -12 -24 -13 -25 -11 -24 -10 -23 -8 -22 -7 -21 -7 -21 -6 -21 -6 -20 -5 -19 -5 -19 -6 -18 -6 -17 -6 -16 -6 -15 -5 -14 -5 -14 -6 -13 -6 -12 -7 -11 -7 -11 -7 -10 -8 -10 -9 -10 -9 -9 0 0 -10 -8 -11 -8 -11 -7 -11 -7 -11 -7 -12 -7 -13 -7 -13 -6 -13 -7 -13 -6 -14 -6 -14 -7 -14 -7 -14 -6 -14 -7 -13 -6 -14 -7 -13 -6 -13 -6 -14 -6 -13 -6 -13 -6 -13 -6 -12 -5 -12 -6 -12 -5 0 0 0 0 0 0 0 0 0 0 ],1687784611.429313
CSI_DATA,STA,08:3A:F2:A8:E0:C1,-39,11,1,5,1,1,1,1,0,0,0,-95,1,1,1,20699360,0,110,0,0,20.8882,384,[110 96 6 0 0 0 0 0 0 0 0 0 -25 -4 -24 -4 -24 -5 -23 -6 -22 -6 -20 -7 -19 -7 -18 -7 -18 -8 -17 -7 -17 -7 -16 -7 -16 -7 -15 -6 -14 -6 -14 -5 -13 -5 -12 -4 -12 -4 -12 -3 -12 -3 -12 -3 -11 -1 -12 0 -11 0 -11 1 0 0 -11 2 -11 2 -11 2 -11 3 -11 3 -12 4 -12 3 -12 4 -12 4 -12 5 -12 5 -12 5 -13 5 -12 5 -12 5 -12 5 -12 5 -12 5 -12 5 -11 4 -11 4 -12 4 -11 5 -11 5 -11 4 -10 4 0 0 0 0 0 0 0 0 0 0 ],1687784611.4373639
CSI_DATA,STA,08:3A:F2:A8:E0:C1,-38,11,1,4,1,1,1,1,0,0,0,-95,1,1,1,20708589,0,110,0,0,20.8973,384,[110 96 6 0 0 0 0 0 0 0 0 0 18 -18 18 -18 17 -16 19 -15 17 -14 17 -13 17 -12 17 -11 17 -10 15 -10 16 -10 15 -9 14 -9 13 -9 13 -8 12 -9 11 -8 10 -8 9 -8 9 -8 9 -7 8 -8 7 -8 6 -9 6 -10 5 -10 0 0 5 -11 4 -11 3 -12 3 -12 3 -12 4 -13 4 -13 3 -13 3 -13 2 -13 2 -14 3 -14 2 -14 2 -14 2 -14 2 -14 2 -14 1 -14 2 -13 2 -13 3 -13 3 -13 2 -13 1 -13 2 -12 1 -12 0 0 0 0 0 0 0 0 0 0 ],1687784611.4468448
CSI_DATA,STA,08:3A:F2:A8:E0:C1,-38,11,1,4,1,1,1,1,0,0,0,-95,1,1,1,20719016,0,110,0,0,20.9077,384,[110 96 6 0 0 0 0 0 0 0 0 0 22 0 21 1 21 1 21 2 20 3 18 4 17 3 16 4 16 4 15 5 15 5 15 5 14 4 13 4 12 4 12 3 11 3 10 2 10 2 10 1 10 1 10 1 9 0 9 -1 10 -1 9 -2 0 0 9 -3 9 -3 10 -4 9 -4 10 -4 10 -5 10 -5 10 -5 10 -6 10 -6 10 -6 10 -5 10 -5 10 -6 11 -5 10 -6 10 -6 10 -6 10 -5 9 -6 10 -5 10 -5 10 -5 9 -5 9 -5 8 -5 0 0 0 0 0 0 0 0 0 0 ],1687784611.4569972
CSI_DATA,STA,08:3A:F2:A8:E0:C1,-39,11,1,5,1,1,1,1,0,0,0,-95,1,1,1,20727789,0,110,0,0,20.9165,384,[110 96 6 0 0 0 0 0 0 0 0 0 0 -26 1 -25 1 -24 2 -23 2 -23 3 -22 4 -21 4 -19 5 -19 3 -18 4 -18 4 -17 3 -16 2 -16 3 -14 2 -15 2 -13 2 -13 0 -13 0 -13 0 -12 -1 -12 -1 -11 -3 -11 -3 -11 -3 -11 0 0 -4 -11 -5 -11 -5 -10 -6 -10 -6 -11 -7 -11 -7 -11 -7 -11 -7 -11 -8 -11 -9 -11 -8 -11 -9 -11 -8 -11 -8 -11 -8 -11 -8 -11 -8 -11 -8 -11 -8 -10 -8 -11 -8 -10 -8 -10 -8 -9 -7 -10 -7 -10 0 0 0 0 0 0 0 0 0 0 ],1687784611.466343
CSI_DATA,STA,08:3A:F2:A8:E0:C1,-38,11,1,4,1,1,1,1,0,0,0,-95,1,1,1,20738926,0,110,0,0,20.9277,384,[110 96 6 0 0 0 0 0 0 0 0 0 22 -4 22 -3 21 -3 21 -1 20 -1 18 0 18 1 17 1 17 1 16 1 15 1 15 2 15 2 14 1 13 1 13 0 11 0 11 0 11 0 10 -1 10 -1 10 -1 9 -2 9 -3 10 -3 9 -4 0 0 9 -5 8 -5 8 -6 8 -6 9 -6 8 -7 9 -7 9 -7 9 -8 8 -8 8 -8 9 -8 9 -8 9 -8 9 -8 8 -8 9 -9 8 -8 8 -8 8 -8 8 -7 8 -8 8 -7 8 -8 8 -7 7 -7 0 0 0 0 0 0 0 0 0 0 ],1687784611.476347
CSI_DATA,STA,08:3A:F2:A8:E0:C1,-38,11,1,4,1,1,1,1,0,0,0,-95,1,1,1,20750776,0,110,0,0,20.9395,384,[110 96 6 0 0 0 0 0 0 0 0 0 21 -8 20 -7 20 -6 21 -5 19 -4 18 -4 18 -3 17 -2 17 -2 15 -2 15 -2 15 -2 15 -2 14 -2 13 -1 13 -2 11 -2 10 -2 10 -2 10 -2 10 -2 9 -3 8 -4 8 -4 9 -5 8 -6 0 0 8 -7 8 -6 8 -7 7 -7 7 -8 8 -8 8 -8 7 -8 8 -9 7 -9 7 -10 7 -9 7 -10 8 -10 7 -9 7 -10 8 -10 7 -10 7 -9 6 -9 7 -9 8 -8 7 -8 6 -9 7 -8 6 -8 0 0 0 0 0 0 0 0 0 0 ],1687784611.488728
CSI_DATA,STA,08:3A:F2:A8:E0:C1,-39,11,1,5,1,1,1,1,0,0,0,-95,1,1,1,20757743,0,110,0,0,20.9464,384,[110 96 6 0 0 0 0 0 0 0 0 0 -14 -18 -13 -19 -13 -18 -12 -18 -11 -17 -10 -17 -9 -17 -8 -16 -7 -16 -7 -15 -7 -15 -7 -15 -7 -14 -7 -13 -6 -13 -7 -12 -6 -11 -6 -10 -6 -10 -7 -9 -6 -9 -7 -9 -7 -8 -7 -7 -8 -7 -8 -6 0 0 -9 -6 -9 -5 -9 -5 -10 -5 -10 -5 -10 -5 -11 -5 -11 -5 -11 -4 -11 -4 -12 -4 -12 -4 -12 -4 -11 -4 -12 -4 -12 -4 -12 -5 -11 -4 -11 -4 -11 -4 -11 -4 -11 -4 -11 -4 -11 -3 -10 -4 -10 -4 0 0 0 0 0 0 0 0 0 0 ],1687784611.49614
CSI_DATA,STA,08:3A:F2:A8:E0:C1,-38,11,1,4,1,1,1,1,0,0,0,-95,1,1,1,20769159,0,110,0,0,20.9579,384,[110 96 6 0 0 0 0 0 0 0 0 0 -22 -7 -21 -8 -21 -8 -20 -10 -19 -9 -17 -10 -16 -10 -15 -9 -15 -10 -14 -9 -14 -9 -14 -9 -13 -9 -13 -8 -12 -8 -12 -7 -11 -7 -10 -6 -11 -5 -10 -5 -10 -5 -10 -5 -10 -4 -10 -3 -11 -2 -10 -1 0 0 -11 -1 -10 0 -11 0 -11 1 -11 1 -12 1 -12 1 -12 1 -12 2 -11 2 -12 3 -12 2 -12 3 -12 3 -12 2 -12 3 -12 3 -12 3 -11 2 -11 2 -11 2 -11 2 -11 2 -11 3 -11 2 -10 2 0 0 0 0 0 0 0 0 0 0 ],1687784611.507624
CSI_DATA,STA,08:3A:F2:A8:E0:C1,-38,11,1,4,1,1,1,1,0,0,0,-95,1,1,1,20780875,0,110,0,0,20.9696,384,[110 96 6 0 0 0 0 0 0 0 0 0 -13 19 -13 17 -13 17 -14 16 -14 15 -13 13 -14 13 -13 12 -13 12 -12 11 -13 11 -12 10 -11 9 -11 9 -10 8 -10 9 -9 8 -8 8 -7 8 -7 8 -6 7 -6 8 -6 8 -5 8 -5 9 -4 9 0 0 -3 9 -2 10 -1 10 -1 10 -2 10 -1 10 -1 11 -1 10 -1 11 -1 11 0 12 0 11 0 12 0 11 0 11 0 11 0 12 0 11 0 11 0 10 0 11 0 11 -1 10 0 10 0 10 0 9 0 0 0 0 0 0 0 0 0 0 ],1687784611.519318
CSI_DATA,STA,08:3A:F2:A8:E0:C1,-39,11,1,5,1,1,1,1,0,0,0,-95,1,1,1,20787707,0,110,0,0,20.9763,384,[110 96 6 0 0 0 0 0 0 0 0 0 24 -3 24 -2 23 -2 23 0 22 0 21 1 20 2 19 2 19 2 18 2 17 2 16 2 16 2 15 2 14 2 14 1 13 1 12 0 12 0 12 -1 11 -1 11 -1 10 -2 10 -2 10 -3 10 -4 0 0 9 -5 9 -5 9 -6 9 -7 10 -7 10 -7 10 -8 9 -8 10 -9 9 -9 9 -9 10 -9 10 -9 10 -9 10 -8 9 -9 10 -9 10 -9 9 -9 9 -9 9 -8 9 -8 9 -8 8 -9 8 -8 8 -8 0 0 0 0 0 0 0 0 0 0 ],1687784611.5256891
CSI_DATA,STA,08:3A:F2:A8:E0:C1,-39,11,1,5,1,1,1,1,0,0,0,-95,1,1,1,20801649,0,110,0,0,20.9906,384,[110 96 6 0 0 0 0 0 0 0 0 0 -5 -25 -3 -24 -4 -24 -2 -23 -1 -22 0 -22 0 -21 1 -20 1 -19 0 -18 1 -18 1 -17 0 -16 0 -16 0 -15 0 -14 0 -13 -1 -13 -2 -12 -2 -12 -2 -12 -3 -11 -3 -10 -4 -11 -4 -10 -5 -10 0 0 -6 -10 -6 -10 -7 -9 -8 -9 -8 -10 -8 -10 -8 -10 -9 -9 -9 -10 -9 -9 -10 -9 -9 -10 -10 -9 -10 -9 -10 -10 -10 -9 -10 -10 -10 -9 -10 -10 -10 -9 -9 -9 -9 -9 -9 -9 -9 -8 -9 -8 -9 -8 0 0 0 0 0 0 0 0 0 0 ],1687784611.5406668
CSI_DATA,STA,08:3A:F2:A8:E0:C1,-39,11,1,5,1,1,1,1,0,0,0,-95,1,1,1,20809020,0,110,0,0,20.9976,384,[110 96 6 0 0 0 0 0 0 0 0 0 -21 9 -20 8 -21 8 -20 7 -20 6 -18 5 -18 4 -17 3 -17 3 -17 3 -16 3 -15 3 -15 3 -14 3 -13 2 -13 3 -12 3 -11 3 -11 3 -10 3 -10 4 -9 4 -9 5 -8 5 -8 5 -8 6 0 0 -8 6 -7 7 -6 7 -7 9 -6 8 -6 8 -7 9 -7 9 -6 9 -6 10 -6 10 -6 10 -6 10 -6 10 -6 10 -5 10 -6 10 -6 10 -6 9 -6 9 -6 9 -6 9 -6 9 -5 9 -5 9 -5 8 0 0 0 0 0 0 0 0 0 0 ],1687784611.5470479
CSI_DATA,STA,08:3A:F2:A8:E0:C1,-39,11,1,5,1,1,1,1,0,0,0,-95,1,1,1,20817794,0,110,0,0,21.0065,384,[110 96 6 0 0 0 0 0 0 0 0 0 15 16 14 16 14 16 13 16 12 16 10 15 9 15 8 14 8 14 7 14 7 13 7 13 7 13 7 12 6 11 6 10 6 9 6 9 6 9 6 8 6 7 7 7 6 6 7 6 7 6 7 4 0 0 8 4 9 4 9 3 9 3 10 3 10 3 10 3 10 3 10 2 11 2 11 2 11 2 11 2 11 2 11 2 11 2 12 2 11 2 11 2 10 1 10 2 10 2 10 2 10 2 10 2 9 2 0 0 0 0 0 0 0 0 0 0 ],1687784611.555403
CSI_DATA,STA,08:3A:F2:A8:E0:C1,-38,11,1,4,1,1,1,1,0,0,0,-95,1,1,1,20830385,0,110,0,0,21.0191,384,[110 96 6 0 0 0 0 0 0 0 0 0 8 24 7 24 7 23 6 23 5 21 3 21 3 20 2 19 1 19 1 18 1 18 1 17 2 16 2 16 1 15 2 14 1 13 1 12 3 11 3 11 3 10 4 10 3 10 5 9 5 10 5 9 0 0 6 9 7 8 8 8 8 7 9 8 9 8 9 9 9 8 10 8 10 7 10 7 10 8 11 8 10 8 10 8 11 7 11 8 10 7 10 7 10 6 10 8 9 7 9 7 10 6 9 7 9 6 0 0 0 0 0 0 0 0 0 0 ],1687784611.567778
CSI_DATA,STA,08:3A:F2:A8:E0:C1,-38,11,1,4,1,1,1,1,0,0,0,-95,1,1,1,20840530,0,110,0,0,21.0293,384,[110 96 6 0 0 0 0 0 0 0 0 0 25 2 24 2 23 3 23 4 22 4 20 5 19 5 18 5 18 6 17 5 16 5 16 5 16 5 15 5 14 5 13 4 12 4 11 3 12 3 11 2 11 2 11 2 10 0 10 0 11 -1 11 -2 0 0 11 -3 11 -3 11 -4 11 -4 11 -4 12 -4 12 -5 11 -5 12 -5 11 -6 11 -6 12 -5 12 -6 12 -6 12 -5 12 -6 12 -6 11 -6 12 -6 11 -6 11 -5 11 -5 11 -5 10 -6 11 -4 10 -5 0 0 0 0 0 0 0 0 0 0 ],1687784611.578926
CSI_DATA,STA,08:3A:F2:A8:E0:C1,-39,11,1,5,1,1,1,1,0,0,0,-95,1,1,1,20847551,0,110,0,0,21.0362,384,[110 96 6 0 0 0 0 0 0 0 0 0 -4 25 -5 23 -5 23 -6 22 -6 21 -7 20 -7 19 -7 18 -7 17 -7 16 -7 16 -7 15 -6 15 -6 14 -6 13 -5 13 -5 12 -4 12 -3 11 -3 11 -2 10 -2 11 -1 10 0 10 0 10 1 10 0 0 1 10 2 10 3 10 3 10 4 11 4 11 4 11 4 11 4 11 5 11 6 11 5 11 6 11 5 12 5 11 6 11 6 11 6 11 5 11 5 10 5 11 4 11 5 10 5 10 5 10 5 9 0 0 0 0 0 0 0 0 0 0 ],1687784611.585618
CSI_DATA,STA,08:3A:F2:A8:E0:C1,-38,11,1,4,1,1,1,1,0,0,0,-95,1,1,1,20860679,0,110,0,0,21.0494,384,[110 96 6 0 0 0 0 0 0 0 0 0 -11 20 -11 19 -11 18 -12 18 -11 16 -12 15 -12 14 -12 13 -12 13 -11 12 -11 12 -11 12 -10 11 -9 11 -9 10 -8 10 -7 9 -7 9 -6 9 -6 8 -5 8 -5 9 -4 8 -3 9 -3 9 -2 9 0 0 -1 9 0 10 0 10 0 10 0 10 1 11 0 11 1 11 1 11 2 10 2 11 2 11 2 11 2 11 2 11 3 11 2 11 2 10 2 11 2 10 1 11 2 10 2 10 2 10 2 9 2 9 0 0 0 0 0 0 0 0 0 0 ],1687784611.598712
CSI_DATA,STA,08:3A:F2:A8:E0:C1,-39,11,1,5,1,1,1,1,0,0,0,-95,1,1,1,20867700,0,110,0,0,21.0563,384,[110 96 6 0 0 0 0 0 0 0 0 0 -21 -15 -20 -15 -20 -15 -19 -15 -17 -15 -16 -15 -14 -15 -13 -15 -13 -14 -13 -14 -12 -14 -11 -13 -12 -12 -12 -12 -11 -11 -10 -11 -10 -10 -9 -9 -10 -9 -10 -8 -10 -8 -10 -7 -10 -6 -10 -5 -11 -5 -10 -4 0 0 -11 -4 -11 -3 -11 -3 -12 -2 -12 -3 -12 -2 -13 -2 -13 -2 -13 -2 -13 -1 -14 0 -14 -1 -14 -1 -14 -1 -14 -2 -13 -1 -13 -1 -13 -1 -13 -1 -13 -1 -13 -2 -13 -2 -12 -1 -12 -1 -12 -1 -12 -1 0 0 0 0 0 0 0 0 0 0 ],1687784611.6067111
CSI_DATA,STA,08:3A:F2:A8:E0:C1,-39,11,1,5,1,1,1,1,0,0,0,-95,1,1,1,20877844,0,110,0,0,21.0666,384,[110 96 6 0 0 0 0 0 0 0 0 0 -11 19 -12 19 -11 18 -12 17 -12 16 -12 15 -12 13 -12 13 -12 12 -11 12 -11 12 -11 11 -10 10 -10 10 -9 9 -9 10 -8 9 -8 9 -6 8 -6 8 -6 8 -5 8 -5 8 -4 9 -3 9 -3 9 0 0 -2 9 -2 10 -1 10 -1 10 -1 10 -1 10 -1 11 0 11 0 11 0 11 1 11 1 11 1 11 0 11 1 12 1 11 1 11 1 11 0 11 0 10 0 11 0 11 0 11 1 10 0 10 1 9 0 0 0 0 0 0 0 0 0 0 ],1687784611.615514
CSI_DATA,STA,08:3A:F2:A8:E0:C1,-38,11,1,4,1,1,1,1,0,0,0,-95,1,1,1,20890297,0,110,0,0,21.079,384,[110 96 6 0 0 0 0 0 0 0 0 0 -4 22 -5 21 -5 21 -6 20 -6 19 -7 18 -7 17 -7 15 -7 15 -7 14 -7 15 -7 14 -6 13 -6 13 -6 12 -5 12 -5 11 -4 11 -3 10 -3 10 -3 9 -2 9 -2 9 0 9 0 10 0 9 0 0 1 10 2 10 3 9 3 9 3 10 3 10 3 10 4 10 4 10 4 9 5 10 4 10 5 10 5 10 4 10 5 10 5 10 5 10 5 10 4 9 4 10 4 10 4 9 5 9 4 9 4 8 0 0 0 0 0 0 0 0 0 0 ],1687784611.6276832
CSI_DATA,STA,08:3A:F2:A8:E0:C1,-39,11,1,5,1,1,1,1,0,0,0,-95,1,1,1,20897381,0,110,0,0,21.0861,384,[110 96 6 0 0 0 0 0 0 0 0 0 -20 -16 -19 -16 -18 -17 -18 -17 -16 -16 -14 -16 -13 -16 -13 -16 -12 -16 -12 -15 -11 -14 -11 -14 -11 -13 -11 -13 -10 -12 -10 -11 -9 -10 -9 -10 -10 -9 -9 -8 -9 -8 -10 -7 -9 -6 -10 -6 -10 -5 -10 -4 0 0 -11 -4 -11 -3 -11 -3 -12 -3 -12 -2 -13 -2 -13 -2 -13 -2 -13 -2 -13 -1 -13 -1 -14 -1 -14 -1 -14 -1 -13 -1 -14 -1 -13 -1 -13 -1 -13 -1 -13 -1 -13 -1 -13 -1 -12 -1 -12 0 -12 -1 -12 0 0 0 0 0 0 0 0 0 0 0 ],1687784611.63539
CSI_DATA,STA,08:3A:F2:A8:E0:C1,-39,11,1,5,1,1,1,1,0,0,0,-95,1,1,1,20907968,0,110,0,0,21.0969,384,[110 96 6 0 0 0 0 0 0 0 0 0 21 -13 22 -12 20 -10 22 -9 20 -8 20 -7 19 -6 18 -6 18 -5 16 -5 16 -5 16 -5 15 -5 14 -5 14 -4 13 -4 12 -4 11 -5 11 -4 10 -5 10 -5 10 -5 9 -6 8 -6 8 -7 7 -8 0 0 7 -9 7 -8 7 -9 6 -9 7 -10 7 -10 7 -10 7 -11 7 -11 6 -11 6 -12 6 -11 6 -12 6 -12 6 -11 6 -11 6 -12 6 -12 6 -11 6 -11 7 -11 7 -11 6 -11 5 -11 5 -10 5 -10 0 0 0 0 0 0 0 0 0 0 ],1687784611.646664
CSI_DATA,STA,08:3A:F2:A8:E0:C1,-38,11,1,4,1,1,1,1,0,0,0,-95,1,1,1,20919331,0,110,0,0,21.1081,384,[110 96 6 0 0 0 0 0 0 0 0 0 22 4 20 5 21 5 20 6 19 6 17 6 17 7 15 7 15 6 14 7 14 7 14 7 13 6 13 6 11 5 12 5 10 4 10 4 10 3 10 3 9 2 10 2 9 1 9 1 10 1 9 -1 0 0 9 -2 10 -2 10 -3 9 -3 10 -3 10 -4 11 -4 10 -4 10 -5 10 -5 10 -5 11 -4 11 -5 10 -5 11 -5 10 -5 11 -6 10 -6 10 -5 9 -5 10 -4 10 -5 10 -4 9 -5 10 -4 8 -4 0 0 0 0 0 0 0 0 0 0 ],1687784611.6576252
CSI_DATA,STA,08:3A:F2:A8:E0:C1,-38,11,1,4,1,1,1,1,0,0,0,-95,1,1,1,20933003,0,110,0,0,21.1217,384,[110 96 6 0 0 0 0 0 0 0 0 0 -18 14 -19 12 -18 12 -19 11 -18 10 -17 8 -17 7 -17 6 -16 6 -15 6 -16 6 -15 6 -14 5 -14 5 -13 4 -13 6 -11 5 -11 5 -10 5 -10 5 -9 4 -9 5 -8 6 -7 6 -7 7 -7 7 0 0 -7 8 -6 8 -5 9 -5 9 -6 9 -6 9 -6 10 -5 9 -5 10 -5 10 -4 11 -5 11 -5 11 -4 11 -5 11 -4 11 -5 11 -4 10 -4 10 -4 10 -5 10 -5 10 -5 10 -3 10 -4 9 -3 9 0 0 0 0 0 0 0 0 0 0 ],1687784611.672126
CSI_DATA,STA,08:3A:F2:A8:E0:C1,-38,11,1,4,1,1,1,1,0,0,0,-95,1,1,1,20940424,0,110,0,0,21.129,384,[110 96 6 0 0 0 0 0 0 0 0 0 -20 -18 -18 -18 -18 -17 -17 -19 -16 -18 -13 -18 -13 -17 -12 -17 -11 -16 -11 -16 -10 -16 -10 -16 -10 -15 -9 -14 -9 -13 -9 -12 -8 -11 -8 -11 -9 -10 -9 -10 -9 -9 -9 -9 -9 -8 -10 -8 -10 -7 -10 -6 0 0 -11 -5 -12 -4 -12 -4 -12 -4 -12 -4 -13 -4 -13 -4 -13 -4 -14 -3 -13 -3 -14 -2 -13 -3 -14 -3 -14 -3 -14 -3 -14 -2 -15 -3 -13 -3 -13 -3 -13 -2 -13 -3 -13 -3 -13 -3 -13 -3 -12 -3 -12 -3 0 0 0 0 0 0 0 0 0 0 ],1687784611.6792479
CSI_DATA,STA,08:3A:F2:A8:E0:C1,-38,11,1,4,1,1,1,1,0,0,0,-95,1,1,1,20947670,0,110,0,0,21.1363,384,[110 96 6 0 0 0 0 0 0 0 0 0 -22 -16 -20 -16 -20 -16 -20 -17 -18 -16 -15 -16 -14 -16 -13 -16 -13 -15 -12 -15 -12 -15 -12 -15 -11 -14 -11 -13 -10 -13 -11 -12 -10 -11 -9 -10 -9 -9 -10 -9 -10 -8 -9 -8 -9 -7 -10 -6 -11 -6 -11 -5 0 0 -11 -4 -12 -4 -12 -3 -12 -2 -13 -4 -13 -3 -14 -3 -13 -3 -14 -2 -13 -2 -14 -1 -14 -2 -14 -2 -14 -2 -14 -2 -14 -2 -14 -2 -13 -2 -13 -2 -13 -2 -13 -2 -13 -2 -13 -3 -13 -1 -12 -2 -12 -2 0 0 0 0 0 0 0 0 0 0 ],1687784611.686881
CSI_DATA,STA,08:3A:F2:A8:E0:C1,-38,11,1,4,1,1,1,1,0,0,0,-95,1,1,1,20959808,0,110,0,0,21.1486,384,[110 96 6 0 0 0 0 0 0 0 0 0 25 3 24 4 24 4 24 6 22 5 20 6 19 6 17 6 17 7 16 6 16 6 16 6 15 6 15 5 14 6 13 4 12 4 11 3 12 3 11 3 11 2 11 2 10 1 10 0 11 -1 11 -2 0 0 11 -3 11 -3 11 -4 10 -5 11 -4 11 -4 12 -5 11 -5 12 -6 11 -6 11 -7 12 -6 12 -6 12 -6 12 -5 12 -6 12 -6 11 -6 11 -6 11 -6 11 -5 12 -5 11 -6 10 -6 10 -5 10 -5 0 0 0 0 0 0 0 0 0 0 ],1687784611.6985931
CSI_DATA,STA,08:3A:F2:A8:E0:C1,-38,11,1,4,1,1,1,1,0,0,0,-95,1,1,1,20976668,0,110,0,0,21.1655,384,[110 96 6 0 0 0 0 0 0 0 0 0 17 -15 17 -14 16 -13 17 -12 16 -11 16 -10 15 -9 15 -8 15 -8 14 -7 14 -8 13 -7 12 -7 12 -7 12 -6 11 -7 10 -6 9 -6 9 -6 8 -6 8 -6 7 -6 6 -6 6 -7 6 -8 5 -8 0 0 5 -9 4 -9 4 -10 3 -9 4 -10 4 -10 4 -11 3 -11 4 -11 2 -11 2 -11 3 -11 3 -12 3 -12 3 -11 2 -12 3 -12 2 -11 3 -11 2 -11 3 -11 3 -11 3 -11 2 -11 2 -10 2 -10 0 0 0 0 0 0 0 0 0 0 ],1687784611.714745
CSI_DATA,STA,08:3A:F2:A8:E0:C1,-38,11,1,4,1,1,1,1,0,0,0,-95,1,1,1,20977125,0,110,0,0,21.1702,384,[110 96 6 0 0 0 0 0 0 0 0 0 -21 -8 -20 -9 -20 -8 -20 -10 -18 -9 -16 -10 -15 -9 -15 -10 -14 -10 -13 -9 -13 -9 -13 -9 -13 -9 -12 -8 -11 -8 -12 -7 -10 -6 -10 -6 -10 -6 -10 -5 -10 -5 -10 -5 -9 -4 -10 -3 -10 -3 -10 -2 0 0 -10 -1 -10 -1 -11 0 -10 1 -11 0 -11 0 -12 0 -11 1 -12 1 -11 2 -12 2 -12 1 -12 2 -12 2 -12 1 -12 2 -12 2 -11 2 -11 2 -11 1 -11 1 -11 1 -11 1 -10 2 -11 1 -10 1 0 0 0 0 0 0 0 0 0 0 ],1687784611.7206259
CSI_DATA,STA,08:3A:F2:A8:E0:C1,-38,11,1,4,1,1,1,1,0,0,0,-95,1,1,1,20989268,0,110,0,0,21.1779,384,[110 96 6 0 0 0 0 0 0 0 0 0 9 20 8 20 8 20 7 21 6 18 4 18 4 18 3 17 2 17 3 15 3 15 2 15 3 14 3 14 2 13 2 12 2 12 2 10 3 10 3 10 3 10 3 9 3 8 5 8 5 8 5 7 0 0 6 7 6 7 7 7 7 6 8 7 8 7 8 7 9 7 9 7 8 6 9 6 9 7 9 6 10 6 9 7 10 6 10 6 9 5 9 6 8 6 9 6 8 6 8 6 8 5 8 6 8 5 0 0 0 0 0 0 0 0 0 0 ],1687784611.7280838
CSI_DATA,STA,08:3A:F2:A8:E0:C1,-38,11,1,4,1,1,1,1,0,0,0,-95,1,1,1,20999191,0,110,0,0,21.188,384,[110 96 6 0 0 0 0 0 0 0 0 0 -10 21 -10 19 -10 19 -11 18 -11 17 -11 15 -11 15 -11 14 -11 14 -10 12 -10 12 -10 12 -9 12 -9 11 -9 10 -8 11 -7 9 -7 9 -6 9 -5 9 -5 9 -4 9 -4 8 -3 9 -3 9 -2 9 0 0 -1 10 0 10 0 10 1 10 0 10 1 10 1 11 1 11 1 11 2 11 2 11 2 11 2 11 2 11 2 11 2 11 3 12 3 10 2 10 3 10 2 10 2 10 2 10 2 10 2 10 2 9 0 0 0 0 0 0 0 0 0 0 ],1687784611.738165
CSI_DATA,STA,08:3A:F2:A8:E0:C1,-38,11,1,4,1,1,1,1,0,0,0,-95,1,1,1,21008272,0,110,0,0,21.1972,384,[110 96 6 0 0 0 0 0 0 0 0 0 -23 -2 -22 -2 -23 -3 -22 -3 -21 -4 -18 -4 -19 -5 -17 -5 -17 -5 -16 -6 -16 -6 -16 -6 -15 -6 -14 -5 -13 -5 -14 -3 -12 -3 -12 -3 -11 -3 -11 -2 -11 -2 -11 -1 -10 -1 -10 0 -11 0 -10 1 0 0 -10 2 -10 3 -10 3 -10 4 -11 4 -11 4 -11 4 -11 4 -11 5 -11 5 -11 6 -11 5 -11 5 -10 6 -11 5 -10 6 -11 6 -10 6 -10 5 -10 5 -10 5 -10 5 -10 5 -10 5 -10 4 -9 5 0 0 0 0 0 0 0 0 0 0 ],1687784611.7470589
CSI_DATA,STA,08:3A:F2:A8:E0:C1,-38,11,1,4,1,1,1,1,0,0,0,-95,1,1,1,21017806,0,110,0,0,21.2065,384,[110 96 6 0 0 0 0 0 0 0 0 0 17 -15 17 -14 17 -14 18 -12 17 -12 16 -10 16 -9 15 -9 15 -8 14 -8 14 -8 14 -8 13 -7 12 -7 12 -6 11 -7 10 -6 10 -7 9 -7 8 -6 8 -6 8 -7 7 -7 6 -8 6 -8 5 -9 0 0 5 -10 4 -9 4 -10 3 -10 4 -11 3 -11 4 -11 3 -11 3 -12 2 -12 2 -12 2 -12 2 -12 2 -12 2 -12 2 -12 2 -13 2 -12 2 -12 2 -11 2 -11 2 -11 2 -11 1 -11 2 -10 1 -10 0 0 0 0 0 0 0 0 0 0 ],1687784611.755507
CSI_DATA,STA,08:3A:F2:A8:E0:C1,-38,11,1,4,1,1,1,1,0,0,0,-95,1,1,1,21027616,0,110,0,0,21.2163,384,[110 96 6 0 0 0 0 0 0 0 0 0 -11 -21 -10 -20 -10 -20 -9 -21 -8 -19 -7 -19 -5 -19 -5 -17 -4 -18 -4 -16 -5 -16 -5 -16 -5 -15 -5 -15 -4 -14 -4 -13 -4 -12 -4 -11 -5 -11 -5 -11 -5 -10 -5 -10 -5 -9 -7 -8 -7 -8 -7 -8 0 0 -8 -7 -8 -7 -9 -7 -9 -6 -9 -7 -10 -7 -10 -7 -10 -7 -11 -7 -11 -5 -12 -5 -11 -6 -12 -6 -11 -5 -11 -6 -12 -6 -12 -6 -11 -5 -11 -5 -11 -5 -10 -6 -10 -6 -10 -5 -11 -4 -10 -5 -10 -4 0 0 0 0 0 0 0 0 0 0 ],1687784611.766167
CSI_DATA,STA,08:3A:F2:A8:E0:C1,-38,11,1,4,1,1,1,1,0,0,0,-95,1,1,1,21037724,0,110,0,0,21.2265,384,[110 96 6 0 0 0 0 0 0 0 0 0 -22 9 -21 7 -21 7 -21 6 -21 5 -19 4 -19 4 -18 3 -18 2 -17 2 -17 2 -16 2 -15 2 -15 2 -14 1 -14 3 -12 2 -12 2 -11 2 -11 3 -10 3 -10 3 -9 3 -9 4 -9 5 -8 6 0 0 -8 6 -8 7 -7 7 -8 8 -8 7 -8 8 -8 8 -7 8 -7 9 -7 9 -7 10 -7 9 -7 10 -7 10 -8 10 -7 9 -7 10 -6 9 -7 9 -6 8 -7 9 -7 9 -7 8 -6 9 -6 8 -6 8 0 0 0 0 0 0 0 0 0 0 ],1687784611.7758038
CSI_DATA,STA,08:3A:F2:A8:E0:C1,-38,11,1,4,1,1,1,1,0,0,0,-95,1,1,1,21047787,0,110,0,0,21.2365,384,[110 96 6 0 0 0 0 0 0 0 0 0 15 -21 15 -20 15 -20 16 -18 16 -17 15 -15 15 -15 14 -13 15 -13 14 -12 14 -13 14 -12 13 -11 12 -11 11 -10 11 -11 10 -9 9 -10 8 -9 8 -9 7 -9 7 -9 6 -10 5 -10 5 -11 4 -11 0 0 4 -11 3 -12 2 -12 2 -12 2 -12 2 -13 2 -13 1 -13 1 -14 1 -14 0 -14 1 -14 1 -14 0 -14 1 -14 0 -14 1 -15 0 -14 1 -13 0 -13 1 -13 1 -13 1 -13 0 -13 1 -13 0 -11 0 0 0 0 0 0 0 0 0 0 ],1687784611.786601
CSI_DATA,STA,08:3A:F2:A8:E0:C1,-38,11,1,4,1,1,1,1,0,0,0,-95,1,1,1,21059114,0,110,0,0,21.2479,384,[110 96 6 0 0 0 0 0 0 0 0 0 22 6 19 6 21 7 19 8 19 8 16 7 16 8 14 8 14 8 14 8 14 8 13 8 13 7 12 6 11 6 12 5 10 4 10 5 10 4 10 4 9 3 9 2 9 2 10 1 10 1 9 -1 0 0 9 -1 10 -2 9 -2 10 -3 10 -3 11 -3 11 -3 10 -3 11 -4 10 -4 11 -5 11 -4 10 -5 10 -5 11 -5 10 -5 11 -6 10 -5 10 -5 10 -5 10 -4 10 -4 10 -5 10 -5 9 -4 8 -4 0 0 0 0 0 0 0 0 0 0 ],1687784611.7973142
CSI_DATA,STA,08:3A:F2:A8:E0:C1,-38,11,1,4,1,1,1,1,0,0,0,-95,1,1,1,21069334,0,110,0,0,21.2581,384,[110 96 6 0 0 0 0 0 0 0 0 0 -7 24 -8 24 -7 22 -10 23 -9 20 -10 20 -10 18 -9 17 -10 17 -9 15 -9 16 -9 15 -8 14 -8 14 -8 13 -7 13 -7 12 -6 11 -5 11 -4 11 -4 10 -4 10 -3 10 -1 10 -1 11 -1 11 0 0 0 11 1 11 2 12 2 11 2 11 3 12 2 13 3 12 3 12 3 11 4 12 4 12 4 13 5 13 3 12 5 12 4 12 5 11 5 11 4 11 4 11 3 12 4 11 4 10 4 11 4 10 0 0 0 0 0 0 0 0 0 0 ],1687784611.807952
CSI_DATA,STA,08:3A:F2:A8:E0:C1,-38,11,1,4,1,1,1,1,0,0,0,-95,1,1,1,21077809,0,110,0,0,21.2665,384,[110 96 6 0 0 0 0 0 0 0 0 0 7 25 6 24 6 24 4 24 3 22 2 21 1 20 1 19 0 19 0 18 0 18 0 18 0 17 1 16 0 15 0 14 0 13 1 13 2 12 2 12 2 11 3 11 3 10 4 10 5 10 5 9 0 0 6 9 7 9 7 9 8 8 8 9 8 9 8 9 9 9 9 9 9 8 10 8 9 9 10 9 10 9 9 9 10 8 10 9 9 8 9 8 9 7 9 9 8 9 8 8 9 7 8 8 8 7 0 0 0 0 0 0 0 0 0 0 ],1687784611.8158422
CSI_DATA,STA,08:3A:F2:A8:E0:C1,-38,11,1,4,1,1,1,1,0,0,0,-95,1,1,1,21087818,0,110,0,0,21.2765,384,[110 96 6 0 0 0 0 0 0 0 0 0 21 14 20 14 20 14 19 16 18 14 15 14 14 14 13 14 13 14 12 13 12 13 12 12 11 12 11 11 10 11 10 10 9 9 9 8 10 8 9 7 9 7 9 6 9 5 10 5 10 4 10 3 0 0 11 2 11 2 11 1 11 1 12 1 12 1 13 1 12 0 13 0 12 0 13 -1 13 0 13 0 13 0 13 0 13 -1 13 -1 13 -1 13 -1 12 0 12 0 12 0 12 0 12 -1 11 0 11 -1 0 0 0 0 0 0 0 0 0 0 ],1687784611.82566
CSI_DATA,STA,08:3A:F2:A8:E0:C1,-38,11,1,4,1,1,1,1,0,0,0,-95,1,1,1,21099315,0,110,0,0,21.2881,384,[110 96 6 0 0 0 0 0 0 0 0 0 -18 18 -19 18 -18 16 -20 16 -18 14 -18 13 -17 12 -17 11 -17 10 -16 9 -16 10 -15 9 -15 8 -14 8 -13 8 -12 8 -12 8 -11 7 -10 7 -9 7 -9 7 -8 8 -8 8 -7 8 -7 9 -6 10 0 0 -5 10 -4 10 -4 11 -4 11 -4 12 -4 12 -4 12 -3 12 -4 13 -3 12 -3 13 -3 13 -3 13 -3 13 -3 12 -3 13 -3 13 -2 13 -2 12 -2 12 -3 12 -3 12 -3 11 -2 12 -3 11 -2 11 0 0 0 0 0 0 0 0 0 0 ],1687784611.837621
CSI_DATA,STA,08:3A:F2:A8:E0:C1,-38,11,1,4,1,1,1,1,0,0,0,-95,1,1,1,21108252,0,110,0,0,21.2971,384,[110 96 6 0 0 0 0 0 0 0 0 0 22 12 20 12 21 12 20 13 18 12 16 13 16 13 14 13 14 13 13 12 12 12 12 12 12 12 12 10 11 10 11 9 9 8 9 8 10 7 10 6 9 6 10 5 9 5 10 4 10 3 10 2 0 0 10 2 11 1 11 0 11 0 12 0 12 0 13 0 12 -1 13 -1 12 -1 13 -1 13 -1 13 -1 13 -1 13 -1 13 -2 14 -2 13 -2 12 -1 12 -2 12 -1 12 -1 12 -1 12 -2 11 -1 10 -1 0 0 0 0 0 0 0 0 0 0 ],1687784611.846299
CSI_DATA,STA,08:3A:F2:A8:E0:C1,-38,11,1,4,1,1,1,1,0,0,0,-95,1,1,1,21117958,0,110,0,0,21.3067,384,[110 96 6 0 0 0 0 0 0 0 0 0 -12 -25 -10 -24 -10 -23 -8 -24 -7 -22 -6 -21 -5 -21 -4 -20 -4 -21 -4 -19 -4 -19 -4 -18 -4 -17 -4 -16 -3 -16 -4 -15 -4 -14 -4 -13 -5 -12 -4 -12 -5 -12 -5 -11 -5 -10 -7 -10 -7 -10 -7 -9 0 0 -8 -9 -9 -8 -10 -8 -10 -8 -10 -8 -11 -9 -11 -9 -11 -8 -11 -8 -11 -8 -12 -7 -12 -8 -12 -8 -12 -8 -12 -8 -12 -7 -12 -8 -12 -7 -11 -8 -11 -7 -11 -8 -11 -8 -11 -8 -11 -6 -10 -7 -11 -7 0 0 0 0 0 0 0 0 0 0 ],1687784611.8563662
CSI_DATA,STA,08:3A:F2:A8:E0:C1,-38,11,1,4,1,1,1,1,0,0,0,-95,1,1,1,21127823,0,110,0,0,21.3165,384,[110 96 6 0 0 0 0 0 0 0 0 0 13 19 11 18 11 18 10 19 9 18 7 17 7 17 6 16 6 16 5 15 5 15 5 14 5 14 5 13 4 12 5 12 5 10 4 10 5 9 5 9 5 9 6 8 5 7 7 7 7 7 7 6 0 0 8 5 9 5 9 4 9 4 9 4 9 4 10 5 10 4 11 4 10 3 11 3 11 4 11 3 11 3 11 3 11 2 12 3 11 2 10 3 10 2 10 3 10 3 10 3 10 2 10 3 9 2 0 0 0 0 0 0 0 0 0 0 ],1687784611.865819
CSI_DATA,STA,08:3A:F2:A8:E0:C1,-38,11,1,4,1,1,1,1,0,0,0,-95,1,1,1,21137767,0,110,0,0,21.3265,384,[110 96 6 0 0 0 0 0 0 0 0 0 18 -19 18 -17 18 -17 19 -16 18 -15 17 -13 17 -12 16 -11 17 -10 16 -10 16 -10 15 -9 14 -8 13 -8 13 -8 12 -9 11 -8 10 -8 10 -8 9 -8 9 -8 8 -8 8 -8 6 -9 7 -10 6 -10 0 0 5 -11 5 -11 4 -11 4 -12 4 -12 4 -13 4 -13 3 -13 4 -13 3 -13 2 -14 3 -13 3 -14 3 -13 3 -14 2 -14 3 -14 2 -13 3 -13 2 -13 3 -13 3 -13 3 -13 2 -13 3 -12 2 -11 0 0 0 0 0 0 0 0 0 0 ],1687784611.875602
CSI_DATA,STA,08:3A:F2:A8:E0:C1,-39,11,1,5,1,1,1,1,0,0,0,-95,1,1,1,21147718,0,110,0,0,21.3364,384,[110 96 6 0 0 0 0 0 0 0 0 0 24 5 23 5 23 5 22 6 21 6 19 7 18 7 17 7 17 7 16 7 15 7 15 7 15 7 14 6 13 6 13 5 12 5 11 3 11 3 11 3 11 3 10 2 10 1 10 0 10 0 10 -1 0 0 10 -2 10 -3 11 -3 10 -4 11 -4 11 -4 11 -4 11 -5 12 -5 11 -5 11 -5 12 -5 12 -5 12 -5 12 -5 11 -6 12 -6 12 -5 11 -5 11 -5 11 -5 11 -5 11 -5 11 -5 10 -4 10 -5 0 0 0 0 0 0 0 0 0 0 ],1687784611.8857129
CSI_DATA,STA,08:3A:F2:A8:E0:C1,-38,11,1,4,1,1,1,1,0,0,0,-95,1,1,1,21159263,0,110,0,0,21.348,384,[110 96 6 0 0 0 0 0 0 0 0 0 -18 -19 -17 -19 -17 -19 -16 -20 -14 -19 -12 -19 -11 -19 -10 -18 -10 -18 -9 -17 -9 -16 -9 -16 -9 -15 -9 -15 -8 -14 -8 -13 -7 -12 -7 -12 -8 -11 -8 -10 -8 -10 -8 -10 -8 -8 -9 -8 -10 -8 -10 -7 0 0 -10 -7 -11 -6 -11 -5 -12 -5 -12 -5 -12 -5 -13 -6 -12 -5 -13 -5 -13 -4 -13 -3 -13 -4 -14 -5 -14 -4 -14 -5 -14 -4 -14 -4 -13 -4 -13 -5 -12 -4 -12 -5 -13 -5 -12 -4 -12 -3 -12 -4 -12 -4 0 0 0 0 0 0 0 0 0 0 ],1687784611.898308
CSI_DATA,STA,08:3A:F2:A8:E0:C1,-39,11,1,5,1,1,1,1,0,0,0,-95,1,1,1,21167206,0,110,0,0,21.3559,384,[110 96 6 0 0 0 0 0 0 0 0 0 -20 -5 -19 -6 -19 -6 -19 -7 -17 -7 -16 -7 -15 -7 -14 -7 -14 -7 -13 -7 -13 -7 -12 -7 -12 -7 -12 -6 -11 -6 -11 -5 -10 -5 -10 -4 -10 -4 -9 -4 -9 -4 -9 -3 -9 -2 -9 -2 -9 -1 -9 0 0 0 -9 0 -9 1 -9 1 -9 1 -10 2 -10 2 -10 2 -10 2 -10 3 -10 3 -10 3 -10 3 -10 3 -10 3 -10 3 -10 3 -10 3 -10 3 -10 4 -9 3 -9 3 -10 3 -9 3 -9 3 -9 3 -9 3 0 0 0 0 0 0 0 0 0 0 ],1687784611.905377
CSI_DATA,STA,08:3A:F2:A8:E0:C1,-39,11,1,5,1,1,1,1,0,0,0,-95,1,1,1,21177719,0,110,0,0,21.3665,384,[110 96 6 0 0 0 0 0 0 0 0 0 -25 -7 -24 -8 -23 -8 -22 -9 -21 -10 -19 -9 -18 -10 -17 -10 -17 -10 -16 -9 -16 -9 -15 -9 -15 -9 -14 -8 -14 -8 -14 -6 -12 -6 -12 -5 -12 -5 -12 -5 -11 -4 -11 -4 -11 -3 -11 -2 -11 -1 -12 0 0 0 -12 0 -12 1 -11 1 -12 2 -12 2 -12 2 -13 2 -12 3 -13 3 -13 4 -13 4 -13 4 -13 4 -13 4 -13 4 -12 4 -13 4 -12 4 -12 4 -12 4 -12 4 -12 4 -12 4 -11 4 -11 4 -11 4 0 0 0 0 0 0 0 0 0 0 ],1687784611.9158888
CSI_DATA,STA,08:3A:F2:A8:E0:C1,-39,11,1,5,1,1,1,1,0,0,0,-95,1,1,1,21187690,0,110,0,0,21.3764,384,[110 96 6 0 0 0 0 0 0 0 0 0 19 11 18 11 18 11 17 12 16 12 14 12 13 12 12 11 12 11 11 11 10 11 10 11 10 11 10 10 9 9 9 8 8 7 8 7 8 6 8 6 8 6 8 5 8 4 8 4 8 3 9 2 0 0 9 2 9 2 10 1 10 0 10 1 11 0 11 0 11 0 11 -1 11 0 11 -1 11 0 11 0 12 0 11 0 11 -1 11 -1 11 -1 11 -1 10 -1 11 0 11 -1 10 0 10 -1 10 0 9 -1 0 0 0 0 0 0 0 0 0 0 ],1687784611.925498
CSI_DATA,STA,08:3A:F2:A8:E0:C1,-39,11,1,5,1,1,1,1,0,0,0,-95,1,1,1,21197815,0,110,0,0,21.3865,384,[110 96 6 0 0 0 0 0 0 0 0 0 12 21 11 23 10 20 9 22 8 19 6 19 5 19 5 19 4 18 4 17 4 17 3 17 4 15 4 15 4 14 3 13 4 13 4 11 4 11 4 10 5 10 5 9 5 8 6 8 6 8 7 8 0 0 8 7 8 6 9 7 8 6 9 6 10 6 10 7 10 6 10 6 10 6 11 5 11 6 11 6 12 6 11 5 11 6 11 6 11 5 11 5 10 5 10 6 10 6 10 5 10 4 10 5 10 5 0 0 0 0 0 0 0 0 0 0 ],1687784611.935439
CSI_DATA,STA,08:3A:F2:A8:E0:C1,-39,11,1,5,1,1,1,1,0,0,0,-95,1,1,1,21211101,0,110,0,0,21.4,384,[110 96 6 0 0 0 0 0 0 0 0 0 -10 20 -10 19 -10 19 -10 18 -10 17 -10 16 -10 15 -11 14 -10 14 -10 13 -10 12 -10 11 -9 11 -9 10 -8 10 -8 10 -7 9 -6 9 -5 9 -5 9 -4 9 -4 9 -4 9 -3 9 -3 9 -2 8 0 0 -1 9 0 9 0 9 0 10 1 10 1 10 1 10 1 10 2 10 2 11 2 10 2 11 2 11 2 11 2 11 2 10 2 11 2 10 2 10 3 10 2 10 2 10 2 10 2 10 2 9 2 9 0 0 0 0 0 0 0 0 0 0 ],1687784611.949635
CSI_DATA,STA,08:3A:F2:A8:E0:C1,-39,11,1,5,1,1,1,1,0,0,0,-95,1,1,1,21223160,0,110,0,0,21.4118,384,[110 96 6 0 0 0 0 0 0 0 0 0 -12 22 -12 20 -12 20 -12 19 -13 18 -12 16 -13 15 -12 15 -13 14 -12 13 -12 13 -12 13 -11 11 -10 11 -9 10 -9 11 -8 10 -8 10 -7 9 -7 9 -6 9 -5 9 -5 9 -4 9 -3 10 -3 10 0 0 -2 10 -1 11 0 10 -1 11 0 11 0 11 0 12 0 12 0 12 1 12 1 12 1 12 1 12 1 12 1 13 1 12 1 13 1 12 1 12 1 12 1 12 1 12 0 12 1 11 1 11 1 10 0 0 0 0 0 0 0 0 0 0 ],1687784611.9615722
CSI_DATA,STA,08:3A:F2:A8:E0:C1,-39,11,1,5,1,1,1,1,0,0,0,-95,1,1,1,21229715,0,110,0,0,21.4183,384,[110 96 6 0 0 0 0 0 0 0 0 0 -21 -15 -20 -15 -19 -15 -19 -16 -17 -15 -16 -16 -14 -16 -14 -15 -12 -15 -12 -14 -12 -14 -12 -14 -11 -13 -11 -13 -11 -12 -10 -11 -9 -10 -9 -10 -10 -9 -10 -8 -10 -8 -9 -7 -9 -6 -10 -5 -10 -6 -10 -5 0 0 -11 -4 -11 -3 -12 -3 -11 -2 -12 -3 -12 -3 -13 -3 -13 -2 -13 -2 -13 -2 -13 -1 -14 -2 -14 -1 -14 -1 -13 -2 -14 -1 -13 -2 -13 -1 -13 -2 -13 -2 -13 -2 -13 -2 -12 -2 -12 -1 -12 -2 -11 -1 0 0 0 0 0 0 0 0 0 0 ],1687784611.968618
CSI_DATA,STA,08:3A:F2:A8:E0:C1,-39,11,1,5,1,1,1,1,0,0,0,-95,1,1,1,21238664,0,110,0,0,21.4274,384,[110 96 6 0 0 0 0 0 0 0 0 0 -25 -7 -24 -8 -23 -7 -23 -9 -22 -9 -19 -9 -19 -9 -17 -9 -17 -10 -16 -9 -16 -9 -15 -9 -15 -8 -15 -8 -14 -8 -13 -7 -12 -6 -12 -5 -12 -5 -12 -5 -12 -4 -11 -4 -11 -3 -11 -2 -12 -2 -11 -1 0 0 -12 0 -12 1 -12 1 -11 2 -12 2 -12 2 -13 2 -13 2 -13 3 -13 3 -13 4 -13 4 -13 4 -13 4 -13 3 -13 4 -13 4 -13 3 -12 3 -12 3 -12 3 -13 3 -12 3 -11 4 -12 3 -11 3 0 0 0 0 0 0 0 0 0 0 ],1687784611.977611
CSI_DATA,STA,08:3A:F2:A8:E0:C1,-39,11,1,5,1,1,1,1,0,0,0,-95,1,1,1,21249579,0,110,0,0,21.4383,384,[110 96 6 0 0 0 0 0 0 0 0 0 -23 -4 -21 -5 -22 -5 -21 -6 -20 -6 -18 -6 -17 -7 -16 -7 -16 -7 -16 -6 -15 -6 -15 -6 -14 -6 -14 -6 -13 -5 -13 -4 -11 -4 -11 -3 -11 -3 -11 -3 -11 -3 -10 -2 -10 -1 -10 0 -10 0 -10 1 0 0 -10 2 -10 2 -10 3 -10 3 -10 4 -10 4 -11 4 -11 4 -10 5 -11 5 -11 5 -11 5 -11 6 -10 5 -11 5 -10 6 -11 6 -10 5 -10 5 -10 5 -10 5 -10 5 -10 5 -9 5 -9 5 -9 5 0 0 0 0 0 0 0 0 0 0 ],1687784611.988333
CSI_DATA,STA,08:3A:F2:A8:E0:C1,-38,11,1,4,1,1,1,1,0,0,0,-95,1,1,1,21260295,0,110,0,0,21.4491,384,[110 96 6 0 0 0 0 0 0 0 0 0 -23 3 -22 2 -22 2 -22 1 -20 0 -19 0 -19 -1 -17 -2 -18 -2 -16 -2 -17 -2 -16 -2 -15 -2 -14 -2 -14 -2 -13 0 -13 -1 -12 0 -11 0 -11 0 -11 0 -10 1 -10 1 -9 3 -10 3 -9 4 0 0 -9 5 -8 5 -8 6 -8 6 -9 6 -9 7 -9 7 -9 7 -9 8 -8 8 -8 8 -8 8 -8 8 -8 8 -8 8 -8 9 -8 8 -8 8 -8 8 -7 8 -8 7 -8 8 -7 7 -7 8 -7 7 -7 7 0 0 0 0 0 0 0 0 0 0 ],1687784611.9983318
CSI_DATA,STA,08:3A:F2:A8:E0:C1,-39,11,1,5,1,1,1,1,0,0,0,-95,1,1,1,21269330,0,110,0,0,21.4581,384,[110 96 6 0 0 0 0 0 0 0 0 0 24 2 23 2 23 2 23 4 21 4 19 5 18 5 17 5 17 5 17 5 16 5 15 5 15 5 15 4 14 4 13 3 12 3 12 1 11 2 11 1 11 1 11 1 10 -1 10 -1 10 -1 10 -3 0 0 10 -4 10 -4 10 -4 10 -5 10 -5 10 -5 11 -6 10 -7 11 -7 10 -7 10 -7 11 -7 11 -8 11 -7 11 -7 10 -8 10 -8 10 -8 10 -7 9 -7 10 -7 10 -7 9 -7 9 -7 9 -6 8 -7 0 0 0 0 0 0 0 0 0 0 ],1687784612.007971
CSI_DATA,STA,08:3A:F2:A8:E0:C1,-39,11,1,5,1,1,1,1,0,0,0,-95,1,1,1,21277841,0,110,0,0,21.4666,384,[110 96 6 0 0 0 0 0 0 0 0 0 12 -19 13 -19 12 -17 13 -16 13 -15 13 -15 12 -13 13 -13 13 -12 11 -12 11 -11 11 -11 10 -10 10 -10 10 -9 9 -9 9 -9 7 -8 7 -9 6 -9 6 -8 5 -9 4 -9 4 -9 4 -9 3 -9 0 0 2 -10 2 -10 2 -11 1 -10 0 -11 0 -11 1 -12 0 -12 0 -12 0 -11 -1 -12 0 -12 0 -12 -1 -13 0 -12 -1 -13 -1 -12 -1 -12 -1 -12 -1 -12 -1 -12 0 -12 -1 -11 -1 -11 -1 -11 -1 -10 0 0 0 0 0 0 0 0 0 0 ],1687784612.016198
CSI_DATA,STA,08:3A:F2:A8:E0:C1,-39,11,1,5,1,1,1,1,0,0,0,-95,1,1,1,21287673,0,110,0,0,21.4764,384,[110 96 6 0 0 0 0 0 0 0 0 0 -12 19 -13 18 -13 17 -13 16 -13 15 -13 14 -13 13 -13 12 -13 12 -12 11 -12 11 -11 10 -11 10 -10 10 -10 9 -9 9 -9 8 -8 8 -7 8 -7 8 -6 8 -6 8 -5 8 -4 8 -4 9 -3 9 0 0 -3 9 -2 10 -1 10 -1 10 -1 10 -1 10 -1 10 -1 11 0 11 0 11 0 11 0 11 1 12 0 11 0 11 1 11 1 11 1 11 1 11 1 11 0 11 0 11 0 10 1 10 1 10 1 9 0 0 0 0 0 0 0 0 0 0 ],1687784612.025835
CSI_DATA,STA,08:3A:F2:A8:E0:C1,-39,11,1,5,1,1,1,1,0,0,0,-95,1,1,1,21297815,0,110,0,0,21.4865,384,[110 96 6 0 0 0 0 0 0 0 0 0 22 10 21 10 21 10 20 11 20 11 17 11 16 12 14 12 14 11 14 11 13 10 13 10 12 10 12 9 11 9 11 8 10 7 10 6 10 6 10 5 10 5 10 4 9 3 10 2 10 2 10 1 0 0 10 0 11 0 11 -1 11 -1 11 -1 12 -1 12 -1 12 -2 12 -2 12 -2 12 -3 13 -2 12 -3 12 -3 12 -3 12 -3 12 -3 12 -3 12 -2 11 -3 12 -2 12 -2 11 -3 11 -3 11 -2 10 -2 0 0 0 0 0 0 0 0 0 0 ],1687784612.037612
CSI_DATA,STA,08:3A:F2:A8:E0:C1,-39,11,1,5,1,1,1,1,0,0,0,-95,1,1,1,21307669,0,110,0,0,21.4965,384,[110 96 6 0 0 0 0 0 0 0 0 0 16 16 14 15 14 16 13 16 12 15 10 15 9 15 9 14 8 15 8 13 8 13 8 13 8 12 8 11 7 11 6 10 6 9 6 8 7 8 7 8 7 7 7 7 6 6 7 5 8 5 8 4 0 0 8 4 9 4 9 3 9 2 9 2 10 3 10 3 10 2 11 3 10 2 11 1 11 2 11 2 11 2 11 2 11 2 11 1 11 1 11 1 10 1 11 2 10 2 10 1 10 1 10 1 9 1 0 0 0 0 0 0 0 0 0 0 ],1687784612.045326
CSI_DATA,STA,08:3A:F2:A8:E0:C1,-38,11,1,4,1,1,1,1,0,0,0,-95,1,1,1,21319545,0,110,0,0,21.5084,384,[110 96 6 0 0 0 0 0 0 0 0 0 21 -7 21 -6 20 -5 21 -4 19 -3 19 -3 18 -2 17 -1 17 -1 16 -1 16 -1 16 -1 14 -1 13 -1 13 -1 13 -2 12 -2 11 -2 10 -2 10 -2 10 -2 10 -3 9 -3 8 -5 9 -5 8 -6 0 0 8 -7 7 -7 7 -8 7 -8 7 -8 7 -8 8 -9 7 -9 7 -9 6 -9 6 -10 7 -9 7 -10 7 -10 7 -9 6 -10 7 -10 6 -10 7 -9 6 -9 7 -9 7 -9 6 -9 5 -10 6 -9 5 -9 0 0 0 0 0 0 0 0 0 0 ],1687784612.057336
CSI_DATA,STA,08:3A:F2:A8:E0:C1,-39,11,1,5,1,1,1,1,0,0,0,-95,1,1,1,21329158,0,110,0,0,21.5179,384,[110 96 6 0 0 0 0 0 0 0 0 0 20 -14 20 -13 19 -12 20 -11 19 -10 19 -10 18 -8 18 -8 17 -7 16 -7 16 -7 15 -7 15 -6 14 -6 13 -6 12 -6 12 -6 10 -6 10 -6 10 -6 9 -6 9 -7 8 -7 7 -8 7 -8 6 -9 0 0 6 -10 5 -10 5 -10 5 -10 5 -11 5 -11 5 -12 4 -12 4 -12 4 -12 3 -13 4 -12 4 -13 4 -13 4 -13 3 -13 4 -13 3 -13 4 -12 3 -12 4 -12 4 -12 4 -12 3 -12 3 -11 2 -11 0 0 0 0 0 0 0 0 0 0 ],1687784612.067841
CSI_DATA,STA,08:3A:F2:A8:E0:C1,-39,11,1,5,1,1,1,1,0,0,0,-95,1,1,1,21341209,0,110,0,0,21.5299,384,[110 96 6 0 0 0 0 0 0 0 0 0 1 -26 1 -26 1 -24 3 -24 3 -22 4 -22 4 -21 4 -19 4 -19 4 -17 4 -18 5 -17 4 -16 3 -16 3 -15 2 -14 2 -13 2 -13 1 -13 1 -13 0 -12 -1 -12 -1 -11 -2 -11 -2 -11 -3 -11 0 0 -4 -11 -4 -11 -5 -11 -6 -10 -6 -11 -6 -11 -7 -11 -7 -11 -7 -12 -7 -11 -8 -11 -7 -12 -8 -12 -8 -12 -7 -11 -8 -11 -8 -12 -8 -11 -7 -11 -8 -11 -7 -11 -7 -11 -7 -10 -7 -10 -7 -10 -7 -10 0 0 0 0 0 0 0 0 0 0 ],1687784612.0797231
CSI_DATA,STA,08:3A:F2:A8:E0:C1,-38,11,1,4,1,1,1,1,0,0,0,-95,1,1,1,21351051,0,110,0,0,21.5397,384,[110 96 6 0 0 0 0 0 0 0 0 0 -14 21 -14 20 -15 20 -15 18 -15 17 -14 16 -14 15 -14 14 -14 13 -14 12 -14 12 -13 12 -13 11 -12 10 -11 10 -11 11 -10 9 -9 10 -8 9 -8 9 -7 9 -6 9 -6 9 -4 9 -5 10 -4 10 0 0 -3 11 -2 11 -1 11 -1 12 -1 12 -1 12 -1 13 -1 12 -1 13 0 13 0 13 0 13 0 13 0 13 0 13 1 13 1 14 1 13 1 12 1 12 0 12 0 12 0 12 1 11 0 11 0 11 0 0 0 0 0 0 0 0 0 0 ],1687784612.0886998
CSI_DATA,STA,08:3A:F2:A8:E0:C1,-39,11,1,5,1,1,1,1,0,0,0,-95,1,1,1,21359330,0,110,0,0,21.548,384,[110 96 6 0 0 0 0 0 0 0 0 0 -4 25 -5 23 -5 23 -6 21 -6 21 -7 19 -7 18 -7 17 -7 17 -7 17 -8 16 -7 15 -7 14 -6 14 -6 12 -6 13 -5 12 -5 12 -3 11 -3 11 -3 10 -2 10 -2 10 0 11 0 10 0 10 0 0 1 10 2 10 3 10 3 10 3 10 4 11 4 11 4 11 4 11 4 12 5 11 4 12 5 11 4 12 4 11 5 11 5 12 5 11 4 11 4 11 4 11 4 11 4 10 4 10 4 10 4 9 0 0 0 0 0 0 0 0 0 0 ],1687784612.098376
CSI_DATA,STA,08:3A:F2:A8:E0:C1,-39,11,1,5,1,1,1,1,0,0,0,-95,1,1,1,21367910,0,110,0,0,21.5567,384,[110 96 6 0 0 0 0 0 0 0 0 0 18 18 16 17 16 17 15 17 14 17 12 16 11 16 10 16 9 16 9 15 8 15 8 15 8 14 8 13 7 12 7 11 6 11 6 10 7 9 7 9 7 8 7 8 7 7 8 6 8 6 8 5 0 0 9 5 10 5 10 4 10 4 11 4 11 4 11 4 11 4 12 4 12 3 12 3 12 3 12 3 12 3 12 4 12 3 12 3 12 3 11 4 11 3 12 4 11 4 11 4 11 3 10 3 10 3 0 0 0 0 0 0 0 0 0 0 ],1687784612.105375
CSI_DATA,STA,08:3A:F2:A8:E0:C1,-39,11,1,5,1,1,1,1,0,0,0,-95,1,1,1,21377722,0,110,0,0,21.5664,384,[110 96 6 0 0 0 0 0 0 0 0 0 14 -22 13 -20 14 -20 14 -18 14 -18 13 -16 14 -15 13 -14 13 -14 13 -13 13 -13 12 -12 12 -12 11 -11 10 -10 9 -11 9 -10 8 -10 7 -10 7 -10 6 -10 5 -10 5 -10 4 -10 4 -10 3 -11 0 0 2 -11 1 -11 1 -11 0 -12 0 -12 0 -13 0 -13 0 -13 -1 -13 -1 -13 -1 -14 -1 -13 -1 -14 -1 -13 -1 -14 -2 -13 -1 -14 -2 -13 -1 -13 -1 -13 -1 -13 -1 -13 -1 -13 -1 -12 -1 -12 -1 -12 0 0 0 0 0 0 0 0 0 0 ],1687784612.116983
CSI_DATA,STA,08:3A:F2:A8:E0:C1,-39,11,1,5,1,1,1,1,0,0,0,-95,1,1,1,21389227,0,110,0,0,21.578,384,[110 96 6 0 0 0 0 0 0 0 0 0 -16 17 -16 16 -15 15 -16 14 -15 13 -15 12 -15 11 -14 10 -15 10 -13 9 -13 9 -13 9 -12 8 -11 8 -11 7 -11 7 -10 7 -9 7 -8 7 -8 7 -8 7 -7 7 -6 7 -5 7 -5 8 -5 8 0 0 -4 9 -3 9 -3 9 -3 10 -3 10 -2 10 -2 10 -2 10 -2 11 -2 11 -1 11 -2 11 -1 11 -1 11 -2 11 -1 11 -1 11 -1 11 -1 11 -1 10 -1 11 -2 10 -1 10 -1 10 -1 10 -1 10 0 0 0 0 0 0 0 0 0 0 ],1687784612.127298
CSI_DATA,STA,08:3A:F2:A8:E0:C1,-39,11,1,5,1,1,1,1,0,0,0,-95,1,1,1,21397862,0,110,0,0,21.5866,384,[110 96 6 0 0 0 0 0 0 0 0 0 6 -25 7 -24 7 -22 8 -22 8 -21 9 -20 10 -18 9 -18 9 -17 8 -16 8 -16 8 -16 7 -14 7 -14 7 -13 6 -13 6 -12 5 -12 4 -12 4 -11 3 -11 3 -11 2 -11 0 -11 0 -11 0 -11 0 0 -1 -12 -2 -12 -2 -12 -3 -12 -3 -11 -3 -12 -3 -13 -4 -13 -3 -13 -4 -12 -5 -12 -5 -13 -5 -13 -5 -13 -4 -13 -5 -13 -5 -13 -5 -13 -4 -13 -4 -13 -4 -13 -4 -12 -4 -12 -5 -11 -4 -12 -4 -11 0 0 0 0 0 0 0 0 0 0 ],1687784612.135527
CSI_DATA,STA,08:3A:F2:A8:E0:C1,-39,11,1,5,1,1,1,1,0,0,0,-95,1,1,1,21407686,0,110,0,0,21.5965,384,[110 96 6 0 0 0 0 0 0 0 0 0 22 11 21 11 21 11 20 12 19 11 17 12 16 11 15 12 14 11 14 11 13 11 12 11 12 10 11 10 11 9 11 8 10 8 9 7 10 6 10 6 9 5 9 5 9 4 10 3 10 3 10 2 0 0 10 1 10 1 11 0 11 0 11 0 12 0 12 0 12 -1 12 -1 12 -1 12 -1 13 -1 13 -1 13 -1 12 -1 12 -2 13 -1 12 -2 12 -1 12 -2 12 -1 11 -1 12 -1 11 -1 11 -1 10 -1 0 0 0 0 0 0 0 0 0 0 ],1687784612.1454642
CSI_DATA,STA,08:3A:F2:A8:E0:C1,-39,11,1,5,1,1,1,1,0,0,0,-95,1,1,1,21418085,0,110,0,0,21.607,384,[110 96 6 0 0 0 0 0 0 0 0 0 14 -21 15 -20 15 -18 16 -18 15 -16 15 -16 15 -14 14 -13 14 -13 13 -12 13 -12 12 -12 12 -11 11 -11 11 -10 10 -10 10 -9 9 -9 7 -9 8 -9 7 -9 6 -9 5 -10 4 -10 4 -10 4 -11 0 0 3 -12 2 -11 2 -11 1 -11 1 -12 1 -12 1 -13 1 -13 1 -13 0 -13 -1 -13 0 -14 -1 -14 0 -14 0 -13 -1 -14 0 -14 -1 -13 0 -13 0 -13 0 -13 0 -13 0 -13 -1 -12 -1 -12 -1 -12 0 0 0 0 0 0 0 0 0 0 ],1687784612.156346
CSI_DATA,STA,08:3A:F2:A8:E0:C1,-39,11,1,5,1,1,1,1,0,0,0,-95,1,1,1,21427701,0,110,0,0,21.6164,384,[110 96 6 0 0 0 0 0 0 0 0 0 4 -25 5 -25 4 -24 6 -23 6 -22 6 -21 7 -19 7 -19 7 -18 6 -17 6 -17 6 -16 5 -15 5 -15 5 -14 4 -14 4 -13 3 -13 2 -12 2 -12 2 -11 1 -11 0 -11 -1 -11 -1 -12 -2 -11 0 0 -3 -11 -3 -11 -4 -11 -5 -11 -5 -11 -5 -12 -5 -12 -6 -12 -6 -12 -6 -12 -7 -12 -6 -12 -7 -12 -7 -12 -7 -12 -7 -12 -7 -12 -7 -12 -7 -12 -7 -11 -6 -12 -6 -11 -6 -11 -7 -11 -6 -11 -7 -10 0 0 0 0 0 0 0 0 0 0 ],1687784612.166396
CSI_DATA,STA,08:3A:F2:A8:E0:C1,-39,11,1,5,1,1,1,1,0,0,0,-95,1,1,1,21440490,0,110,0,0,21.6292,384,[110 96 6 0 0 0 0 0 0 0 0 0 14 -21 14 -19 14 -19 15 -17 15 -17 14 -15 15 -14 14 -13 14 -13 14 -12 14 -12 13 -12 12 -10 11 -10 11 -9 10 -10 9 -9 9 -10 8 -9 8 -9 7 -9 6 -9 6 -9 5 -10 4 -10 4 -10 0 0 3 -11 2 -11 2 -11 2 -12 2 -12 2 -12 1 -12 1 -13 1 -13 1 -13 0 -14 1 -13 1 -13 0 -13 1 -14 0 -13 1 -14 0 -13 1 -13 0 -13 1 -13 1 -13 1 -13 0 -12 1 -12 0 -11 0 0 0 0 0 0 0 0 0 0 ],1687784612.17857
CSI_DATA,STA,08:3A:F2:A8:E0:C1,-38,11,1,4,1,1,1,1,0,0,0,-95,1,1,1,21449265,0,110,0,0,21.6379,384,[110 96 6 0 0 0 0 0 0 0 0 0 -26 -6 -24 -6 -25 -6 -23 -8 -23 -7 -20 -8 -20 -8 -18 -8 -18 -9 -18 -9 -17 -8 -16 -8 -16 -8 -15 -7 -14 -7 -15 -6 -12 -6 -13 -5 -12 -5 -12 -4 -12 -4 -12 -3 -11 -3 -12 -1 -12 -1 -11 0 0 0 -11 0 -13 2 -12 2 -12 3 -12 2 -13 3 -13 3 -13 3 -13 3 -13 4 -13 5 -13 4 -13 4 -13 4 -14 4 -13 5 -14 5 -12 4 -13 4 -12 4 -13 3 -12 3 -13 4 -12 4 -12 3 -11 3 0 0 0 0 0 0 0 0 0 0 ],1687784612.187531
CSI_DATA,STA,08:3A:F2:A8:E0:C1,-39,11,1,5,1,1,1,1,0,0,0,-95,1,1,1,21457839,0,110,0,0,21.6466,384,[110 96 6 0 0 0 0 0 0 0 0 0 -9 21 -9 19 -9 20 -10 18 -11 18 -10 16 -10 15 -10 14 -10 14 -10 13 -10 13 -10 12 -9 11 -8 11 -8 10 -7 11 -6 10 -6 10 -5 9 -5 9 -4 9 -3 9 -3 9 -2 9 -2 9 -2 9 0 0 -1 9 1 10 1 9 1 10 1 10 2 10 2 10 3 10 2 11 3 11 3 10 3 11 3 11 3 11 3 11 4 10 4 11 3 10 3 10 3 10 3 10 3 10 3 10 3 9 3 9 3 9 0 0 0 0 0 0 0 0 0 0 ],1687784612.195372
CSI_DATA,STA,08:3A:F2:A8:E0:C1,-38,11,1,4,1,1,1,1,0,0,0,-95,1,1,1,21469133,0,110,0,0,21.6579,384,[110 96 6 0 0 0 0 0 0 0 0 0 -26 4 -25 3 -25 3 -25 1 -24 1 -21 0 -21 -1 -20 -2 -20 -2 -19 -2 -19 -2 -18 -2 -17 -2 -17 -2 -15 -2 -16 -1 -14 -1 -14 -1 -13 0 -12 0 -12 0 -12 1 -11 2 -11 2 -12 3 -11 4 0 0 -11 5 -10 5 -10 6 -10 6 -11 6 -11 7 -11 7 -11 7 -11 8 -11 8 -10 9 -11 8 -11 8 -11 9 -11 8 -11 8 -11 9 -10 8 -10 8 -10 8 -10 7 -11 7 -10 7 -9 8 -10 6 -9 7 0 0 0 0 0 0 0 0 0 0 ],1687784612.207499
CSI_DATA,STA,08:3A:F2:A8:E0:C1,-39,11,1,5,1,1,1,1,0,0,0,-95,1,1,1,21477764,0,110,0,0,21.6665,384,[110 96 6 0 0 0 0 0 0 0 0 0 18 14 17 13 16 14 15 14 14 14 12 13 12 13 11 13 10 13 10 12 9 12 9 12 9 11 8 11 8 10 8 9 7 9 7 8 7 7 7 7 7 6 7 6 7 5 8 5 8 5 8 3 0 0 8 3 9 3 9 2 9 2 10 1 10 1 11 2 11 1 11 1 10 1 11 1 11 1 11 1 11 1 11 1 11 1 11 1 11 0 11 0 10 0 11 1 10 1 10 1 9 1 10 1 9 1 0 0 0 0 0 0 0 0 0 0 ],1687784612.2155468
CSI_DATA,STA,08:3A:F2:A8:E0:C1,-39,11,1,5,1,1,1,1,0,0,0,-95,1,1,1,21487866,0,110,0,0,21.6766,384,[110 96 6 0 0 0 0 0 0 0 0 0 -21 -10 -20 -11 -20 -10 -18 -11 -18 -11 -16 -11 -15 -12 -14 -12 -14 -12 -13 -11 -12 -11 -12 -11 -12 -10 -12 -10 -11 -9 -11 -8 -10 -7 -10 -7 -10 -6 -9 -6 -9 -6 -9 -6 -9 -5 -10 -4 -10 -3 -9 -3 0 0 -10 -2 -10 -1 -10 -1 -11 -1 -11 -1 -11 -1 -12 -1 -12 0 -12 0 -12 0 -12 1 -12 1 -12 1 -12 1 -12 1 -12 1 -12 1 -11 1 -12 0 -12 0 -12 0 -11 0 -12 0 -11 1 -11 0 -11 1 0 0 0 0 0 0 0 0 0 0 ],1687784612.226536
CSI_DATA,STA,08:3A:F2:A8:E0:C1,-39,11,1,5,1,1,1,1,0,0,0,-95,1,1,1,21497786,0,110,0,0,21.6865,384,[110 96 6 0 0 0 0 0 0 0 0 0 8 -22 9 -21 9 -20 10 -19 9 -18 10 -17 10 -16 10 -15 10 -15 9 -13 9 -14 9 -13 8 -12 8 -12 8 -11 7 -11 6 -10 6 -10 5 -10 5 -10 4 -10 3 -10 3 -10 2 -10 2 -10 1 -10 0 0 1 -10 0 -10 -1 -11 -1 -10 -1 -11 -1 -11 -2 -12 -2 -12 -2 -12 -2 -12 -3 -12 -3 -12 -3 -12 -2 -12 -3 -12 -3 -12 -3 -12 -3 -12 -3 -12 -3 -11 -2 -11 -3 -11 -2 -11 -3 -11 -3 -11 -3 -10 0 0 0 0 0 0 0 0 0 0 ],1687784612.236567
CSI_DATA,STA,08:3A:F2:A8:E0:C1,-39,11,1,5,1,1,1,1,0,0,0,-95,1,1,1,21507806,0,110,0,0,21.6965,384,[110 96 6 0 0 0 0 0 0 0 0 0 6 -25 7 -25 7 -23 8 -23 8 -21 8 -20 9 -19 9 -18 9 -18 8 -16 8 -16 8 -16 7 -15 7 -14 7 -13 6 -13 5 -13 5 -12 4 -12 3 -12 3 -11 2 -11 2 -11 1 -11 0 -11 0 -11 0 0 -1 -12 -2 -11 -3 -12 -3 -11 -3 -12 -3 -12 -4 -13 -4 -13 -4 -13 -5 -13 -5 -13 -5 -13 -5 -13 -5 -13 -5 -13 -5 -13 -5 -13 -5 -13 -5 -12 -5 -12 -5 -12 -5 -12 -4 -12 -5 -12 -4 -11 -5 -11 0 0 0 0 0 0 0 0 0 0 ],1687784612.24654
CSI_DATA,STA,08:3A:F2:A8:E0:C1,-38,11,1,4,1,1,1,1,0,0,0,-95,1,1,1,21519277,0,110,0,0,21.7081,384,[110 96 6 0 0 0 0 0 0 0 0 0 -17 20 -17 19 -17 17 -18 17 -17 15 -17 14 -16 13 -16 12 -16 11 -15 11 -15 11 -15 10 -14 9 -13 9 -13 8 -12 9 -12 9 -10 8 -9 8 -9 8 -8 8 -8 8 -7 8 -6 9 -6 9 -5 10 0 0 -5 11 -4 10 -3 11 -3 11 -3 11 -3 12 -3 12 -3 12 -3 13 -2 12 -1 13 -2 13 -2 13 -1 13 -2 13 -1 13 -2 13 -1 12 -1 12 -1 12 -2 12 -2 12 -2 12 -1 11 -2 11 -1 11 0 0 0 0 0 0 0 0 0 0 ],1687784612.257426
CSI_DATA,STA,08:3A:F2:A8:E0:C1,-38,11,1,4,1,1,1,1,0,0,0,-95,1,1,1,21529338,0,110,0,0,21.7181,384,[110 96 6 0 0 0 0 0 0 0 0 0 -5 -26 -3 -25 -3 -25 -2 -24 -2 -23 0 -22 1 -22 1 -20 2 -20 1 -19 2 -19 2 -19 1 -17 1 -16 1 -15 0 -15 0 -14 0 -14 -1 -13 -1 -13 -1 -12 -2 -12 -2 -11 -4 -12 -4 -12 -4 -11 0 0 -5 -11 -6 -10 -7 -10 -7 -10 -7 -10 -7 -11 -8 -12 -8 -11 -8 -11 -9 -10 -10 -10 -9 -11 -9 -11 -9 -11 -9 -11 -9 -10 -9 -12 -9 -10 -8 -10 -9 -10 -8 -11 -8 -11 -8 -11 -8 -10 -7 -10 -8 -9 0 0 0 0 0 0 0 0 0 0 ],1687784612.267592
CSI_DATA,STA,08:3A:F2:A8:E0:C1,-39,11,1,5,1,1,1,1,0,0,0,-95,1,1,1,21537257,0,110,0,0,21.726,384,[110 96 6 0 0 0 0 0 0 0 0 0 22 -3 22 -2 21 -2 21 0 20 0 19 1 18 1 17 1 16 2 16 2 15 2 15 2 14 2 13 2 13 2 12 1 11 1 10 0 11 0 10 0 10 -1 10 -1 9 -2 9 -3 9 -3 9 -4 0 0 9 -5 8 -5 9 -5 8 -6 9 -6 9 -6 9 -6 9 -7 9 -7 8 -7 8 -8 9 -7 9 -8 9 -8 9 -7 9 -8 9 -8 8 -8 8 -7 8 -7 8 -7 8 -7 8 -7 8 -7 8 -6 7 -7 0 0 0 0 0 0 0 0 0 0 ],1687784612.275373
CSI_DATA,STA,08:3A:F2:A8:E0:C1,-39,11,1,5,1,1,1,1,0,0,0,-95,1,1,1,21547727,0,110,0,0,21.7365,384,[110 96 6 0 0 0 0 0 0 0 0 0 -23 11 -23 10 -23 9 -23 8 -22 7 -21 6 -20 5 -19 4 -19 4 -18 3 -18 4 -17 3 -16 3 -15 3 -15 2 -14 4 -14 3 -13 4 -12 4 -11 3 -11 4 -10 4 -10 5 -9 6 -9 6 -9 7 0 0 -8 8 -7 8 -7 8 -7 9 -7 9 -7 10 -8 10 -7 10 -7 10 -7 10 -7 11 -7 11 -6 11 -7 11 -7 11 -6 11 -6 11 -6 11 -6 10 -6 11 -7 10 -7 10 -6 10 -5 10 -6 10 -5 9 0 0 0 0 0 0 0 0 0 0 ],1687784612.2857568
CSI_DATA,STA,08:3A:F2:A8:E0:C1,-39,11,1,5,1,1,1,1,0,0,0,-95,1,1,1,21558403,0,110,0,0,21.7472,384,[110 96 6 0 0 0 0 0 0 0 0 0 7 18 7 18 6 17 6 18 5 17 4 16 3 15 2 15 2 14 3 13 3 14 2 13 2 12 2 12 2 11 2 11 2 10 2 9 2 9 3 9 3 8 3 8 3 7 4 7 5 7 5 6 0 0 6 6 5 6 6 6 7 5 7 5 7 5 7 5 8 5 8 5 8 5 8 5 8 5 8 5 9 4 8 5 9 5 9 5 9 4 8 4 8 4 8 4 8 5 8 4 8 4 8 4 7 3 0 0 0 0 0 0 0 0 0 0 ],1687784612.295585
CSI_DATA,STA,08:3A:F2:A8:E0:C1,-39,11,1,5,1,1,1,1,0,0,0,-95,1,1,1,21567716,0,110,0,0,21.7565,384,[110 96 6 0 0 0 0 0 0 0 0 0 22 -3 21 -2 22 -1 21 0 20 0 18 1 18 2 17 1 17 1 16 2 15 2 15 1 14 2 14 1 13 1 12 1 11 0 11 0 10 0 10 0 9 0 10 -1 9 -2 9 -3 9 -3 9 -4 0 0 9 -5 8 -5 8 -5 8 -6 8 -6 8 -6 9 -7 8 -7 8 -8 8 -8 8 -8 8 -7 8 -8 8 -8 8 -8 8 -8 9 -9 8 -8 8 -8 7 -8 8 -7 8 -8 8 -7 7 -8 7 -7 7 -7 0 0 0 0 0 0 0 0 0 0 ],1687784612.305644
CSI_DATA,STA,08:3A:F2:A8:E0:C1,-39,11,1,5,1,1,1,1,0,0,0,-95,1,1,1,21577781,0,110,0,0,21.7665,384,[110 96 6 0 0 0 0 0 0 0 0 0 -25 5 -24 4 -25 3 -24 2 -23 1 -21 0 -21 0 -20 0 -19 -1 -19 -1 -18 -1 -18 -1 -16 -1 -16 -1 -15 -1 -15 0 -14 0 -13 0 -13 1 -12 1 -12 1 -11 2 -11 2 -11 3 -10 4 -10 5 0 0 -10 5 -9 6 -9 6 -9 7 -9 7 -9 7 -10 8 -9 8 -9 9 -9 9 -9 10 -9 9 -9 9 -9 9 -9 9 -9 9 -9 10 -8 9 -9 9 -8 9 -9 9 -9 9 -9 9 -8 9 -8 8 -7 8 0 0 0 0 0 0 0 0 0 0 ],1687784612.315907
CSI_DATA,STA,08:3A:F2:A8:E0:C1,-39,11,1,5,1,1,1,1,0,0,0,-95,1,1,1,21591932,0,110,0,0,21.7807,384,[110 96 6 0 0 0 0 0 0 0 0 0 -19 -17 -18 -16 -18 -16 -16 -17 -16 -16 -14 -17 -12 -16 -12 -15 -11 -15 -11 -15 -11 -14 -10 -14 -10 -14 -9 -13 -9 -12 -9 -11 -8 -10 -9 -9 -9 -9 -9 -9 -8 -8 -9 -8 -9 -7 -10 -6 -10 -6 -10 -5 0 0 -10 -4 -11 -4 -11 -3 -11 -3 -12 -3 -12 -3 -12 -3 -12 -3 -12 -2 -13 -2 -13 -2 -13 -2 -13 -2 -13 -2 -13 -2 -13 -1 -13 -2 -13 -2 -12 -2 -12 -2 -12 -2 -12 -2 -12 -2 -11 -1 -12 -2 -11 -2 0 0 0 0 0 0 0 0 0 0 ],1687784612.330873
CSI_DATA,STA,08:3A:F2:A8:E0:C1,-38,11,1,4,1,1,1,1,0,0,0,-95,1,1,1,21600607,0,110,0,0,21.7892,384,[110 96 6 0 0 0 0 0 0 0 0 0 -5 25 -5 24 -5 23 -6 23 -7 21 -7 20 -8 19 -8 18 -8 18 -8 16 -8 17 -8 16 -7 15 -6 15 -6 14 -6 13 -6 12 -5 12 -4 12 -3 11 -3 11 -2 11 -2 10 0 11 0 11 0 11 0 0 1 11 2 11 3 11 3 11 3 11 4 11 4 12 4 12 4 12 4 11 5 11 4 12 5 12 5 12 5 12 6 12 5 12 5 11 5 11 5 10 4 11 4 11 4 11 5 10 4 10 4 10 0 0 0 0 0 0 0 0 0 0 ],1687784612.3385978
CSI_DATA,STA,08:3A:F2:A8:E0:C1,-38,11,1,4,1,1,1,1,0,0,0,-95,1,1,1,21609226,0,110,0,0,21.798,384,[110 96 6 0 0 0 0 0 0 0 0 0 -14 19 -14 18 -14 17 -14 16 -14 15 -14 13 -14 12 -14 11 -14 11 -13 10 -13 11 -12 10 -11 9 -11 9 -11 8 -10 9 -9 8 -9 8 -7 7 -7 7 -7 7 -7 8 -6 7 -5 8 -5 8 -4 8 0 0 -3 9 -2 10 -2 10 -2 10 -2 10 -2 10 -2 11 -1 10 -2 11 -1 11 0 11 -1 11 -1 12 0 11 -1 11 0 11 0 12 0 11 0 11 0 10 -1 11 -1 11 -1 10 0 10 -1 10 0 9 0 0 0 0 0 0 0 0 0 0 ],1687784612.347852
CSI_DATA,STA,08:3A:F2:A8:E0:C1,-38,11,1,4,1,1,1,1,0,0,0,-95,1,1,1,21619642,0,110,0,0,21.8085,384,[110 96 6 0 0 0 0 0 0 0 0 0 -25 3 -25 2 -25 2 -25 1 -23 0 -21 -1 -21 -1 -19 -2 -19 -2 -18 -3 -18 -2 -18 -2 -17 -3 -16 -2 -16 -2 -15 0 -14 -1 -13 0 -13 0 -12 0 -12 0 -12 1 -11 2 -11 3 -11 3 -11 4 0 0 -10 5 -10 6 -10 6 -10 7 -11 7 -10 7 -10 7 -10 7 -10 8 -10 8 -10 9 -10 9 -10 9 -10 9 -10 9 -9 9 -10 10 -9 9 -9 9 -9 8 -9 8 -10 8 -9 8 -8 8 -8 8 -8 8 0 0 0 0 0 0 0 0 0 0 ],1687784612.357932
CSI_DATA,STA,08:3A:F2:A8:E0:C1,-39,11,1,5,1,1,1,1,0,0,0,-95,1,1,1,21636653,0,110,0,0,21.8255,384,[110 96 6 0 0 0 0 0 0 0 0 0 -1 28 -2 26 -2 26 -3 25 -4 24 -5 23 -6 22 -6 20 -6 20 -6 19 -6 19 -6 18 -5 17 -5 16 -5 15 -4 15 -4 14 -3 14 -2 12 -2 12 -2 12 -1 12 0 12 1 12 1 11 2 11 0 0 3 12 4 12 4 11 5 11 5 11 5 12 5 12 6 12 6 12 6 12 7 12 6 12 7 12 6 12 7 12 7 12 7 12 7 11 6 12 6 11 5 12 6 11 6 12 6 10 6 11 6 10 0 0 0 0 0 0 0 0 0 0 ],1687784612.375402
CSI_DATA,STA,08:3A:F2:A8:E0:C1,-39,11,1,5,1,1,1,1,0,0,0,-95,1,1,1,21637511,0,110,0,0,21.8302,384,[110 96 6 0 0 0 0 0 0 0 0 0 23 -9 23 -8 22 -7 22 -6 21 -5 20 -5 20 -4 18 -3 18 -3 17 -3 17 -2 16 -2 15 -2 14 -2 14 -2 14 -3 13 -3 12 -3 11 -3 11 -4 10 -4 10 -4 9 -4 9 -6 9 -6 8 -7 0 0 8 -7 7 -7 7 -8 7 -9 7 -9 7 -10 8 -10 7 -11 7 -11 7 -11 7 -11 7 -11 7 -11 7 -11 7 -11 6 -11 7 -11 7 -11 7 -11 6 -11 7 -10 7 -11 7 -10 6 -10 6 -10 5 -10 0 0 0 0 0 0 0 0 0 0 ],1687784612.379616
CSI_DATA,STA,08:3A:F2:A8:E0:C1,-38,11,1,4,1,1,1,1,0,0,0,-95,2,1,1,21664619,0,110,0,0,21.8533,384,[110 96 6 0 0 0 0 0 0 0 0 0 -17 -19 -16 -19 -16 -18 -15 -20 -14 -18 -12 -18 -11 -18 -10 -17 -9 -17 -9 -16 -9 -16 -9 -15 -9 -15 -9 -14 -8 -13 -8 -12 -8 -12 -7 -11 -8 -10 -8 -10 -8 -9 -8 -9 -8 -7 -9 -7 -10 -7 -9 -6 0 0 -10 -6 -11 -5 -11 -4 -11 -4 -11 -4 -12 -4 -13 -5 -12 -4 -13 -4 -13 -3 -13 -2 -13 -3 -13 -3 -13 -3 -13 -3 -13 -3 -14 -3 -13 -3 -13 -3 -12 -2 -12 -3 -13 -3 -12 -3 -12 -2 -12 -3 -11 -2 0 0 0 0 0 0 0 0 0 0 ],1687784612.403928
CSI_DATA,STA,08:3A:F2:A8:E0:C1,-39,11,1,5,1,1,1,1,0,0,0,-95,1,1,1,21672109,0,110,0,0,21.8607,384,[110 96 6 0 0 0 0 0 0 0 0 0 8 -21 9 -20 9 -20 9 -19 9 -18 9 -17 10 -16 10 -15 9 -15 9 -14 9 -14 9 -13 8 -12 7 -12 7 -11 7 -11 6 -10 5 -10 5 -10 4 -10 3 -10 3 -10 3 -9 2 -10 2 -10 1 -10 0 0 0 -10 0 -10 -1 -11 -1 -10 -2 -11 -2 -12 -2 -11 -2 -12 -2 -11 -3 -11 -3 -12 -3 -12 -3 -12 -3 -12 -3 -12 -3 -12 -3 -12 -3 -12 -3 -11 -3 -11 -3 -11 -3 -11 -3 -11 -3 -11 -3 -10 -3 -10 0 0 0 0 0 0 0 0 0 0 ],1687784612.409924
CSI_DATA,STA,08:3A:F2:A8:E0:C1,-38,11,1,4,1,1,1,1,0,0,0,-95,1,1,1,21680405,0,110,0,0,21.869,384,[110 96 6 0 0 0 0 0 0 0 0 0 19 16 18 16 18 16 17 16 16 16 13 15 12 15 11 15 11 15 11 14 10 14 10 14 10 13 10 12 9 12 9 11 8 10 8 9 8 8 8 8 8 8 9 7 8 6 9 5 10 5 9 4 0 0 10 3 11 3 11 2 11 2 11 2 12 2 12 2 12 2 13 1 12 1 13 0 13 1 13 1 13 1 13 1 13 0 14 0 12 0 13 1 12 0 12 1 12 1 12 1 12 -1 11 1 10 0 0 0 0 0 0 0 0 0 0 0 ],1687784612.4181812
CSI_DATA,STA,08:3A:F2:A8:E0:C1,-38,11,1,4,1,1,1,1,0,0,0,-95,1,1,1,21690263,0,110,0,0,21.8791,384,[110 96 6 0 0 0 0 0 0 0 0 0 1 26 0 24 0 24 -2 23 -2 22 -4 20 -4 20 -4 19 -5 19 -4 18 -4 18 -4 17 -3 16 -3 15 -3 14 -3 14 -3 13 -3 12 -1 11 -1 11 -1 11 -1 11 0 10 2 10 2 11 2 10 0 0 3 10 4 10 5 10 5 10 5 10 5 11 5 11 6 11 6 11 6 10 7 10 7 10 7 11 6 11 7 11 7 10 7 11 7 10 6 10 6 10 6 11 6 10 6 10 7 9 6 9 6 9 0 0 0 0 0 0 0 0 0 0 ],1687784612.428797
CSI_DATA,STA,08:3A:F2:A8:E0:C1,-39,11,1,5,1,1,1,1,0,0,0,-95,1,1,1,21700166,0,110,0,0,21.889,384,[110 96 6 0 0 0 0 0 0 0 0 0 23 -6 23 -5 23 -4 22 -3 21 -3 20 -2 19 -2 18 -1 18 -1 18 0 17 0 16 -1 15 0 14 0 13 -1 14 -1 12 -1 12 -2 11 -2 11 -2 10 -3 10 -3 9 -4 9 -4 9 -5 9 -6 0 0 8 -7 8 -7 7 -7 8 -8 8 -8 8 -9 8 -9 8 -9 8 -10 7 -10 7 -10 8 -10 7 -10 7 -10 7 -10 7 -10 7 -11 7 -10 7 -10 6 -10 7 -10 7 -10 7 -10 6 -10 6 -9 6 -9 0 0 0 0 0 0 0 0 0 0 ],1687784612.438399
CSI_DATA,STA,08:3A:F2:A8:E0:C1,-39,11,1,5,1,1,1,1,0,0,0,-95,1,1,1,21707797,0,110,0,0,21.8966,384,[110 96 6 0 0 0 0 0 0 0 0 0 8 23 6 23 6 23 4 22 5 21 3 20 2 20 2 19 1 18 2 18 1 17 1 17 1 16 2 15 1 14 1 14 1 12 1 12 2 11 3 11 3 10 3 10 4 9 5 9 5 9 5 8 0 0 6 8 7 8 7 8 8 7 8 8 8 8 8 8 9 8 9 8 9 7 10 7 10 7 10 7 10 7 10 7 9 7 10 7 10 7 9 7 9 6 9 7 9 7 9 7 9 6 8 7 8 6 0 0 0 0 0 0 0 0 0 0 ],1687784612.445819
CSI_DATA,STA,08:3A:F2:A8:E0:C1,-40,11,1,5,1,1,1,1,0,0,0,-95,1,1,1,21719941,0,110,0,0,21.9098,384,[110 96 6 0 0 0 0 0 0 0 0 0 -15 18 -15 17 -15 16 -16 15 -16 15 -15 14 -15 13 -15 11 -14 11 -14 10 -14 10 -13 10 -12 9 -12 8 -11 8 -11 8 -10 8 -9 7 -8 8 -8 8 -8 7 -7 8 -6 8 -5 8 -6 9 -5 9 0 0 -4 9 -3 10 -3 10 -3 10 -3 10 -2 11 -2 11 -3 11 -2 11 -2 11 -2 12 -2 12 -2 12 -2 12 -2 12 -2 12 -2 12 -2 12 -2 11 -2 11 -2 11 -2 11 -2 11 -1 10 -2 10 -2 10 0 0 0 0 0 0 0 0 0 0 ],1687784612.459647
CSI_DATA,STA,08:3A:F2:A8:E0:C1,-39,11,1,5,1,1,1,1,0,0,0,-95,1,1,1,21729630,0,110,0,0,21.9183,384,[110 96 6 0 0 0 0 0 0 0 0 0 2 28 1 26 1 26 0 25 -1 24 -2 23 -2 22 -3 21 -2 20 -3 19 -3 19 -4 18 -3 17 -3 16 -2 15 -1 15 -2 14 -1 14 0 13 1 12 1 12 2 11 1 11 3 11 3 11 3 10 0 0 4 10 6 10 7 10 7 9 7 10 8 10 8 10 9 10 8 10 9 10 9 10 9 10 9 10 9 10 10 10 9 9 10 10 10 9 9 9 9 9 9 9 9 9 8 9 9 8 8 9 8 8 0 0 0 0 0 0 0 0 0 0 ],1687784612.4677892
CSI_DATA,STA,08:3A:F2:A8:E0:C1,-39,11,1,5,1,1,1,1,0,0,0,-95,1,1,1,21737919,0,110,0,0,21.9267,384,[110 96 6 0 0 0 0 0 0 0 0 0 -25 7 -24 6 -24 5 -24 4 -23 3 -21 2 -21 2 -20 1 -19 0 -19 0 -18 0 -17 0 -17 0 -16 1 -15 0 -15 1 -13 1 -13 1 -13 1 -12 2 -11 2 -11 2 -11 3 -10 3 -10 4 -10 5 0 0 -10 6 -9 6 -9 7 -9 7 -9 7 -9 8 -9 8 -9 8 -9 9 -8 9 -8 9 -9 9 -9 10 -9 10 -9 9 -9 9 -9 10 -8 9 -9 9 -8 9 -9 9 -9 9 -8 8 -8 8 -8 8 -7 8 0 0 0 0 0 0 0 0 0 0 ],1687784612.475683
CSI_DATA,STA,08:3A:F2:A8:E0:C1,-39,11,1,5,1,1,1,1,0,0,0,-95,1,1,1,21750605,0,110,0,0,21.9393,384,[110 96 6 0 0 0 0 0 0 0 0 0 -21 8 -22 7 -21 6 -22 5 -20 4 -19 3 -18 3 -18 2 -17 2 -16 2 -17 2 -16 2 -15 1 -15 1 -14 1 -13 2 -13 2 -11 2 -12 3 -10 2 -10 3 -10 3 -9 4 -9 4 -9 5 -8 5 0 0 -8 6 -7 6 -7 7 -7 7 -7 8 -7 8 -8 8 -7 8 -7 9 -7 9 -6 10 -7 9 -7 10 -6 10 -7 9 -7 9 -6 9 -6 9 -6 9 -6 9 -6 9 -6 9 -6 8 -5 9 -5 8 -5 8 0 0 0 0 0 0 0 0 0 0 ],1687784612.4883788
CSI_DATA,STA,08:3A:F2:A8:E0:C1,-39,11,1,5,1,1,1,1,0,0,0,-95,1,1,1,21758014,0,110,0,0,21.9468,384,[110 96 6 0 0 0 0 0 0 0 0 0 9 23 8 23 8 22 6 22 6 21 4 20 3 20 2 19 2 19 2 18 2 17 2 17 2 16 2 15 2 14 2 13 1 13 2 12 3 11 3 11 3 11 3 10 4 9 5 9 5 9 6 8 0 0 6 8 7 8 7 7 8 7 8 7 9 8 9 8 9 7 9 8 9 7 10 7 9 8 10 8 10 8 10 7 10 7 10 7 10 7 10 7 9 7 9 8 9 7 9 7 9 6 9 7 8 6 0 0 0 0 0 0 0 0 0 0 ],1687784612.495465
CSI_DATA,STA,08:3A:F2:A8:E0:C1,-39,11,1,5,1,1,1,1,0,0,0,-95,1,1,1,21767876,0,110,0,0,21.9566,384,[110 96 6 0 0 0 0 0 0 0 0 0 -18 14 -18 13 -18 12 -18 11 -18 10 -17 9 -17 9 -16 7 -16 7 -16 6 -15 6 -15 6 -14 5 -13 5 -13 5 -12 6 -11 5 -11 5 -10 5 -9 5 -9 5 -9 6 -8 6 -7 6 -7 7 -6 7 0 0 -6 8 -5 8 -5 8 -5 9 -5 9 -5 9 -5 10 -5 10 -4 10 -4 10 -4 10 -5 10 -4 11 -4 10 -4 11 -4 11 -4 11 -4 10 -4 10 -4 10 -4 10 -4 10 -4 10 -3 10 -4 9 -3 9 0 0 0 0 0 0 0 0 0 0 ],1687784612.505662
CSI_DATA,STA,08:3A:F2:A8:E0:C1,-39,11,1,5,1,1,1,1,0,0,0,-95,1,1,1,21777721,0,110,0,0,21.9664,384,[110 96 6 0 0 0 0 0 0 0 0 0 -15 21 -15 19 -15 19 -15 18 -15 17 -15 15 -14 14 -14 13 -14 13 -14 12 -14 12 -13 11 -13 10 -12 10 -11 10 -11 10 -10 9 -9 9 -8 9 -8 9 -7 8 -6 9 -6 9 -5 9 -5 9 -4 9 0 0 -3 10 -2 11 -2 11 -2 11 -2 11 -1 11 -1 12 -1 12 -1 12 -1 13 -1 12 -1 13 0 13 0 13 -1 12 0 12 0 13 0 12 0 12 0 11 0 12 0 12 -1 12 0 11 -1 11 0 10 0 0 0 0 0 0 0 0 0 0 ],1687784612.516284
CSI_DATA,STA,08:3A:F2:A8:E0:C1,-39,11,1,5,1,1,1,1,0,0,0,-95,1,1,1,21787888,0,110,0,0,21.9766,384,[110 96 6 0 0 0 0 0 0 0 0 0 17 -18 17 -17 18 -16 18 -15 17 -14 17 -13 16 -12 16 -11 16 -10 15 -10 15 -9 14 -9 14 -8 13 -8 12 -7 12 -8 11 -8 10 -8 9 -7 9 -8 8 -7 8 -8 7 -8 6 -9 6 -9 6 -10 0 0 5 -10 4 -10 4 -10 3 -11 4 -11 4 -12 4 -12 3 -12 3 -13 3 -13 3 -13 3 -13 3 -13 3 -13 3 -13 2 -13 3 -14 2 -13 3 -12 3 -12 3 -12 3 -12 3 -12 2 -12 2 -12 2 -11 0 0 0 0 0 0 0 0 0 0 ],1687784612.5259972
CSI_DATA,STA,08:3A:F2:A8:E0:C1,-39,11,1,5,1,1,1,1,0,0,0,-95,1,1,1,21797700,0,110,0,0,21.9864,384,[110 96 6 0 0 0 0 0 0 0 0 0 10 -21 10 -20 10 -19 11 -18 11 -17 11 -16 10 -15 11 -15 11 -14 10 -13 10 -13 10 -13 8 -12 8 -11 8 -11 7 -11 7 -10 6 -10 5 -10 5 -10 4 -10 4 -10 3 -10 2 -10 2 -10 1 -10 0 0 1 -10 0 -10 -1 -11 -1 -11 -1 -11 -1 -11 -1 -12 -1 -12 -2 -12 -2 -12 -3 -12 -2 -12 -3 -12 -2 -12 -3 -12 -3 -12 -3 -12 -3 -12 -2 -11 -3 -11 -2 -12 -2 -12 -2 -11 -3 -11 -3 -11 -2 -10 0 0 0 0 0 0 0 0 0 0 ],1687784612.53687
CSI_DATA,STA,08:3A:F2:A8:E0:C1,-39,11,1,5,1,1,1,1,0,0,0,-95,1,1,1,21807829,0,110,0,0,21.9966,384,[110 96 6 0 0 0 0 0 0 0 0 0 20 13 20 13 19 12 19 14 17 13 16 13 15 13 14 13 14 12 12 12 12 12 12 12 11 11 11 10 11 10 10 9 10 8 9 7 10 7 10 6 9 6 9 5 9 4 10 4 10 3 10 2 0 0 11 1 10 1 11 1 11 0 11 0 11 -1 12 -1 12 -1 12 -1 12 -1 12 -1 13 -1 13 -1 13 -1 12 -2 13 -2 13 -2 13 -2 12 -2 11 -2 12 -2 12 -2 11 -1 11 -2 11 -1 10 -1 0 0 0 0 0 0 0 0 0 0 ],1687784612.545703
CSI_DATA,STA,08:3A:F2:A8:E0:C1,-39,11,1,5,1,1,1,1,0,0,0,-95,1,1,1,21818114,0,110,0,0,22.0069,384,[110 96 6 0 0 0 0 0 0 0 0 0 6 21 5 21 5 21 3 20 3 20 1 18 1 18 0 17 0 17 0 16 0 16 0 15 0 15 0 14 0 13 0 12 0 11 1 11 1 10 2 10 1 10 2 9 2 9 4 9 4 8 4 8 0 0 5 7 6 8 6 7 6 8 7 8 7 8 7 8 7 7 8 7 8 7 8 7 8 8 8 7 8 7 8 7 9 7 9 7 8 6 8 7 8 6 8 7 7 7 7 7 8 6 7 6 7 6 0 0 0 0 0 0 0 0 0 0 ],1687784612.556072
CSI_DATA,STA,08:3A:F2:A8:E0:C1,-39,11,1,5,1,1,1,1,0,0,0,-95,1,1,1,21827852,0,110,0,0,22.0167,384,[110 96 6 0 0 0 0 0 0 0 0 0 24 -3 24 -2 23 -2 23 0 21 0 21 1 19 2 18 2 18 2 17 2 17 2 16 2 16 2 15 2 15 2 13 1 13 0 12 0 12 0 12 -1 11 -1 10 -1 10 -2 10 -3 10 -4 10 -4 0 0 9 -5 9 -5 9 -6 8 -6 9 -7 9 -8 10 -8 9 -8 10 -8 9 -8 9 -9 9 -9 10 -9 10 -9 9 -9 9 -9 9 -9 9 -9 9 -9 8 -9 9 -8 9 -8 8 -8 8 -9 8 -8 8 -8 0 0 0 0 0 0 0 0 0 0 ],1687784612.5665998
CSI_DATA,STA,08:3A:F2:A8:E0:C1,-39,11,1,5,1,1,1,1,0,0,0,-95,1,1,1,21837820,0,110,0,0,22.0265,384,[110 96 6 0 0 0 0 0 0 0 0 0 -18 15 -17 14 -17 13 -18 12 -17 11 -17 10 -16 9 -16 8 -16 8 -15 8 -15 8 -14 7 -13 6 -13 7 -12 6 -12 6 -11 6 -10 6 -9 6 -9 6 -8 6 -8 6 -7 6 -7 7 -7 7 -6 8 0 0 -6 8 -5 8 -4 9 -4 9 -4 9 -4 10 -5 10 -4 10 -4 10 -3 10 -3 11 -4 11 -4 11 -3 11 -3 11 -3 11 -3 11 -3 11 -3 10 -3 10 -3 10 -4 10 -4 10 -3 10 -3 10 -3 9 0 0 0 0 0 0 0 0 0 0 ],1687784612.575474
CSI_DATA,STA,08:3A:F2:A8:E0:C1,-38,11,1,4,1,1,1,1,0,0,0,-95,1,1,1,21853741,0,110,0,0,22.0425,384,[110 96 6 0 0 0 0 0 0 0 0 0 13 22 12 21 12 21 11 21 10 20 8 19 7 19 6 18 6 18 6 17 4 17 4 17 5 16 5 15 4 14 5 13 4 12 4 11 6 11 6 10 6 10 6 9 5 8 7 8 7 8 8 7 0 0 8 6 9 6 10 5 10 5 10 6 11 5 11 5 11 5 12 5 11 4 12 4 12 5 12 5 12 4 12 5 12 4 13 4 12 4 12 4 11 3 11 4 11 4 11 4 11 3 11 4 10 3 0 0 0 0 0 0 0 0 0 0 ],1687784612.5918112
CSI_DATA,STA,08:3A:F2:A8:E0:C1,-38,11,1,4,1,1,1,1,0,0,0,-95,1,1,1,21861451,0,110,0,0,22.0501,384,[110 96 6 0 0 0 0 0 0 0 0 0 22 2 21 2 21 2 21 4 20 4 18 4 17 5 16 5 16 5 14 5 15 5 14 5 14 5 13 5 13 5 12 3 11 3 10 2 10 2 10 2 10 2 10 1 9 1 9 0 10 -1 9 -2 0 0 9 -3 9 -3 10 -4 9 -4 10 -4 10 -4 10 -4 10 -5 10 -5 9 -5 10 -6 10 -5 10 -6 10 -6 10 -6 10 -6 10 -6 10 -6 9 -5 9 -6 10 -5 9 -5 9 -5 9 -6 9 -5 8 -5 0 0 0 0 0 0 0 0 0 0 ],1687784612.600978
CSI_DATA,STA,08:3A:F2:A8:E0:C1,-39,11,1,5,1,1,1,1,0,0,0,-95,1,1,1,21869429,0,110,0,0,22.0581,384,[110 96 6 0 0 0 0 0 0 0 0 0 13 21 11 20 12 20 11 20 10 19 7 18 7 19 6 17 6 18 5 16 5 16 5 16 5 15 5 14 5 13 5 13 4 11 5 11 5 10 5 10 6 9 6 9 6 8 7 8 7 7 7 6 0 0 7 6 9 6 9 5 9 5 10 5 10 5 10 5 10 5 11 4 11 4 11 4 11 4 12 4 11 4 12 4 11 4 12 4 11 4 11 4 11 4 11 4 10 4 11 4 10 3 10 4 10 3 0 0 0 0 0 0 0 0 0 0 ],1687784612.606857
CSI_DATA,STA,08:3A:F2:A8:E0:C1,-38,11,1,4,1,1,1,1,0,0,0,-95,1,1,1,21879136,0,110,0,0,22.0679,384,[110 96 6 0 0 0 0 0 0 0 0 0 -3 -29 -1 -28 -2 -28 0 -27 1 -26 2 -24 3 -23 3 -22 4 -22 3 -21 3 -21 3 -20 2 -18 2 -18 3 -17 2 -17 2 -15 1 -15 0 -14 0 -14 0 -13 -1 -13 -2 -13 -3 -13 -4 -13 -4 -12 0 0 -5 -13 -7 -12 -7 -12 -8 -11 -7 -12 -8 -13 -8 -13 -8 -13 -8 -13 -9 -12 -10 -12 -9 -12 -10 -12 -9 -12 -10 -13 -10 -12 -10 -13 -10 -12 -9 -12 -9 -11 -9 -12 -8 -12 -9 -12 -9 -11 -8 -11 -8 -10 0 0 0 0 0 0 0 0 0 0 ],1687784612.617952
CSI_DATA,STA,08:3A:F2:A8:E0:C1,-38,11,1,4,1,1,1,1,0,0,0,-95,1,1,1,21889118,0,110,0,0,22.0779,384,[110 96 6 0 0 0 0 0 0 0 0 0 -3 -26 -3 -26 -2 -25 -1 -25 0 -23 1 -23 1 -21 2 -20 2 -20 1 -19 2 -19 2 -18 1 -17 1 -17 2 -16 1 -15 1 -14 1 -13 0 -13 -1 -13 -1 -12 -2 -12 -2 -11 -4 -11 -3 -12 -4 -11 0 0 -5 -11 -6 -10 -7 -11 -7 -10 -7 -11 -8 -11 -8 -11 -8 -11 -8 -11 -8 -10 -9 -10 -9 -11 -9 -11 -9 -11 -9 -11 -10 -11 -9 -11 -9 -10 -9 -10 -9 -10 -8 -10 -8 -10 -8 -10 -9 -9 -8 -10 -8 -9 0 0 0 0 0 0 0 0 0 0 ],1687784612.627858
CSI_DATA,STA,08:3A:F2:A8:E0:C1,-38,11,1,4,1,1,1,1,0,0,0,-95,1,1,1,21899181,0,110,0,0,22.0879,384,[110 96 6 0 0 0 0 0 0 0 0 0 14 18 12 17 13 18 11 17 11 17 8 16 8 16 7 15 7 15 6 15 6 14 5 14 6 13 5 13 5 12 5 12 5 10 5 10 5 9 5 9 5 8 6 8 5 8 7 6 7 7 7 6 0 0 7 5 9 5 9 4 9 5 9 4 9 4 10 5 10 4 10 4 10 3 10 3 10 4 11 4 10 3 11 4 10 3 11 4 10 3 10 3 10 3 10 4 10 3 10 4 10 3 9 3 9 3 0 0 0 0 0 0 0 0 0 0 ],1687784612.6372402
CSI_DATA,STA,08:3A:F2:A8:E0:C1,-39,11,1,5,1,1,1,1,0,0,0,-95,1,1,1,21907769,0,110,0,0,22.0965,384,[110 96 6 0 0 0 0 0 0 0 0 0 6 24 5 23 4 23 3 22 2 22 2 20 0 20 0 19 0 19 0 18 -1 18 -1 17 0 16 0 15 0 14 0 14 -1 13 0 12 1 11 2 11 2 11 2 10 2 10 4 10 4 10 4 9 0 0 5 9 6 9 6 8 6 8 7 9 7 9 7 9 8 9 8 9 8 8 8 8 9 9 9 9 9 9 8 9 9 8 9 9 9 9 8 9 8 8 8 9 7 9 7 8 8 8 7 8 7 8 0 0 0 0 0 0 0 0 0 0 ],1687784612.645858
CSI_DATA,STA,08:3A:F2:A8:E0:C1,-39,11,1,5,1,1,1,1,0,0,0,-95,1,1,1,21917686,0,110,0,0,22.1064,384,[110 96 6 0 0 0 0 0 0 0 0 0 9 23 7 23 7 22 6 23 5 21 4 21 4 20 2 19 3 18 2 18 2 17 1 17 2 16 2 15 2 14 3 13 2 13 2 12 3 12 4 11 3 10 4 10 4 9 5 9 6 9 6 8 0 0 7 8 7 7 8 7 8 7 9 7 9 7 9 7 10 7 10 6 10 6 10 7 10 7 11 6 11 7 11 6 11 6 11 6 10 6 10 6 10 6 10 7 10 6 10 6 10 5 9 6 9 5 0 0 0 0 0 0 0 0 0 0 ],1687784612.6558778
CSI_DATA,STA,08:3A:F2:A8:E0:C1,-39,11,1,5,1,1,1,1,0,0,0,-95,1,1,1,21927963,0,110,0,0,22.1169,384,[110 96 6 0 0 0 0 0 0 0 0 0 20 7 20 8 19 8 19 9 17 9 16 9 15 9 14 9 13 10 13 8 13 8 12 8 12 8 12 7 11 7 10 6 10 6 9 5 9 5 9 4 9 4 9 4 9 3 9 2 9 1 9 0 0 0 10 0 9 0 10 -1 9 -2 10 -2 10 -2 10 -2 10 -2 11 -3 10 -3 10 -3 11 -3 11 -3 11 -3 11 -3 11 -3 11 -3 10 -3 11 -3 10 -3 10 -2 10 -2 10 -3 10 -4 9 -3 9 -3 0 0 0 0 0 0 0 0 0 0 ],1687784612.6670778
CSI_DATA,STA,08:3A:F2:A8:E0:C1,-38,11,1,4,1,1,1,1,0,0,0,-95,1,1,1,21939209,0,110,0,0,22.1279,384,[110 96 6 0 0 0 0 0 0 0 0 0 -6 -23 -5 -22 -5 -21 -4 -22 -3 -20 -2 -20 -1 -19 -1 -18 0 -18 -1 -16 -1 -17 -1 -17 -1 -15 -1 -15 -1 -14 -1 -14 -1 -12 -1 -12 -2 -11 -2 -11 -3 -11 -3 -10 -3 -10 -5 -9 -5 -10 -5 -9 0 0 -6 -9 -6 -9 -7 -9 -8 -8 -8 -8 -8 -9 -8 -9 -9 -8 -9 -9 -9 -7 -10 -8 -10 -8 -10 -8 -10 -8 -9 -8 -10 -8 -10 -8 -10 -7 -9 -7 -9 -7 -9 -8 -9 -7 -9 -7 -9 -7 -9 -7 -9 -6 0 0 0 0 0 0 0 0 0 0 ],1687784612.678834
CSI_DATA,STA,08:3A:F2:A8:E0:C1,-38,11,1,4,1,1,1,1,0,0,0,-95,1,1,1,21956995,0,110,0,0,22.1458,384,[110 96 6 0 0 0 0 0 0 0 0 0 -23 1 -23 -1 -22 -1 -23 -2 -20 -2 -20 -3 -19 -4 -17 -4 -17 -4 -16 -4 -16 -4 -16 -3 -15 -3 -14 -3 -14 -3 -13 -2 -13 -2 -11 -1 -12 -1 -11 -1 -10 -1 -11 0 -10 0 -10 1 -10 2 -10 3 0 0 -10 4 -9 4 -10 5 -9 5 -10 5 -10 6 -10 5 -10 6 -10 6 -9 6 -9 7 -10 7 -10 8 -10 8 -9 7 -9 8 -9 7 -9 7 -9 7 -8 7 -9 6 -9 6 -9 7 -8 7 -8 6 -8 7 0 0 0 0 0 0 0 0 0 0 ],1687784612.695751
CSI_DATA,STA,08:3A:F2:A8:E0:C1,-38,11,1,4,1,1,1,1,0,0,0,-95,1,1,1,21964692,0,110,0,0,22.1533,384,[110 96 6 0 0 0 0 0 0 0 0 0 11 -21 10 -19 10 -20 11 -18 12 -17 11 -15 11 -15 11 -13 11 -14 11 -13 11 -13 10 -12 10 -11 9 -11 9 -10 8 -11 7 -9 7 -10 6 -9 6 -9 5 -9 5 -9 4 -9 3 -9 3 -10 2 -10 0 0 2 -10 1 -11 0 -10 0 -11 0 -11 0 -12 0 -12 -1 -12 -1 -12 -1 -12 -2 -12 -1 -12 -1 -12 -1 -12 -1 -12 -2 -12 -2 -13 -2 -11 -2 -12 -2 -11 -1 -12 -1 -11 -1 -12 -2 -11 -1 -11 -2 -10 0 0 0 0 0 0 0 0 0 0 ],1687784612.702877
CSI_DATA,STA,08:3A:F2:A8:E0:C1,-39,11,1,5,1,1,1,1,0,0,0,-95,1,1,1,21973157,0,110,0,0,22.1618,384,[110 96 6 0 0 0 0 0 0 0 0 0 -14 18 -14 17 -14 16 -15 15 -14 13 -14 13 -14 11 -14 10 -14 11 -13 10 -13 10 -12 10 -12 8 -11 8 -11 7 -10 8 -9 8 -9 7 -8 7 -8 7 -7 7 -7 7 -6 7 -5 8 -5 8 -5 8 0 0 -4 9 -3 9 -2 9 -3 10 -2 10 -2 10 -2 10 -2 10 -2 10 -2 10 -1 11 -1 11 -1 11 -1 11 -1 11 -1 11 -1 11 -1 11 -1 10 -1 10 -2 10 -2 11 -2 10 -1 9 -1 9 -1 9 0 0 0 0 0 0 0 0 0 0 ],1687784612.711655
CSI_DATA,STA,08:3A:F2:A8:E0:C1,-38,11,1,4,1,1,1,1,0,0,0,-95,1,1,1,21982372,0,110,0,0,22.171,384,[110 96 6 0 0 0 0 0 0 0 0 0 17 19 15 18 15 18 14 18 13 18 10 17 10 17 8 17 8 17 8 16 8 16 7 16 7 14 7 13 6 13 7 13 6 11 6 11 7 10 7 9 6 9 7 9 6 8 8 7 8 7 8 6 0 0 9 6 10 5 10 4 10 4 11 5 11 4 11 5 11 4 12 4 12 4 12 3 12 4 12 4 12 4 12 4 12 3 13 4 12 3 12 3 11 3 11 4 11 4 11 3 11 3 11 4 10 3 0 0 0 0 0 0 0 0 0 0 ],1687784612.72094
CSI_DATA,STA,08:3A:F2:A8:E0:C1,-39,11,1,5,1,1,1,1,0,0,0,-95,1,1,1,21988620,0,110,0,0,22.1773,384,[110 96 6 0 0 0 0 0 0 0 0 0 -21 14 -21 13 -21 12 -22 10 -20 9 -20 9 -19 8 -18 7 -18 7 -17 6 -17 6 -17 6 -16 5 -15 4 -14 5 -14 6 -13 5 -12 5 -11 5 -11 5 -10 5 -9 6 -9 6 -8 6 -8 7 -8 8 0 0 -7 8 -6 9 -6 9 -6 9 -6 10 -6 10 -6 10 -6 11 -5 11 -5 11 -5 12 -6 12 -5 12 -6 12 -6 12 -5 11 -5 12 -5 12 -5 11 -5 11 -5 11 -6 11 -5 11 -4 10 -5 10 -5 10 0 0 0 0 0 0 0 0 0 0 ],1687784612.72772
CSI_DATA,STA,08:3A:F2:A8:E0:C1,-39,11,1,5,1,1,1,1,0,0,0,-95,1,1,1,22003080,0,110,0,0,22.1918,384,[110 96 6 0 0 0 0 0 0 0 0 0 -12 -23 -11 -22 -11 -22 -10 -21 -9 -20 -7 -20 -7 -20 -6 -19 -6 -19 -5 -18 -5 -18 -4 -17 -5 -16 -5 -16 -5 -14 -5 -14 -5 -12 -5 -13 -6 -12 -6 -11 -6 -11 -6 -10 -6 -9 -7 -9 -7 -9 -7 -8 0 0 -8 -8 -9 -7 -9 -7 -10 -6 -10 -7 -11 -7 -11 -7 -11 -7 -11 -6 -12 -6 -12 -6 -12 -6 -12 -6 -12 -6 -12 -6 -12 -5 -12 -6 -12 -6 -12 -6 -12 -6 -11 -6 -11 -6 -11 -6 -11 -5 -11 -6 -10 -5 0 0 0 0 0 0 0 0 0 0 ],1687784612.742136
CSI_DATA,STA,08:3A:F2:A8:E0:C1,-39,11,1,5,1,1,1,1,0,0,0,-95,1,1,1,22010398,0,110,0,0,22.199,384,[110 96 6 0 0 0 0 0 0 0 0 0 -2 -23 -2 -23 -2 -22 0 -22 0 -20 1 -20 2 -19 2 -18 2 -18 1 -16 2 -17 2 -16 2 -15 1 -14 2 -14 1 -13 1 -12 1 -12 0 -12 0 -11 -1 -11 -1 -10 -2 -10 -2 -10 -3 -10 -3 -10 0 0 -4 -10 -5 -9 -5 -10 -5 -9 -6 -9 -6 -10 -6 -10 -7 -10 -7 -10 -7 -10 -8 -9 -8 -10 -7 -10 -8 -10 -7 -10 -8 -10 -8 -10 -8 -10 -7 -9 -7 -9 -7 -10 -7 -9 -6 -9 -7 -9 -6 -9 -6 -8 0 0 0 0 0 0 0 0 0 0 ],1687784612.7483299
CSI_DATA,STA,08:3A:F2:A8:E0:C1,-38,11,1,4,1,1,1,1,0,0,0,-95,1,1,1,22019513,0,110,0,0,22.2083,384,[110 96 6 0 0 0 0 0 0 0 0 0 -15 -22 -14 -21 -14 -21 -13 -21 -12 -20 -9 -20 -9 -20 -7 -19 -7 -19 -8 -18 -7 -18 -7 -17 -7 -16 -7 -16 -6 -15 -7 -14 -6 -13 -6 -12 -7 -11 -6 -11 -7 -11 -7 -10 -7 -9 -8 -9 -9 -8 -9 -7 0 0 -9 -7 -10 -7 -11 -6 -11 -6 -11 -7 -12 -6 -12 -7 -12 -6 -12 -6 -13 -5 -13 -5 -13 -5 -13 -5 -13 -5 -13 -6 -13 -5 -14 -5 -13 -5 -12 -5 -12 -5 -12 -5 -12 -5 -12 -5 -12 -4 -12 -5 -11 -4 0 0 0 0 0 0 0 0 0 0 ],1687784612.760006
CSI_DATA,STA,08:3A:F2:A8:E0:C1,-39,11,1,5,1,1,1,1,0,0,0,-95,1,1,1,22027893,0,110,0,0,22.2171,384,[110 96 6 0 0 0 0 0 0 0 0 0 24 -3 23 -2 23 -1 23 0 21 1 20 1 19 2 18 2 18 2 17 3 16 2 16 2 15 2 14 2 14 2 13 1 12 1 12 0 12 0 11 0 10 0 10 -1 10 -2 10 -2 10 -3 10 -4 0 0 10 -5 9 -5 9 -6 9 -6 9 -7 10 -7 10 -6 9 -7 10 -7 9 -8 10 -8 10 -8 10 -8 10 -8 10 -8 9 -8 10 -8 9 -8 10 -7 9 -8 10 -7 9 -7 9 -7 8 -8 8 -7 8 -7 0 0 0 0 0 0 0 0 0 0 ],1687784612.7741902
CSI_DATA,STA,08:3A:F2:A8:E0:C1,-39,11,1,5,1,1,1,1,0,0,0,-95,1,1,1,22036793,0,110,0,0,22.2255,384,[110 96 6 0 0 0 0 0 0 0 0 0 -21 8 -21 7 -21 7 -21 6 -20 5 -19 4 -18 4 -18 3 -17 3 -17 2 -16 2 -16 2 -15 1 -15 2 -13 1 -13 3 -12 2 -11 3 -11 2 -10 3 -10 3 -10 3 -9 4 -8 4 -9 5 -8 6 0 0 -8 7 -7 7 -6 7 -7 8 -7 8 -6 8 -7 9 -7 9 -6 9 -6 9 -6 9 -6 9 -6 9 -6 10 -6 10 -5 10 -6 10 -5 9 -6 9 -5 9 -5 9 -6 9 -6 9 -5 8 -6 8 -5 8 0 0 0 0 0 0 0 0 0 0 ],1687784612.777569
CSI_DATA,STA,08:3A:F2:A8:E0:C1,-38,11,1,4,1,1,1,1,0,0,0,-95,1,1,1,22048084,0,110,0,0,22.2368,384,[110 96 6 0 0 0 0 0 0 0 0 0 -20 11 -20 10 -20 9 -20 8 -19 8 -18 6 -18 6 -17 5 -17 5 -16 4 -16 4 -15 4 -15 4 -14 4 -13 3 -14 4 -12 3 -12 4 -11 4 -10 4 -10 4 -9 4 -9 5 -8 5 -8 6 -7 6 0 0 -7 7 -6 8 -6 8 -6 9 -6 9 -6 9 -6 9 -6 9 -6 10 -5 10 -5 11 -5 10 -5 10 -5 10 -5 11 -5 10 -5 11 -4 10 -5 10 -5 9 -5 9 -5 9 -5 10 -4 10 -5 9 -4 9 0 0 0 0 0 0 0 0 0 0 ],1687784612.7866318
CSI_DATA,STA,08:3A:F2:A8:E0:C1,-39,11,1,5,1,1,1,1,0,0,0,-95,1,1,1,22059591,0,110,0,0,22.2483,384,[110 96 6 0 0 0 0 0 0 0 0 0 -1 28 -2 26 -2 26 -3 25 -4 24 -5 22 -5 22 -6 20 -6 20 -5 19 -6 19 -6 18 -4 17 -4 16 -4 15 -4 15 -4 14 -3 14 -2 13 -2 12 -1 12 0 12 0 12 2 11 2 11 2 11 0 0 3 11 4 12 5 11 5 11 5 11 5 12 6 12 6 12 6 12 7 12 7 11 7 12 7 12 7 12 7 12 7 11 7 12 7 11 7 11 7 11 7 11 6 11 6 11 7 10 6 11 6 10 0 0 0 0 0 0 0 0 0 0 ],1687784612.7975192
CSI_DATA,STA,08:3A:F2:A8:E0:C1,-39,11,1,5,1,1,1,1,0,0,0,-95,1,1,1,22066666,0,110,0,0,22.2553,384,[110 96 6 0 0 0 0 0 0 0 0 0 25 10 24 11 23 11 23 12 21 11 19 12 18 13 17 12 16 12 16 11 15 12 15 11 14 11 14 10 13 9 12 8 12 8 11 7 12 6 11 6 11 6 11 5 11 4 11 3 12 3 11 2 0 0 12 0 12 0 12 -1 12 -2 13 -1 13 -1 13 -1 13 -2 14 -2 13 -3 13 -3 14 -3 14 -3 14 -3 14 -3 14 -3 14 -3 13 -3 13 -2 13 -3 13 -2 13 -2 13 -2 12 -3 12 -2 12 -3 0 0 0 0 0 0 0 0 0 0 ],1687784612.806558
CSI_DATA,STA,08:3A:F2:A8:E0:C1,-38,11,1,3,1,1,1,1,0,0,0,-95,1,1,1,22079433,0,110,0,0,22.2682,384,[110 96 6 0 0 0 0 0 0 0 0 0 -4 25 -5 24 -4 23 -6 23 -6 21 -7 20 -8 19 -8 18 -8 18 -7 17 -7 17 -7 16 -6 15 -5 14 -6 13 -5 14 -5 13 -4 12 -3 11 -3 11 -3 10 -2 11 -1 10 0 10 0 11 1 11 0 0 2 11 3 11 3 11 4 11 4 11 4 11 4 12 5 11 5 11 5 11 6 11 6 11 6 12 6 12 6 11 6 11 6 11 6 10 5 11 6 10 5 11 5 11 5 10 6 10 5 10 5 9 0 0 0 0 0 0 0 0 0 0 ],1687784612.81739
CSI_DATA,STA,08:3A:F2:A8:E0:C1,-38,11,1,4,1,1,1,1,0,0,0,-95,1,1,1,22088480,0,110,0,0,22.2773,384,[110 96 6 0 0 0 0 0 0 0 0 0 3 22 2 22 2 21 0 21 0 19 -1 19 -2 18 -2 17 -3 17 -2 15 -2 16 -2 15 -2 15 -1 14 -2 13 -1 12 -1 12 -1 11 0 11 0 10 0 10 1 10 1 9 2 9 3 9 3 9 0 0 4 8 4 8 6 9 5 8 6 9 6 9 6 9 6 8 7 9 7 7 8 8 7 9 8 8 8 8 7 8 8 8 8 8 8 7 7 8 7 7 7 8 7 8 7 7 7 7 7 7 7 7 0 0 0 0 0 0 0 0 0 0 ],1687784612.826396
CSI_DATA,STA,08:3A:F2:A8:E0:C1,-38,11,1,4,1,1,1,1,0,0,0,-95,1,1,1,22096851,0,110,0,0,22.2856,384,[110 96 6 0 0 0 0 0 0 0 0 0 13 -19 14 -18 13 -17 15 -17 13 -15 13 -14 13 -13 12 -13 13 -12 12 -11 12 -11 12 -11 11 -10 11 -10 10 -9 9 -10 9 -9 7 -8 7 -8 7 -8 6 -8 6 -9 5 -8 5 -9 5 -9 4 -10 0 0 3 -11 2 -10 2 -11 1 -11 1 -11 1 -12 1 -12 1 -12 1 -12 0 -11 0 -12 1 -12 1 -12 0 -13 0 -12 0 -13 0 -13 0 -12 0 -12 0 -11 0 -12 0 -12 0 -11 0 -11 0 -11 0 -11 0 0 0 0 0 0 0 0 0 0 ],1687784612.8346329
CSI_DATA,STA,08:3A:F2:A8:E0:C1,-38,11,1,4,1,1,1,1,0,0,0,-95,1,1,1,22108308,0,110,0,0,22.2971,384,[110 96 6 0 0 0 0 0 0 0 0 0 21 -8 21 -7 20 -6 21 -5 19 -4 19 -3 18 -3 17 -2 16 -2 15 -2 16 -2 15 -2 14 -2 14 -2 13 -1 13 -3 11 -2 11 -2 11 -2 10 -3 9 -3 9 -3 8 -4 8 -5 9 -5 8 -6 0 0 8 -7 7 -7 7 -8 7 -8 7 -8 7 -9 7 -9 7 -9 7 -10 6 -9 6 -10 7 -9 7 -10 7 -10 6 -10 6 -10 6 -11 6 -10 6 -10 6 -9 6 -9 6 -9 6 -9 5 -10 6 -9 5 -9 0 0 0 0 0 0 0 0 0 0 ],1687784612.847117
CSI_DATA,STA,08:3A:F2:A8:E0:C1,-38,11,1,4,1,1,1,1,0,0,0,-95,1,1,1,22116705,0,110,0,0,22.3054,384,[110 96 6 0 0 0 0 0 0 0 0 0 -2 26 -3 24 -3 24 -5 24 -5 22 -5 20 -6 20 -6 18 -6 19 -6 17 -7 18 -6 17 -6 16 -5 15 -5 14 -5 14 -4 13 -4 12 -2 12 -2 11 -2 11 -1 11 -1 10 1 11 1 11 2 10 0 0 2 11 4 10 4 10 4 10 5 11 5 11 5 12 6 11 6 11 6 10 7 11 6 11 7 11 7 11 7 11 7 10 7 11 7 10 7 10 6 10 6 11 6 10 6 10 7 9 6 10 6 9 0 0 0 0 0 0 0 0 0 0 ],1687784612.854485
CSI_DATA,STA,08:3A:F2:A8:E0:C1,-38,11,1,4,1,1,1,1,0,0,0,-95,1,1,1,22130343,0,110,0,0,22.3195,384,[110 96 6 0 0 0 0 0 0 0 0 0 22 3 21 4 20 4 20 6 19 6 17 6 16 6 15 6 15 7 14 6 14 6 14 6 13 5 12 5 12 6 12 4 10 4 10 3 10 3 10 3 9 2 9 2 9 1 9 0 10 0 9 -2 0 0 10 -2 9 -2 10 -3 9 -3 9 -3 10 -3 10 -3 10 -4 11 -4 10 -5 10 -5 10 -5 11 -5 10 -5 10 -4 10 -5 11 -5 10 -5 10 -5 9 -5 10 -4 10 -4 10 -4 9 -5 9 -4 8 -5 0 0 0 0 0 0 0 0 0 0 ],1687784612.868324
CSI_DATA,STA,08:3A:F2:A8:E0:C1,-38,11,1,4,1,1,1,1,0,0,0,-95,1,1,1,22139121,0,110,0,0,22.3278,384,[110 96 6 0 0 0 0 0 0 0 0 0 -8 -25 -7 -25 -7 -23 -5 -25 -4 -22 -3 -22 -2 -21 -2 -20 -1 -20 -1 -18 -1 -19 -1 -18 -1 -17 -2 -16 -1 -16 -2 -15 -1 -14 -1 -13 -3 -13 -3 -12 -3 -12 -3 -12 -4 -11 -5 -11 -5 -11 -6 -10 0 0 -7 -10 -7 -9 -8 -10 -8 -9 -9 -10 -9 -10 -9 -10 -9 -10 -10 -10 -10 -9 -11 -9 -10 -9 -10 -10 -11 -10 -10 -10 -10 -10 -11 -10 -11 -9 -10 -9 -10 -9 -9 -10 -9 -9 -9 -9 -10 -8 -9 -9 -9 -8 0 0 0 0 0 0 0 0 0 0 ],1687784612.877506
CSI_DATA,STA,08:3A:F2:A8:E0:C1,-38,11,1,4,1,1,1,1,0,0,0,-95,1,1,1,22147142,0,110,0,0,22.3359,384,[110 96 6 0 0 0 0 0 0 0 0 0 5 -23 6 -22 5 -22 7 -21 7 -20 7 -18 7 -18 7 -17 7 -17 7 -15 7 -15 7 -15 6 -14 6 -13 6 -12 5 -13 5 -11 4 -11 3 -11 3 -11 2 -11 2 -11 2 -10 0 -10 0 -11 -1 -10 0 0 -2 -11 -3 -10 -3 -11 -3 -10 -4 -11 -4 -11 -4 -12 -4 -11 -5 -11 -5 -11 -5 -11 -5 -12 -5 -12 -5 -11 -5 -12 -6 -11 -6 -12 -6 -11 -5 -11 -6 -10 -5 -11 -5 -10 -5 -11 -5 -10 -5 -10 -5 -10 0 0 0 0 0 0 0 0 0 0 ],1687784612.886189
CSI_DATA,STA,08:3A:F2:A8:E0:C1,-38,11,1,4,1,1,1,1,0,0,0,-95,1,1,1,22161726,0,110,0,0,22.3505,384,[110 96 6 0 0 0 0 0 0 0 0 0 -25 3 -26 2 -24 2 -26 0 -23 0 -23 -1 -21 -2 -20 -2 -19 -3 -18 -3 -19 -2 -18 -2 -18 -2 -17 -2 -16 -3 -15 -1 -15 -1 -13 -1 -13 -1 -13 0 -12 0 -12 0 -11 1 -11 2 -12 3 -11 4 0 0 -11 5 -10 5 -11 6 -10 6 -11 7 -11 7 -11 7 -11 7 -11 8 -10 8 -10 9 -11 9 -11 9 -11 9 -10 8 -11 9 -10 9 -10 9 -10 8 -9 8 -10 8 -10 7 -10 8 -9 8 -9 7 -9 7 0 0 0 0 0 0 0 0 0 0 ],1687784612.8998241
CSI_DATA,STA,08:3A:F2:A8:E0:C1,-38,11,1,4,1,1,1,1,0,0,0,-95,1,1,1,22169749,0,110,0,0,22.3584,384,[110 96 6 0 0 0 0 0 0 0 0 0 1 -23 2 -22 1 -23 3 -22 3 -21 4 -19 4 -19 5 -17 5 -17 5 -16 5 -16 5 -16 4 -15 3 -14 3 -13 2 -13 2 -12 2 -12 1 -12 1 -11 0 -11 -1 -11 0 -10 -1 -10 -2 -11 -2 -10 0 0 -3 -10 -4 -10 -5 -10 -5 -10 -5 -10 -6 -11 -6 -11 -6 -10 -6 -10 -7 -10 -7 -10 -7 -10 -7 -10 -7 -10 -7 -11 -7 -10 -7 -11 -7 -10 -7 -10 -7 -9 -7 -10 -7 -9 -6 -10 -7 -9 -6 -9 -6 -9 0 0 0 0 0 0 0 0 0 0 ],1687784612.907817
CSI_DATA,STA,08:3A:F2:A8:E0:C1,-38,11,1,4,1,1,1,1,0,0,0,-95,1,1,1,22177481,0,110,0,0,22.3663,384,[110 96 6 0 0 0 0 0 0 0 0 0 -10 20 -11 20 -10 18 -12 19 -11 16 -12 16 -11 15 -11 14 -12 13 -10 12 -11 13 -10 12 -9 12 -9 11 -9 11 -8 10 -8 10 -7 8 -6 9 -6 9 -6 8 -5 9 -4 8 -3 9 -3 10 -2 9 0 0 -2 10 -1 10 0 10 0 10 0 10 1 11 0 11 1 10 1 11 2 10 2 11 2 11 2 12 2 12 1 11 2 12 2 11 3 11 2 11 2 10 2 11 1 11 2 10 3 10 2 10 2 9 0 0 0 0 0 0 0 0 0 0 ],1687784612.915463
CSI_DATA,STA,08:3A:F2:A8:E0:C1,-38,11,1,4,1,1,1,1,0,0,0,-95,1,1,1,22187779,0,110,0,0,22.3765,384,[110 96 6 0 0 0 0 0 0 0 0 0 -2 -24 0 -23 -1 -23 1 -22 1 -21 2 -20 3 -19 3 -18 3 -18 3 -17 3 -17 3 -16 2 -15 2 -14 3 -14 2 -14 1 -12 1 -12 1 -12 0 -11 0 -11 -1 -11 -1 -10 -2 -10 -2 -11 -3 -10 0 0 -4 -10 -5 -10 -5 -10 -6 -10 -6 -10 -6 -10 -7 -11 -7 -11 -7 -11 -7 -10 -8 -10 -7 -10 -7 -10 -7 -10 -7 -11 -8 -10 -8 -11 -7 -10 -7 -10 -8 -9 -7 -10 -7 -10 -7 -10 -7 -9 -7 -9 -7 -9 0 0 0 0 0 0 0 0 0 0 ],1687784612.926643
CSI_DATA,STA,08:3A:F2:A8:E0:C1,-38,11,1,4,1,1,1,1,0,0,0,-95,1,1,1,22197700,0,110,0,0,22.3864,384,[110 96 6 0 0 0 0 0 0 0 0 0 21 -10 21 -9 20 -8 21 -6 19 -6 18 -5 18 -4 17 -4 17 -3 16 -3 16 -3 15 -3 15 -2 14 -3 13 -2 12 -3 12 -3 11 -3 11 -3 10 -3 9 -4 9 -4 9 -4 8 -5 8 -6 8 -7 0 0 8 -7 7 -7 7 -8 6 -8 7 -8 7 -9 7 -9 6 -9 7 -10 6 -10 6 -10 7 -10 6 -10 6 -11 6 -10 6 -11 6 -11 6 -10 6 -10 5 -10 6 -9 6 -9 6 -9 5 -10 6 -9 5 -9 0 0 0 0 0 0 0 0 0 0 ],1687784612.935789
CSI_DATA,STA,08:3A:F2:A8:E0:C1,-38,11,1,3,1,1,1,1,0,0,0,-95,1,1,1,22210782,0,110,0,0,22.3995,384,[110 96 6 0 0 0 0 0 0 0 0 0 1 -27 2 -25 1 -25 3 -25 3 -23 4 -22 5 -21 5 -19 6 -19 5 -18 5 -18 5 -17 4 -16 4 -16 4 -15 4 -15 3 -14 3 -13 2 -12 2 -12 1 -12 1 -12 0 -11 -1 -12 -2 -12 -2 -11 0 0 -3 -12 -4 -12 -4 -12 -5 -11 -5 -12 -5 -12 -5 -13 -5 -12 -6 -12 -6 -12 -7 -12 -6 -12 -7 -13 -6 -12 -6 -12 -7 -12 -7 -13 -7 -12 -6 -12 -7 -12 -6 -12 -6 -12 -6 -12 -7 -11 -6 -11 -6 -11 0 0 0 0 0 0 0 0 0 0 ],1687784612.949335
CSI_DATA,STA,08:3A:F2:A8:E0:C1,-38,11,1,4,1,1,1,1,0,0,0,-95,1,1,1,22217846,0,110,0,0,22.4065,384,[110 96 6 0 0 0 0 0 0 0 0 0 10 20 9 20 9 20 8 20 7 19 5 18 5 18 4 17 4 16 3 16 3 16 2 15 3 15 3 14 2 13 3 13 3 11 3 11 3 10 3 10 4 9 4 9 4 8 5 8 5 8 6 7 0 0 6 7 7 6 8 6 8 6 8 7 9 6 9 7 9 6 9 6 9 6 10 6 9 6 10 6 10 6 10 6 10 5 10 6 10 5 9 6 9 5 9 6 9 6 9 6 9 5 8 6 8 5 0 0 0 0 0 0 0 0 0 0 ],1687784612.955332
CSI_DATA,STA,08:3A:F2:A8:E0:C1,-38,11,1,4,1,1,1,1,0,0,0,-95,1,1,1,22229732,0,110,0,0,22.4186,384,[110 96 6 0 0 0 0 0 0 0 0 0 11 20 9 18 10 19 8 19 7 18 6 17 5 17 4 16 4 16 4 15 3 15 3 15 3 14 3 14 3 12 4 12 3 11 3 11 4 10 4 9 4 9 4 9 4 8 5 8 6 8 6 7 0 0 6 7 8 6 8 6 8 6 8 6 8 6 9 6 9 6 9 6 9 5 10 5 10 6 10 6 10 5 10 6 10 5 10 6 9 5 9 5 9 5 9 6 9 5 9 5 9 5 8 5 8 4 0 0 0 0 0 0 0 0 0 0 ],1687784612.967378
CSI_DATA,STA,08:3A:F2:A8:E0:C1,-38,11,1,3,1,1,1,1,0,0,0,-95,1,1,1,22240401,0,110,0,0,22.4293,384,[110 96 6 0 0 0 0 0 0 0 0 0 -19 -13 -19 -13 -18 -13 -18 -14 -16 -13 -15 -14 -14 -13 -13 -13 -12 -13 -12 -12 -12 -12 -11 -12 -11 -11 -11 -11 -10 -10 -9 -10 -9 -9 -8 -8 -9 -8 -9 -7 -9 -7 -9 -7 -8 -5 -9 -5 -10 -5 -10 -4 0 0 -10 -3 -10 -3 -11 -3 -10 -2 -11 -2 -12 -2 -12 -2 -12 -2 -12 -2 -11 0 -12 0 -12 -1 -13 -1 -12 0 -12 -2 -13 -1 -12 -1 -12 -1 -12 -1 -11 0 -12 -1 -12 -1 -11 -1 -11 0 -11 -1 -11 0 0 0 0 0 0 0 0 0 0 0 ],1687784612.978632
CSI_DATA,STA,08:3A:F2:A8:E0:C1,-38,11,1,4,1,1,1,1,0,0,0,-95,1,1,1,22248708,0,110,0,0,22.4375,384,[110 96 6 0 0 0 0 0 0 0 0 0 -23 -6 -22 -7 -22 -7 -22 -8 -20 -8 -18 -8 -17 -8 -16 -8 -15 -9 -15 -8 -15 -8 -15 -8 -14 -8 -14 -7 -12 -7 -13 -6 -11 -6 -11 -5 -11 -5 -11 -4 -11 -4 -10 -4 -10 -3 -10 -2 -11 -1 -10 0 0 0 -11 0 -11 1 -11 1 -11 2 -11 1 -11 2 -12 2 -12 3 -12 3 -11 3 -12 4 -12 3 -12 3 -12 3 -12 3 -12 3 -12 4 -11 3 -11 3 -11 3 -11 3 -11 3 -11 3 -11 3 -11 3 -10 3 0 0 0 0 0 0 0 0 0 0 ],1687784612.987296
CSI_DATA,STA,08:3A:F2:A8:E0:C1,-38,11,1,4,1,1,1,1,0,0,0,-95,1,1,1,22262888,0,110,0,0,22.4516,384,[110 96 6 0 0 0 0 0 0 0 0 0 23 -1 21 0 22 1 21 2 21 2 18 3 18 3 16 3 16 4 16 4 16 3 15 4 14 4 14 3 13 4 13 2 11 2 11 2 11 1 11 1 10 1 10 0 10 0 9 -1 10 -2 9 -3 0 0 9 -3 9 -4 9 -5 9 -5 9 -5 10 -5 10 -6 10 -6 10 -6 10 -6 10 -7 10 -6 10 -6 9 -6 10 -6 9 -7 10 -7 9 -7 9 -6 8 -6 10 -6 9 -6 9 -6 9 -6 9 -5 8 -6 0 0 0 0 0 0 0 0 0 0 ],1687784613.001903
CSI_DATA,STA,08:3A:F2:A8:E0:C1,-38,11,1,4,1,1,1,1,0,0,0,-95,1,1,1,22269283,0,110,0,0,22.4579,384,[110 96 6 0 0 0 0 0 0 0 0 0 -19 -14 -19 -14 -18 -13 -18 -15 -16 -14 -14 -14 -14 -14 -12 -14 -12 -13 -11 -13 -11 -13 -11 -13 -10 -12 -10 -12 -10 -11 -10 -10 -9 -9 -8 -8 -10 -8 -9 -8 -9 -7 -9 -7 -8 -6 -9 -5 -10 -5 -10 -4 0 0 -10 -4 -10 -3 -11 -3 -11 -2 -11 -2 -11 -2 -12 -2 -12 -2 -12 -1 -12 -1 -12 0 -13 -1 -13 -1 -13 -1 -12 -1 -13 -1 -13 0 -12 0 -12 -1 -12 -1 -12 -1 -12 0 -11 -1 -11 0 -11 -1 -11 -1 0 0 0 0 0 0 0 0 0 0 ],1687784613.008283
CSI_DATA,STA,08:3A:F2:A8:E0:C1,-38,11,1,4,1,1,1,1,0,0,0,-95,1,1,1,22278770,0,110,0,0,22.4675,384,[110 96 6 0 0 0 0 0 0 0 0 0 -21 -17 -20 -17 -19 -16 -19 -18 -17 -17 -15 -16 -13 -16 -12 -16 -12 -16 -12 -15 -11 -15 -11 -15 -11 -14 -11 -13 -10 -13 -10 -12 -9 -11 -9 -10 -10 -10 -9 -9 -9 -9 -10 -8 -9 -7 -10 -6 -11 -6 -11 -5 0 0 -11 -4 -12 -4 -12 -3 -12 -3 -12 -3 -13 -3 -13 -3 -13 -3 -14 -2 -13 -2 -14 -1 -14 -2 -14 -2 -14 -2 -14 -2 -14 -1 -14 -2 -13 -1 -13 -1 -13 -1 -13 -2 -13 -2 -13 -2 -12 -1 -13 -2 -12 -1 0 0 0 0 0 0 0 0 0 0 ],1687784613.018
CSI_DATA,STA,08:3A:F2:A8:E0:C1,-38,11,1,4,1,1,1,1,0,0,0,-95,1,1,1,22288698,0,110,0,0,22.4774,384,[110 96 6 0 0 0 0 0 0 0 0 0 23 -2 22 -1 22 -1 21 1 20 1 18 1 18 2 17 2 17 2 16 2 16 2 15 2 14 2 14 2 13 2 13 1 12 1 11 0 10 0 10 0 10 0 10 -1 9 -1 9 -3 9 -3 9 -4 0 0 9 -4 9 -5 8 -6 8 -6 9 -6 9 -7 9 -6 9 -7 9 -8 8 -8 8 -8 8 -8 9 -8 9 -8 9 -8 8 -8 9 -9 8 -8 8 -8 8 -8 8 -8 8 -7 8 -8 7 -8 7 -7 7 -7 0 0 0 0 0 0 0 0 0 0 ],1687784613.026505
CSI_DATA,STA,08:3A:F2:A8:E0:C1,-38,11,1,4,1,1,1,1,0,0,0,-95,1,1,1,22300110,0,110,0,0,22.4889,384,[110 96 6 0 0 0 0 0 0 0 0 0 -13 -23 -11 -23 -11 -22 -10 -23 -9 -21 -7 -20 -6 -21 -5 -20 -5 -20 -5 -18 -5 -18 -5 -18 -5 -17 -5 -16 -5 -15 -5 -14 -4 -13 -4 -13 -6 -12 -5 -12 -5 -11 -6 -11 -6 -10 -7 -10 -8 -10 -8 -8 0 0 -9 -8 -10 -8 -10 -8 -10 -7 -10 -8 -11 -7 -11 -8 -12 -7 -12 -8 -12 -6 -13 -6 -12 -7 -13 -7 -12 -7 -12 -7 -13 -6 -13 -7 -12 -6 -12 -6 -11 -6 -11 -7 -12 -7 -11 -6 -11 -5 -11 -6 -11 -5 0 0 0 0 0 0 0 0 0 0 ],1687784613.0390558
CSI_DATA,STA,08:3A:F2:A8:E0:C1,-39,11,1,5,1,1,1,1,0,0,0,-95,1,1,1,22310671,0,110,0,0,22.4994,384,[110 96 6 0 0 0 0 0 0 0 0 0 20 14 18 14 18 14 17 15 17 14 14 14 13 14 13 14 12 13 11 13 11 13 10 13 10 12 10 12 9 11 9 10 8 9 8 8 9 8 9 7 9 7 9 6 8 5 9 5 9 5 9 3 0 0 10 3 10 2 11 2 11 1 11 2 12 1 12 1 12 0 12 0 12 0 12 0 12 1 13 0 12 0 12 0 12 0 13 0 12 0 12 0 11 0 12 0 12 0 12 0 11 -1 11 0 10 0 0 0 0 0 0 0 0 0 0 0 ],1687784613.049215
CSI_DATA,STA,08:3A:F2:A8:E0:C1,-39,11,1,5,1,1,1,1,0,0,0,-95,1,1,1,22320267,0,110,0,0,22.509,384,[110 96 6 0 0 0 0 0 0 0 0 0 23 6 22 6 22 6 21 7 20 7 18 9 18 9 16 9 16 9 15 8 15 8 14 8 14 8 14 7 13 6 12 6 11 5 11 4 11 4 11 4 10 3 10 3 10 2 10 1 10 1 10 0 0 0 10 -1 11 -1 10 -2 10 -3 11 -3 11 -3 12 -3 11 -3 11 -4 12 -4 12 -4 12 -4 12 -4 12 -4 12 -4 11 -5 12 -5 11 -4 12 -4 11 -4 12 -3 11 -4 11 -4 11 -5 10 -3 10 -4 0 0 0 0 0 0 0 0 0 0 ],1687784613.058744
CSI_DATA,STA,08:3A:F2:A8:E0:C1,-38,11,1,4,1,1,1,1,0,0,0,-95,1,1,1,22331614,0,110,0,0,22.5204,384,[110 96 6 0 0 0 0 0 0 0 0 0 18 -14 17 -13 17 -13 18 -12 17 -11 16 -9 16 -9 15 -8 15 -8 15 -7 15 -7 14 -7 13 -6 13 -6 12 -5 12 -7 10 -6 10 -6 9 -6 9 -6 8 -6 8 -7 7 -6 6 -7 7 -8 6 -8 0 0 5 -9 5 -9 4 -9 4 -10 4 -10 4 -11 4 -11 4 -11 3 -11 3 -11 3 -12 3 -11 3 -12 3 -12 3 -12 2 -11 3 -13 2 -12 3 -11 2 -11 3 -11 3 -11 3 -11 2 -11 3 -10 2 -10 0 0 0 0 0 0 0 0 0 0 ],1687784613.069914
CSI_DATA,STA,08:3A:F2:A8:E0:C1,-38,11,1,4,1,1,1,1,0,0,0,-95,1,1,1,22341168,0,110,0,0,22.53,384,[110 96 6 0 0 0 0 0 0 0 0 0 24 3 24 4 24 4 23 6 22 6 20 7 19 7 17 7 17 7 16 7 16 6 16 6 15 6 15 6 13 6 13 5 12 4 11 4 12 4 11 3 11 3 11 2 10 1 11 0 11 -1 11 -2 0 0 11 -2 10 -3 11 -3 11 -4 11 -4 12 -4 12 -4 11 -4 12 -5 11 -5 11 -6 12 -6 12 -6 12 -6 12 -5 12 -6 12 -6 11 -6 12 -5 11 -5 11 -5 11 -5 11 -5 10 -6 10 -5 10 -5 0 0 0 0 0 0 0 0 0 0 ],1687784613.079343
CSI_DATA,STA,08:3A:F2:A8:E0:C1,-38,11,1,4,1,1,1,1,0,0,0,-95,1,1,1,22350255,0,110,0,0,22.539,384,[110 96 6 0 0 0 0 0 0 0 0 0 14 17 14 17 13 16 12 17 11 16 10 16 9 16 8 15 8 15 7 13 7 14 7 14 6 13 7 13 6 12 5 11 5 11 5 9 6 9 6 8 6 8 6 7 5 6 7 6 7 6 7 5 0 0 8 5 8 4 9 4 9 3 9 4 10 3 10 4 10 3 10 3 10 3 11 3 10 3 11 3 11 3 11 3 11 3 11 3 11 2 10 3 10 2 10 3 10 3 10 3 10 2 9 3 9 2 0 0 0 0 0 0 0 0 0 0 ],1687784613.089102
CSI_DATA,STA,08:3A:F2:A8:E0:C1,-38,11,1,4,1,1,1,1,0,0,0,-95,1,1,1,22360173,0,110,0,0,22.5489,384,[110 96 6 0 0 0 0 0 0 0 0 0 -17 19 -17 18 -17 18 -18 17 -17 15 -17 13 -17 13 -16 11 -16 11 -15 10 -16 11 -15 10 -14 9 -13 9 -13 8 -12 9 -11 8 -10 8 -9 8 -9 8 -8 8 -8 8 -7 8 -6 9 -6 9 -5 10 0 0 -5 10 -3 10 -3 11 -3 11 -3 12 -3 12 -3 12 -2 12 -2 12 -2 12 -1 13 -2 13 -1 13 -2 13 -2 13 -1 13 -1 13 -1 13 -1 13 -1 12 -2 12 -2 12 -2 11 0 12 -2 11 -1 11 0 0 0 0 0 0 0 0 0 0 ],1687784613.098686
CSI_DATA,STA,08:3A:F2:A8:E0:C1,-38,11,1,4,1,1,1,1,0,0,0,-95,1,1,1,22371777,0,110,0,0,22.5605,384,[110 96 6 0 0 0 0 0 0 0 0 0 8 -22 8 -21 8 -20 9 -20 9 -18 9 -17 9 -16 9 -15 9 -15 8 -14 9 -14 9 -14 8 -13 8 -12 8 -12 7 -11 7 -10 5 -10 5 -10 5 -10 4 -10 4 -10 3 -9 2 -10 2 -10 1 -10 0 0 0 -10 0 -10 -1 -11 -1 -11 -1 -11 -1 -12 -2 -12 -2 -11 -2 -12 -2 -11 -3 -12 -2 -12 -2 -12 -3 -12 -2 -12 -3 -12 -2 -13 -3 -12 -2 -12 -3 -11 -2 -12 -2 -11 -2 -11 -3 -11 -2 -11 -3 -10 0 0 0 0 0 0 0 0 0 0 ],1687784613.110121
CSI_DATA,STA,08:3A:F2:A8:E0:C1,-39,11,1,5,1,1,1,1,0,0,0,-95,1,1,1,22378885,0,110,0,0,22.5675,384,[110 96 6 0 0 0 0 0 0 0 0 0 -5 -26 -4 -24 -4 -25 -3 -23 -2 -23 -1 -21 0 -21 0 -20 1 -20 1 -19 1 -18 1 -17 1 -16 0 -16 0 -15 0 -15 0 -14 0 -14 -1 -12 -2 -13 -2 -12 -2 -11 -3 -11 -4 -11 -4 -11 -4 -10 0 0 -5 -11 -6 -10 -7 -9 -7 -9 -8 -10 -8 -10 -8 -10 -8 -10 -9 -10 -9 -10 -9 -10 -9 -10 -10 -10 -9 -10 -9 -10 -9 -10 -9 -10 -9 -10 -9 -10 -9 -10 -8 -10 -8 -10 -8 -10 -9 -9 -8 -9 -8 -9 0 0 0 0 0 0 0 0 0 0 ],1687784613.117339
CSI_DATA,STA,08:3A:F2:A8:E0:C1,-39,11,1,5,1,1,1,1,0,0,0,-95,1,1,1,22390297,0,110,0,0,22.5791,384,[110 96 6 0 0 0 0 0 0 0 0 0 -25 -6 -23 -6 -24 -7 -22 -8 -22 -8 -19 -8 -19 -9 -18 -8 -17 -8 -17 -9 -16 -8 -15 -8 -15 -8 -14 -7 -13 -7 -14 -6 -12 -5 -12 -5 -12 -5 -12 -4 -11 -4 -11 -3 -11 -2 -11 -1 -11 -1 -11 0 0 0 -11 1 -11 1 -11 2 -12 3 -12 3 -12 3 -12 3 -12 3 -12 4 -13 4 -12 5 -12 4 -12 5 -12 5 -12 4 -12 5 -13 5 -12 4 -12 4 -12 4 -12 4 -12 4 -12 4 -11 5 -11 4 -10 4 0 0 0 0 0 0 0 0 0 0 ],1687784613.1287
CSI_DATA,STA,08:3A:F2:A8:E0:C1,-39,11,1,5,1,1,1,1,0,0,0,-95,1,1,1,22398685,0,110,0,0,22.5874,384,[110 96 6 0 0 0 0 0 0 0 0 0 -24 -9 -22 -10 -23 -10 -21 -11 -21 -11 -18 -11 -17 -11 -16 -11 -16 -12 -15 -11 -15 -10 -15 -10 -14 -10 -14 -9 -13 -9 -13 -8 -12 -7 -12 -6 -11 -6 -11 -6 -11 -5 -11 -5 -11 -4 -11 -2 -11 -2 -12 -1 0 0 -12 -1 -11 0 -11 0 -11 1 -12 1 -12 1 -13 2 -13 2 -13 3 -13 3 -13 3 -13 3 -13 4 -13 3 -13 3 -13 3 -13 3 -13 3 -12 3 -12 3 -13 3 -12 3 -12 3 -11 4 -11 3 -11 3 0 0 0 0 0 0 0 0 0 0 ],1687784613.137672
CSI_DATA,STA,08:3A:F2:A8:E0:C1,-38,11,1,4,1,1,1,1,0,0,0,-95,1,1,1,22410047,0,110,0,0,22.5988,384,[110 96 6 0 0 0 0 0 0 0 0 0 1 -24 1 -23 1 -22 2 -22 3 -21 4 -19 4 -18 4 -17 5 -17 4 -16 4 -16 4 -16 4 -14 3 -14 3 -13 3 -13 3 -12 3 -12 1 -12 1 -11 1 -11 0 -11 0 -10 -1 -10 -2 -11 -2 -10 0 0 -3 -10 -4 -10 -4 -10 -5 -10 -5 -11 -5 -11 -5 -11 -6 -11 -6 -11 -6 -10 -7 -11 -6 -11 -6 -11 -7 -11 -6 -11 -7 -11 -6 -12 -7 -10 -6 -10 -6 -10 -6 -11 -5 -10 -5 -10 -6 -9 -5 -10 -5 -9 0 0 0 0 0 0 0 0 0 0 ],1687784613.148705
CSI_DATA,STA,08:3A:F2:A8:E0:C1,-39,11,1,5,1,1,1,1,0,0,0,-95,1,1,1,22418774,0,110,0,0,22.6075,384,[110 96 6 0 0 0 0 0 0 0 0 0 23 8 22 8 22 9 21 10 20 9 18 9 16 10 16 10 15 10 15 9 14 9 14 9 13 9 13 8 12 8 12 7 11 6 10 5 11 5 11 5 10 4 10 3 10 3 10 1 10 1 10 0 0 0 10 -1 11 -1 11 -1 10 -2 11 -2 11 -2 12 -2 12 -3 12 -3 11 -4 12 -4 12 -4 12 -4 12 -4 12 -4 12 -4 12 -5 12 -4 11 -4 11 -4 12 -4 11 -3 11 -4 10 -4 10 -3 10 -4 0 0 0 0 0 0 0 0 0 0 ],1687784613.156775
CSI_DATA,STA,08:3A:F2:A8:E0:C1,-39,11,1,5,1,1,1,1,0,0,0,-95,1,1,1,22428736,0,110,0,0,22.6175,384,[110 96 6 0 0 0 0 0 0 0 0 0 -24 10 -23 8 -24 8 -22 6 -23 6 -21 5 -21 3 -19 3 -19 2 -19 2 -18 2 -17 2 -16 2 -16 2 -15 1 -15 2 -13 2 -13 2 -12 3 -12 2 -11 3 -11 3 -10 4 -10 5 -9 5 -9 6 0 0 -9 6 -8 7 -8 7 -8 8 -8 8 -8 9 -9 9 -8 9 -8 10 -8 10 -8 10 -8 10 -8 11 -8 10 -8 10 -7 10 -8 10 -7 10 -8 10 -7 9 -8 10 -8 9 -8 9 -7 9 -7 9 -7 9 0 0 0 0 0 0 0 0 0 0 ],1687784613.1671062
CSI_DATA,STA,08:3A:F2:A8:E0:C1,-39,11,1,5,1,1,1,1,0,0,0,-95,1,1,1,22439452,0,110,0,0,22.6283,384,[110 96 6 0 0 0 0 0 0 0 0 0 -26 1 -25 -1 -25 -1 -24 -2 -23 -2 -21 -3 -20 -4 -19 -4 -19 -5 -19 -4 -17 -4 -17 -4 -16 -4 -16 -4 -15 -3 -15 -3 -13 -3 -13 -2 -13 -2 -12 -1 -12 -1 -12 -1 -11 0 -11 1 -11 2 -11 3 0 0 -10 4 -11 4 -10 4 -10 5 -11 5 -11 5 -11 5 -11 6 -11 6 -11 6 -11 7 -11 7 -11 7 -11 7 -11 7 -11 7 -11 7 -11 7 -10 7 -10 6 -11 6 -11 6 -10 6 -10 6 -10 6 -9 6 0 0 0 0 0 0 0 0 0 0 ],1687784613.178165
CSI_DATA,STA,08:3A:F2:A8:E0:C1,-39,11,1,5,1,1,1,1,0,0,0,-95,1,1,1,22448974,0,110,0,0,22.6377,384,[110 96 6 0 0 0 0 0 0 0 0 0 -24 -9 -23 -9 -23 -9 -22 -10 -21 -10 -19 -10 -18 -10 -17 -10 -16 -11 -15 -10 -16 -9 -15 -9 -15 -9 -14 -9 -13 -8 -13 -7 -12 -7 -12 -6 -12 -6 -11 -5 -11 -5 -11 -5 -11 -3 -11 -2 -11 -2 -11 -1 0 0 -12 0 -12 0 -12 1 -11 2 -12 1 -12 2 -13 2 -13 2 -13 3 -13 3 -13 3 -13 3 -13 4 -13 4 -13 3 -13 3 -13 3 -12 3 -13 3 -12 3 -12 3 -13 3 -12 3 -12 4 -11 3 -11 3 0 0 0 0 0 0 0 0 0 0 ],1687784613.187479
CSI_DATA,STA,08:3A:F2:A8:E0:C1,-38,11,1,4,1,1,1,1,0,0,0,-95,1,1,1,22460166,0,110,0,0,22.6489,384,[110 96 6 0 0 0 0 0 0 0 0 0 -23 -6 -21 -7 -22 -7 -21 -8 -20 -8 -18 -8 -17 -9 -16 -8 -15 -9 -15 -8 -15 -8 -14 -8 -14 -7 -14 -7 -13 -7 -12 -6 -11 -6 -11 -5 -11 -5 -11 -4 -10 -4 -10 -4 -10 -3 -10 -2 -11 -2 -10 0 0 0 -10 0 -10 1 -11 1 -11 2 -11 2 -11 2 -12 2 -11 2 -11 3 -11 4 -11 4 -12 3 -12 4 -11 4 -12 3 -11 4 -12 4 -11 4 -11 4 -11 4 -11 3 -11 3 -11 3 -10 4 -10 3 -10 3 0 0 0 0 0 0 0 0 0 0 ],1687784613.197862
CSI_DATA,STA,08:3A:F2:A8:E0:C1,-39,11,1,5,1,1,1,1,0,0,0,-95,1,1,1,22468851,0,110,0,0,22.6576,384,[110 96 6 0 0 0 0 0 0 0 0 0 -12 -23 -11 -23 -11 -22 -10 -22 -8 -21 -7 -20 -6 -20 -6 -19 -5 -19 -5 -18 -5 -18 -4 -17 -4 -16 -4 -15 -4 -15 -4 -14 -4 -13 -4 -13 -5 -12 -5 -11 -6 -11 -6 -11 -6 -10 -7 -9 -7 -9 -7 -9 0 0 -8 -8 -9 -8 -9 -7 -10 -7 -10 -7 -11 -7 -11 -7 -11 -7 -12 -7 -11 -7 -12 -7 -12 -7 -12 -7 -12 -6 -12 -7 -12 -6 -12 -7 -12 -7 -11 -7 -12 -6 -11 -7 -11 -7 -11 -7 -11 -6 -10 -6 -11 -6 0 0 0 0 0 0 0 0 0 0 ],1687784613.207532
CSI_DATA,STA,08:3A:F2:A8:E0:C1,-39,11,1,5,1,1,1,1,0,0,0,-95,1,1,1,22478771,0,110,0,0,22.6675,384,[110 96 6 0 0 0 0 0 0 0 0 0 0 -26 1 -25 1 -24 2 -23 2 -22 3 -21 4 -20 5 -19 4 -19 4 -18 4 -18 4 -17 3 -16 3 -16 3 -15 2 -14 3 -13 2 -13 1 -13 1 -12 0 -12 0 -11 -1 -11 -2 -11 -2 -11 -2 -11 0 0 -3 -11 -4 -11 -5 -11 -6 -10 -6 -11 -6 -11 -6 -11 -7 -11 -7 -12 -7 -11 -8 -11 -7 -11 -8 -11 -7 -11 -8 -12 -8 -11 -8 -12 -7 -11 -7 -11 -7 -11 -7 -11 -7 -11 -7 -11 -7 -10 -7 -10 -7 -10 0 0 0 0 0 0 0 0 0 0 ],1687784613.2174761
CSI_DATA,STA,08:3A:F2:A8:E0:C1,-39,11,1,5,1,1,1,1,0,0,0,-95,1,1,1,22488787,0,110,0,0,22.6775,384,[110 96 6 0 0 0 0 0 0 0 0 0 -4 -23 -3 -23 -3 -22 -2 -21 -1 -20 0 -19 0 -19 1 -18 1 -18 1 -17 1 -17 1 -16 1 -15 0 -15 0 -14 0 -13 0 -12 0 -12 -1 -12 -1 -11 -2 -11 -2 -11 -2 -9 -4 -10 -3 -10 -4 -9 0 0 -5 -9 -5 -9 -6 -9 -7 -8 -7 -9 -7 -9 -7 -9 -8 -9 -8 -9 -8 -9 -9 -9 -8 -9 -8 -9 -9 -9 -9 -9 -9 -8 -9 -9 -9 -9 -9 -9 -8 -8 -8 -8 -8 -8 -8 -8 -8 -8 -7 -8 -7 -7 0 0 0 0 0 0 0 0 0 0 ],1687784613.226648
CSI_DATA,STA,08:3A:F2:A8:E0:C1,-39,11,1,5,1,1,1,1,0,0,0,-95,1,1,1,22500839,0,110,0,0,22.6896,384,[110 96 6 0 0 0 0 0 0 0 0 0 -11 -23 -10 -23 -10 -22 -9 -22 -8 -21 -7 -21 -5 -20 -5 -19 -5 -19 -5 -18 -4 -18 -4 -17 -4 -16 -4 -15 -4 -15 -4 -14 -4 -13 -4 -13 -5 -12 -5 -12 -5 -11 -6 -10 -5 -9 -6 -9 -7 -9 -7 -9 0 0 -8 -8 -8 -8 -9 -7 -9 -7 -10 -7 -10 -8 -10 -8 -11 -8 -11 -7 -11 -7 -12 -7 -12 -7 -12 -7 -11 -7 -12 -7 -12 -7 -12 -7 -12 -7 -11 -7 -12 -7 -11 -7 -11 -7 -10 -7 -11 -6 -10 -7 -10 -6 0 0 0 0 0 0 0 0 0 0 ],1687784613.2398348
CSI_DATA,STA,08:3A:F2:A8:E0:C1,-38,11,1,4,1,1,1,1,0,0,0,-95,1,1,1,22510113,0,110,0,0,22.6989,384,[110 96 6 0 0 0 0 0 0 0 0 0 -7 25 -7 23 -8 23 -9 22 -9 21 -9 19 -10 19 -10 17 -9 17 -10 16 -10 16 -9 15 -9 14 -8 13 -7 12 -7 13 -6 12 -6 12 -5 11 -4 11 -4 10 -3 10 -3 10 -2 10 -1 11 -1 11 0 0 0 11 1 11 2 11 3 11 2 11 3 12 3 12 3 11 3 12 4 11 5 12 4 12 4 12 4 11 4 12 5 12 5 13 5 11 4 11 5 10 4 11 4 11 4 11 4 10 3 11 3 9 0 0 0 0 0 0 0 0 0 0 ],1687784613.2485409
CSI_DATA,STA,08:3A:F2:A8:E0:C1,-38,11,1,4,1,1,1,1,0,0,0,-95,1,1,1,22521954,0,110,0,0,22.7107,384,[110 96 6 0 0 0 0 0 0 0 0 0 11 -24 11 -22 11 -22 12 -21 12 -20 11 -18 12 -18 11 -16 12 -16 12 -14 12 -15 11 -14 11 -13 10 -12 9 -11 9 -13 8 -11 7 -11 6 -11 6 -11 6 -10 5 -11 4 -10 4 -11 3 -11 2 -11 0 0 1 -12 0 -12 0 -12 -1 -12 0 -12 -1 -13 -1 -14 -1 -13 -1 -13 -2 -14 -2 -14 -1 -14 -2 -14 -2 -13 -2 -14 -2 -13 -2 -15 -3 -13 -2 -13 -3 -12 -2 -13 -1 -13 -1 -13 -2 -12 -1 -12 -2 -11 0 0 0 0 0 0 0 0 0 0 ],1687784613.260915
CSI_DATA,STA,08:3A:F2:A8:E0:C1,-39,11,1,5,1,1,1,1,0,0,0,-95,1,1,1,22530404,0,110,0,0,22.719,384,[110 96 6 0 0 0 0 0 0 0 0 0 19 -17 19 -16 18 -14 19 -14 18 -12 18 -11 17 -10 17 -9 17 -9 16 -9 15 -8 14 -8 14 -7 13 -8 13 -7 12 -7 11 -7 10 -7 9 -7 9 -7 8 -7 8 -8 7 -8 6 -8 6 -9 6 -9 0 0 5 -10 4 -10 4 -10 4 -11 4 -11 4 -12 4 -11 4 -12 3 -13 3 -12 2 -13 3 -13 3 -13 3 -13 3 -13 2 -13 3 -13 2 -13 3 -12 2 -12 3 -12 3 -12 2 -12 2 -12 2 -11 2 -11 0 0 0 0 0 0 0 0 0 0 ],1687784613.268378
CSI_DATA,STA,08:3A:F2:A8:E0:C1,-38,11,1,4,1,1,1,1,0,0,0,-95,1,1,1,22541413,0,110,0,0,22.7303,384,[110 96 6 0 0 0 0 0 0 0 0 0 -19 -13 -18 -14 -17 -13 -17 -15 -16 -14 -13 -14 -12 -14 -12 -13 -11 -14 -11 -12 -11 -12 -11 -12 -11 -12 -10 -11 -9 -11 -9 -10 -8 -9 -8 -8 -9 -8 -8 -8 -8 -7 -9 -7 -8 -6 -9 -5 -10 -5 -9 -4 0 0 -10 -3 -10 -3 -10 -3 -10 -2 -11 -2 -11 -2 -12 -3 -12 -2 -12 -2 -12 -1 -12 0 -12 -1 -12 -1 -12 -1 -12 -2 -12 -1 -12 -1 -12 -1 -12 -1 -11 -1 -11 -1 -12 -2 -11 -1 -11 -1 -11 -1 -10 -1 0 0 0 0 0 0 0 0 0 0 ],1687784613.280638
CSI_DATA,STA,08:3A:F2:A8:E0:C1,-39,11,1,5,1,1,1,1,0,0,0,-95,1,1,1,22550616,0,110,0,0,22.7393,384,[110 96 6 0 0 0 0 0 0 0 0 0 -6 24 -7 23 -6 22 -8 21 -8 20 -9 19 -9 18 -9 17 -9 17 -8 15 -8 15 -9 14 -8 14 -7 13 -7 13 -6 12 -6 11 -5 11 -4 11 -4 11 -3 10 -3 10 -2 10 -1 10 -1 10 -1 10 0 0 0 11 1 10 2 11 2 10 2 11 3 11 2 11 3 11 3 11 3 11 4 11 4 12 4 12 4 12 4 11 4 11 4 11 4 11 4 11 4 11 3 11 3 11 4 10 4 10 3 10 3 10 0 0 0 0 0 0 0 0 0 0 ],1687784613.2885828
CSI_DATA,STA,08:3A:F2:A8:E0:C1,-38,11,1,4,1,1,1,1,0,0,0,-95,1,1,1,22560305,0,110,0,0,22.7491,384,[110 96 6 0 0 0 0 0 0 0 0 0 12 22 11 21 11 21 9 21 9 21 7 19 6 19 5 18 5 18 4 18 4 18 4 17 4 16 4 15 3 14 5 14 4 12 3 12 5 10 5 10 5 10 5 9 5 9 7 8 7 8 7 7 0 0 8 7 9 7 9 6 10 6 10 6 10 6 11 6 11 6 11 6 11 6 11 5 11 6 12 5 11 5 12 5 11 4 12 5 12 4 11 5 11 4 11 5 11 5 11 5 11 4 10 5 10 4 0 0 0 0 0 0 0 0 0 0 ],1687784613.298037
CSI_DATA,STA,08:3A:F2:A8:E0:C1,-39,11,1,5,1,1,1,1,0,0,0,-95,1,1,1,22570075,0,110,0,0,22.7588,384,[110 96 6 0 0 0 0 0 0 0 0 0 10 -24 10 -23 10 -21 11 -21 11 -19 11 -18 11 -17 11 -16 11 -16 11 -15 11 -15 10 -14 9 -13 9 -13 9 -12 8 -12 8 -12 7 -11 5 -10 5 -11 5 -11 4 -11 3 -10 3 -11 2 -11 2 -11 0 0 1 -12 0 -12 -1 -12 -1 -11 -1 -12 -1 -13 -1 -13 -2 -13 -2 -13 -3 -13 -3 -13 -2 -13 -3 -13 -3 -14 -2 -13 -3 -13 -3 -13 -3 -13 -2 -13 -3 -12 -2 -13 -2 -13 -2 -13 -3 -12 -2 -12 -3 -11 0 0 0 0 0 0 0 0 0 0 ],1687784613.308413
CSI_DATA,STA,08:3A:F2:A8:E0:C1,-39,11,1,5,1,1,1,1,0,0,0,-95,1,1,1,22578678,0,110,0,0,22.7674,384,[110 96 6 0 0 0 0 0 0 0 0 0 -23 11 -22 10 -23 9 -22 8 -22 7 -20 5 -20 6 -19 4 -19 4 -19 3 -18 3 -17 3 -16 2 -16 2 -15 2 -15 4 -13 3 -12 3 -12 3 -11 4 -11 4 -11 4 -10 5 -10 5 -9 5 -9 6 0 0 -9 7 -8 8 -8 8 -7 9 -8 9 -7 9 -8 10 -8 10 -7 10 -7 10 -7 10 -8 10 -8 11 -7 11 -7 11 -7 11 -7 11 -7 10 -7 10 -7 10 -7 10 -7 10 -7 10 -6 9 -7 9 -6 9 0 0 0 0 0 0 0 0 0 0 ],1687784613.317259
CSI_DATA,STA,08:3A:F2:A8:E0:C1,-38,11,1,4,1,1,1,1,0,0,0,-95,1,1,1,22589968,0,110,0,0,22.7787,384,[110 96 6 0 0 0 0 0 0 0 0 0 -21 10 -21 8 -21 8 -21 7 -20 6 -19 5 -18 4 -17 3 -17 3 -16 3 -17 3 -16 3 -15 3 -14 3 -14 2 -13 3 -12 3 -11 3 -11 3 -11 3 -10 3 -10 4 -9 4 -9 5 -8 5 -8 6 0 0 -8 7 -7 7 -7 8 -6 8 -7 8 -7 9 -7 9 -7 9 -6 9 -6 9 -6 10 -6 10 -6 10 -6 10 -6 10 -6 10 -6 10 -5 10 -6 10 -5 9 -6 9 -6 9 -6 9 -5 9 -5 9 -5 9 0 0 0 0 0 0 0 0 0 0 ],1687784613.328253
CSI_DATA,STA,08:3A:F2:A8:E0:C1,-39,11,1,5,1,1,1,1,0,0,0,-95,1,1,1,22598726,0,110,0,0,22.7875,384,[110 96 6 0 0 0 0 0 0 0 0 0 18 -19 17 -17 18 -16 17 -15 17 -14 16 -12 17 -12 16 -11 16 -10 15 -10 15 -9 14 -9 14 -8 13 -8 12 -8 12 -9 10 -8 10 -8 9 -7 9 -8 8 -8 7 -8 7 -8 6 -9 6 -9 5 -10 0 0 4 -10 4 -11 3 -10 3 -11 3 -11 3 -12 3 -12 3 -12 2 -12 2 -13 2 -13 2 -13 2 -13 2 -13 2 -13 1 -13 2 -14 1 -12 2 -13 1 -12 2 -12 2 -12 2 -12 1 -12 2 -12 1 -11 0 0 0 0 0 0 0 0 0 0 ],1687784613.337777
CSI_DATA,STA,08:3A:F2:A8:E0:C1,-39,11,1,5,1,1,1,1,0,0,0,-95,1,1,1,22608734,0,110,0,0,22.7975,384,[110 96 6 0 0 0 0 0 0 0 0 0 -3 -26 -2 -25 -3 -24 -1 -24 -1 -23 0 -22 1 -21 2 -21 2 -20 2 -18 2 -18 2 -18 1 -16 1 -16 1 -15 0 -15 0 -13 0 -13 -1 -13 -1 -12 -1 -12 -2 -11 -2 -11 -4 -11 -4 -11 -4 -10 0 0 -5 -10 -6 -10 -7 -10 -7 -9 -8 -10 -8 -10 -8 -10 -8 -10 -9 -10 -9 -10 -9 -9 -9 -10 -10 -10 -9 -10 -10 -10 -10 -9 -10 -10 -10 -10 -9 -9 -9 -9 -9 -10 -9 -10 -8 -9 -9 -8 -8 -9 -8 -8 0 0 0 0 0 0 0 0 0 0 ],1687784613.347824
CSI_DATA,STA,08:3A:F2:A8:E0:C1,-39,11,1,5,1,1,1,1,0,0,0,-95,1,1,1,22620357,0,110,0,0,22.8091,384,[110 96 6 0 0 0 0 0 0 0 0 0 -9 -24 -8 -24 -8 -22 -7 -23 -6 -21 -5 -22 -4 -20 -3 -20 -3 -19 -3 -18 -3 -18 -2 -18 -3 -16 -3 -16 -3 -15 -3 -13 -3 -14 -3 -12 -4 -12 -4 -12 -5 -11 -5 -11 -5 -10 -6 -10 -6 -9 -7 -9 0 0 -8 -8 -8 -8 -9 -8 -9 -7 -10 -8 -10 -8 -10 -8 -11 -8 -11 -7 -11 -7 -12 -7 -12 -8 -12 -7 -11 -7 -11 -7 -12 -7 -11 -7 -12 -7 -11 -7 -11 -6 -11 -7 -11 -6 -10 -7 -11 -6 -10 -6 -10 -6 0 0 0 0 0 0 0 0 0 0 ],1687784613.358689
CSI_DATA,STA,08:3A:F2:A8:E0:C1,-39,11,1,5,1,1,1,1,0,0,0,-95,1,1,1,22628199,0,110,0,0,22.8169,384,[110 96 6 0 0 0 0 0 0 0 0 0 -25 6 -24 5 -24 4 -24 3 -23 2 -22 2 -20 0 -20 0 -20 0 -19 0 -19 0 -18 0 -17 0 -16 0 -15 0 -15 1 -14 0 -13 1 -13 1 -12 1 -11 1 -11 2 -11 3 -10 4 -10 4 -10 5 0 0 -10 6 -9 6 -9 7 -8 7 -9 8 -9 8 -9 8 -9 8 -9 9 -9 9 -8 10 -8 9 -9 10 -8 10 -8 10 -9 10 -8 10 -8 9 -8 9 -8 9 -8 9 -8 9 -8 9 -7 9 -7 8 -7 8 0 0 0 0 0 0 0 0 0 0 ],1687784613.366539
CSI_DATA,STA,08:3A:F2:A8:E0:C1,-39,11,1,5,1,1,1,1,0,0,0,-95,1,1,1,22638604,0,110,0,0,22.8274,384,[110 96 6 0 0 0 0 0 0 0 0 0 20 9 19 10 19 10 18 11 17 10 15 10 15 10 13 10 13 10 13 10 12 9 11 9 11 9 11 8 10 8 10 7 9 7 8 6 9 6 9 5 9 4 8 4 8 3 9 3 9 2 8 1 0 0 9 1 9 0 10 0 9 -1 10 -1 10 -1 11 -1 10 -1 11 -2 10 -2 11 -2 11 -2 11 -2 11 -2 11 -2 11 -2 11 -2 11 -2 11 -2 10 -2 11 -2 10 -1 10 -2 10 -2 10 -2 9 -2 0 0 0 0 0 0 0 0 0 0 ],1687784613.3764648
CSI_DATA,STA,08:3A:F2:A8:E0:C1,-38,11,1,4,1,1,1,1,0,0,0,-95,1,1,1,22650368,0,110,0,0,22.8393,384,[110 96 6 0 0 0 0 0 0 0 0 0 -12 23 -11 21 -12 22 -13 20 -13 19 -13 17 -13 16 -12 15 -13 15 -12 14 -12 14 -12 13 -11 12 -10 12 -10 11 -9 12 -8 10 -8 10 -7 9 -6 10 -6 9 -5 10 -5 9 -3 10 -3 10 -3 10 0 0 -2 11 -1 11 0 11 1 11 0 11 1 12 0 12 1 12 1 12 2 12 3 12 2 12 2 12 3 12 2 12 3 12 3 13 3 12 3 12 2 11 2 12 2 12 2 11 3 11 2 11 2 10 0 0 0 0 0 0 0 0 0 0 ],1687784613.3891578
CSI_DATA,STA,08:3A:F2:A8:E0:C1,-39,11,1,5,1,1,1,1,0,0,0,-95,1,1,1,22658853,0,110,0,0,22.8476,384,[110 96 6 0 0 0 0 0 0 0 0 0 -15 16 -16 16 -15 14 -16 14 -16 13 -15 12 -15 11 -14 10 -15 9 -13 9 -14 9 -13 8 -12 8 -12 8 -11 7 -11 8 -10 7 -9 7 -8 7 -8 7 -7 7 -6 7 -6 7 -5 8 -5 8 -5 8 0 0 -4 8 -3 9 -3 9 -2 9 -2 10 -2 10 -2 10 -2 10 -1 10 -1 10 -1 11 -1 11 -1 11 -1 11 -1 11 0 11 -1 11 -1 10 0 10 0 10 -1 11 -1 10 -1 10 0 10 0 10 0 9 0 0 0 0 0 0 0 0 0 0 ],1687784613.396554
CSI_DATA,STA,08:3A:F2:A8:E0:C1,-39,11,1,5,1,1,1,1,0,0,0,-95,1,1,1,22672340,0,110,0,0,22.8611,384,[110 96 6 0 0 0 0 0 0 0 0 0 -20 11 -20 11 -19 9 -20 9 -18 8 -19 7 -18 5 -17 5 -17 4 -15 5 -15 5 -15 5 -14 4 -14 4 -13 4 -13 4 -12 4 -11 4 -10 4 -10 4 -9 4 -9 4 -8 5 -7 6 -7 6 -7 7 0 0 -7 7 -6 7 -6 8 -5 8 -6 9 -5 9 -6 9 -5 9 -6 9 -4 10 -4 10 -4 10 -4 11 -5 11 -5 10 -4 11 -4 10 -4 10 -4 10 -5 9 -5 9 -5 9 -4 9 -3 9 -4 9 -3 9 0 0 0 0 0 0 0 0 0 0 ],1687784613.41034
CSI_DATA,STA,08:3A:F2:A8:E0:C1,-39,11,1,5,1,1,1,1,0,0,0,-95,1,1,1,22679254,0,110,0,0,22.8679,384,[110 96 6 0 0 0 0 0 0 0 0 0 -12 19 -12 18 -12 17 -13 17 -13 15 -13 15 -13 13 -13 12 -13 12 -12 11 -12 11 -12 11 -11 10 -10 9 -10 9 -9 9 -8 8 -8 8 -7 8 -7 8 -6 8 -6 8 -5 8 -4 8 -4 9 -4 9 0 0 -3 9 -2 9 -1 9 -1 9 -1 10 -1 10 -1 10 -1 10 -1 11 0 10 0 11 0 11 0 11 0 11 0 11 0 11 0 11 0 11 0 11 0 10 0 10 0 10 0 10 0 10 0 10 0 9 0 0 0 0 0 0 0 0 0 0 ],1687784613.41728
CSI_DATA,STA,08:3A:F2:A8:E0:C1,-39,11,1,5,1,1,1,1,0,0,0,-95,1,1,1,22688902,0,110,0,0,22.8776,384,[110 96 6 0 0 0 0 0 0 0 0 0 8 23 7 23 6 23 5 23 4 21 3 21 2 20 2 19 1 19 2 17 1 17 1 17 1 16 1 15 1 14 1 14 1 13 1 12 2 12 2 11 2 10 3 10 4 9 5 9 5 9 5 8 0 0 6 8 7 8 7 7 8 8 8 7 8 7 8 8 9 7 9 7 10 7 10 7 10 7 10 7 10 7 10 7 10 7 10 7 10 7 9 7 10 7 9 7 9 7 9 7 9 6 9 6 9 6 0 0 0 0 0 0 0 0 0 0 ],1687784613.426403
CSI_DATA,STA,08:3A:F2:A8:E0:C1,-38,11,1,4,1,1,1,1,0,0,0,-95,1,1,1,22699914,0,110,0,0,22.8886,384,[110 96 6 0 0 0 0 0 0 0 0 0 11 -21 10 -19 11 -19 12 -18 12 -17 11 -15 11 -15 11 -14 11 -13 11 -13 11 -13 11 -12 10 -11 9 -11 9 -10 8 -11 7 -10 7 -10 6 -9 5 -9 5 -9 4 -9 4 -9 3 -9 3 -10 2 -10 0 0 1 -10 0 -11 0 -10 -1 -11 0 -11 -1 -11 -1 -12 -1 -12 -1 -12 -2 -11 -2 -12 -1 -12 -2 -12 -2 -12 -2 -12 -3 -12 -2 -13 -3 -11 -2 -11 -3 -11 -2 -12 -2 -11 -2 -12 -3 -11 -2 -10 -2 -10 0 0 0 0 0 0 0 0 0 0 ],1687784613.43875
CSI_DATA,STA,08:3A:F2:A8:E0:C1,-39,11,1,5,1,1,1,1,0,0,0,-95,1,1,1,22708850,0,110,0,0,22.8976,384,[110 96 6 0 0 0 0 0 0 0 0 0 -25 -5 -24 -6 -23 -6 -23 -8 -22 -7 -20 -8 -19 -8 -18 -7 -18 -8 -17 -8 -17 -8 -16 -8 -16 -7 -15 -7 -14 -7 -14 -6 -13 -5 -12 -5 -12 -4 -12 -4 -11 -3 -11 -3 -11 -2 -11 -1 -11 -1 -11 0 0 0 -11 1 -11 2 -11 2 -11 3 -12 3 -12 3 -12 3 -12 4 -12 4 -12 5 -12 5 -13 5 -12 5 -12 5 -12 4 -12 5 -12 5 -12 5 -12 5 -11 5 -11 4 -12 4 -11 5 -11 5 -11 4 -10 4 0 0 0 0 0 0 0 0 0 0 ],1687784613.4473312
CSI_DATA,STA,08:3A:F2:A8:E0:C1,-38,11,1,4,1,1,1,1,0,0,0,-95,1,1,1,22719979,0,110,0,0,22.9087,384,[110 96 6 0 0 0 0 0 0 0 0 0 -24 -3 -22 -3 -23 -4 -22 -5 -21 -5 -18 -5 -18 -6 -17 -6 -17 -6 -16 -6 -16 -6 -15 -6 -15 -6 -14 -6 -13 -6 -14 -4 -12 -4 -12 -4 -11 -3 -11 -3 -10 -3 -11 -2 -10 -1 -10 -1 -11 0 -10 1 0 0 -10 2 -10 2 -10 3 -10 3 -10 3 -11 3 -11 4 -11 4 -11 4 -11 5 -11 5 -11 5 -11 5 -11 5 -11 5 -10 5 -12 5 -10 5 -10 5 -10 5 -10 4 -10 4 -10 4 -10 5 -10 4 -9 4 0 0 0 0 0 0 0 0 0 0 ],1687784613.457897
CSI_DATA,STA,08:3A:F2:A8:E0:C1,-39,11,1,5,1,1,1,1,0,0,0,-95,1,1,1,22730712,0,110,0,0,22.9195,384,[110 96 6 0 0 0 0 0 0 0 0 0 24 -5 23 -4 23 -4 22 -3 22 -2 20 -1 20 0 18 0 18 0 18 1 17 0 16 0 16 0 15 0 14 0 13 -1 12 -1 12 -2 11 -1 11 -2 11 -2 10 -3 10 -3 10 -4 9 -4 9 -5 0 0 8 -6 8 -7 8 -7 8 -8 8 -8 8 -8 8 -9 8 -9 8 -10 8 -10 8 -10 8 -10 8 -10 8 -10 8 -10 7 -11 8 -11 7 -10 7 -10 7 -10 7 -9 7 -10 7 -10 6 -10 6 -9 6 -9 0 0 0 0 0 0 0 0 0 0 ],1687784613.4685922
CSI_DATA,STA,08:3A:F2:A8:E0:C1,-39,11,1,5,1,1,1,1,0,0,0,-95,1,1,1,22738700,0,110,0,0,22.9275,384,[110 96 6 0 0 0 0 0 0 0 0 0 20 10 18 11 18 11 17 11 16 11 14 11 14 11 13 11 13 11 12 11 11 10 11 10 10 10 10 9 10 9 10 7 9 7 9 6 8 6 9 6 8 5 8 4 8 4 9 3 9 3 8 2 0 0 9 1 9 0 9 0 9 0 10 0 10 -1 10 -1 10 -1 11 -2 10 -2 11 -2 11 -2 11 -2 11 -2 11 -2 11 -2 11 -2 11 -2 11 -2 10 -2 11 -2 10 -2 10 -2 10 -2 10 -2 9 -2 0 0 0 0 0 0 0 0 0 0 ],1687784613.476602
CSI_DATA,STA,08:3A:F2:A8:E0:C1,-39,11,1,5,1,1,1,1,0,0,0,-95,1,1,1,22748923,0,110,0,0,22.9378,384,[110 96 6 0 0 0 0 0 0 0 0 0 6 24 5 23 4 22 3 23 2 22 2 21 1 20 0 19 0 19 0 18 0 18 0 17 0 15 0 15 0 14 0 14 0 13 0 12 1 11 1 11 1 10 2 10 2 10 4 9 4 9 4 9 0 0 5 9 6 8 6 8 7 8 7 8 8 9 7 9 8 8 8 8 8 8 9 8 9 8 9 8 9 9 9 8 9 8 9 8 9 8 9 8 8 7 8 8 8 8 8 8 8 7 8 7 8 7 0 0 0 0 0 0 0 0 0 0 ],1687784613.4863622
CSI_DATA,STA,08:3A:F2:A8:E0:C1,-38,11,1,4,1,1,1,1,0,0,0,-95,1,1,1,22762270,0,110,0,0,22.951,384,[110 96 6 0 0 0 0 0 0 0 0 0 5 -23 5 -22 5 -22 6 -21 6 -20 7 -18 7 -17 7 -16 7 -17 6 -15 7 -15 6 -15 5 -14 5 -14 5 -12 5 -13 5 -11 4 -11 3 -10 2 -11 2 -10 2 -10 1 -10 0 -10 0 -11 -1 -10 0 0 -2 -10 -3 -11 -3 -10 -4 -10 -3 -10 -4 -11 -4 -11 -4 -11 -4 -11 -5 -11 -5 -11 -5 -11 -5 -11 -5 -11 -5 -11 -5 -11 -5 -12 -5 -11 -5 -11 -5 -10 -5 -11 -5 -10 -5 -10 -5 -10 -4 -10 -5 -9 0 0 0 0 0 0 0 0 0 0 ],1687784613.5003939
CSI_DATA,STA,08:3A:F2:A8:E0:C1,-38,11,1,4,1,1,1,1,0,0,0,-95,1,1,1,22775065,0,110,0,0,22.9637,384,[110 96 6 0 0 0 0 0 0 0 0 0 14 -21 14 -20 15 -20 16 -19 15 -18 15 -16 15 -15 14 -13 15 -13 14 -12 14 -12 13 -12 13 -11 12 -11 11 -10 10 -11 10 -9 9 -9 8 -9 8 -9 7 -9 7 -9 6 -9 5 -10 5 -10 4 -11 0 0 4 -11 2 -11 2 -12 2 -12 2 -12 2 -13 2 -13 1 -13 1 -13 1 -13 0 -14 1 -13 1 -14 1 -13 1 -14 0 -13 1 -14 0 -13 1 -14 0 -13 2 -13 1 -13 1 -13 0 -13 1 -12 0 -12 0 0 0 0 0 0 0 0 0 0 ],1687784613.513182
CSI_DATA,STA,08:3A:F2:A8:E0:C1,-38,11,1,4,1,1,1,1,0,0,0,-95,1,1,1,22782745,0,110,0,0,22.9714,384,[110 96 6 0 0 0 0 0 0 0 0 0 10 -24 11 -23 11 -23 11 -22 11 -20 11 -18 12 -18 11 -16 11 -16 11 -15 11 -15 10 -14 10 -14 8 -13 8 -13 8 -13 7 -11 6 -12 5 -11 5 -11 5 -11 4 -11 3 -10 1 -11 2 -12 1 -11 0 0 0 -12 -1 -12 -2 -12 -2 -12 -2 -12 -3 -13 -3 -13 -3 -13 -4 -13 -4 -13 -4 -13 -4 -13 -4 -13 -4 -13 -4 -13 -5 -13 -5 -14 -5 -13 -5 -13 -5 -12 -4 -12 -5 -12 -4 -12 -5 -12 -4 -12 -5 -11 0 0 0 0 0 0 0 0 0 0 ],1687784613.5206568
CSI_DATA,STA,08:3A:F2:A8:E0:C1,-39,11,1,5,1,1,1,1,0,0,0,-95,1,1,1,22789528,0,110,0,0,22.9781,384,[110 96 6 0 0 0 0 0 0 0 0 0 20 -10 20 -9 19 -9 19 -7 19 -7 18 -6 17 -4 17 -4 16 -4 15 -3 16 -4 15 -4 14 -4 13 -3 12 -3 12 -4 11 -3 10 -4 10 -4 10 -4 9 -4 9 -4 8 -5 7 -6 7 -6 7 -7 0 0 7 -7 6 -8 6 -8 5 -9 5 -9 6 -9 6 -9 6 -10 5 -10 5 -10 5 -11 5 -11 4 -10 5 -11 4 -11 4 -11 5 -11 4 -11 5 -10 4 -10 5 -10 5 -10 5 -10 4 -10 4 -10 4 -9 0 0 0 0 0 0 0 0 0 0 ],1687784613.5278459
CSI_DATA,STA,08:3A:F2:A8:E0:C1,-39,11,1,5,1,1,1,1,0,0,0,-95,1,1,1,22798934,0,110,0,0,22.9877,384,[110 96 6 0 0 0 0 0 0 0 0 0 -26 3 -24 2 -25 2 -24 1 -23 0 -21 -1 -21 -1 -20 -2 -19 -2 -19 -2 -18 -2 -17 -2 -16 -3 -16 -2 -15 -2 -15 -1 -14 -1 -13 0 -13 0 -12 0 -12 0 -11 0 -11 2 -11 2 -11 3 -10 4 0 0 -10 5 -10 5 -9 5 -9 7 -10 6 -10 7 -10 7 -10 7 -10 8 -10 8 -10 8 -10 8 -10 9 -10 8 -9 9 -9 9 -10 9 -9 8 -9 8 -9 8 -9 8 -10 8 -9 7 -8 8 -9 7 -8 7 0 0 0 0 0 0 0 0 0 0 ],1687784613.536961
CSI_DATA,STA,08:3A:F2:A8:E0:C1,-39,11,1,5,1,1,1,1,0,0,0,-95,1,1,1,22810243,0,110,0,0,22.999,384,[110 96 6 0 0 0 0 0 0 0 0 0 8 23 7 23 6 22 5 22 4 21 3 21 3 20 2 19 2 18 2 17 1 18 0 17 1 15 1 15 1 14 1 13 1 13 1 12 2 11 3 11 3 10 3 9 4 9 5 9 5 9 5 8 0 0 6 8 7 8 7 7 8 7 8 7 8 7 9 7 9 7 9 7 9 7 10 7 10 7 10 7 10 7 10 7 10 6 10 7 10 6 10 7 10 6 9 6 9 6 9 6 9 6 9 6 8 6 0 0 0 0 0 0 0 0 0 0 ],1687784613.548525
CSI_DATA,STA,08:3A:F2:A8:E0:C1,-39,11,1,5,1,1,1,1,0,0,0,-95,1,1,1,22820824,0,110,0,0,23.0096,384,[110 96 6 0 0 0 0 0 0 0 0 0 21 12 20 12 21 12 19 12 19 12 16 11 15 12 14 12 14 12 13 12 12 11 12 11 12 10 12 10 11 9 11 9 9 8 9 7 9 6 9 6 9 5 9 5 9 4 9 3 10 3 9 2 0 0 10 1 11 1 10 0 11 0 11 0 11 -1 12 -1 12 -1 12 -1 12 -2 12 -2 12 -2 12 -1 12 -2 13 -2 12 -2 12 -2 12 -2 12 -2 11 -2 12 -1 12 -2 12 -2 11 -2 11 -1 10 -2 0 0 0 0 0 0 0 0 0 0 ],1687784613.5593011
CSI_DATA,STA,08:3A:F2:A8:E0:C1,-39,11,1,5,1,1,1,1,0,0,0,-95,1,1,1,22828257,0,110,0,0,23.017,384,[110 96 6 0 0 0 0 0 0 0 0 0 -16 -20 -15 -20 -16 -20 -13 -19 -13 -20 -10 -19 -11 -19 -9 -18 -9 -18 -9 -17 -8 -17 -7 -16 -7 -15 -7 -15 -7 -13 -8 -13 -6 -11 -7 -12 -7 -10 -7 -11 -7 -10 -7 -9 -7 -9 -8 -8 -8 -8 -9 -7 0 0 -9 -6 -10 -6 -10 -6 -11 -5 -11 -5 -12 -5 -12 -6 -12 -5 -12 -5 -13 -5 -13 -4 -13 -5 -13 -5 -12 -4 -13 -5 -12 -4 -13 -5 -12 -4 -12 -4 -12 -5 -12 -5 -12 -4 -12 -5 -12 -4 -11 -5 -11 -4 0 0 0 0 0 0 0 0 0 0 ],1687784613.567132
CSI_DATA,STA,08:3A:F2:A8:E0:C1,-39,11,1,5,1,1,1,1,0,0,0,-95,1,1,1,22840442,0,110,0,0,23.0294,384,[110 96 6 0 0 0 0 0 0 0 0 0 -10 -21 -8 -21 -9 -20 -7 -20 -7 -19 -5 -19 -4 -18 -4 -17 -4 -17 -4 -17 -3 -16 -3 -16 -4 -15 -4 -14 -3 -13 -3 -13 -3 -12 -3 -11 -4 -11 -4 -10 -4 -10 -5 -10 -5 -9 -6 -9 -6 -8 -7 -8 0 0 -7 -7 -7 -7 -8 -7 -8 -6 -9 -7 -9 -7 -9 -7 -9 -7 -10 -7 -10 -6 -11 -6 -10 -6 -10 -6 -10 -6 -10 -6 -10 -6 -10 -6 -10 -6 -10 -6 -10 -6 -10 -6 -10 -6 -10 -6 -10 -5 -9 -5 -9 -5 0 0 0 0 0 0 0 0 0 0 ],1687784613.578756
CSI_DATA,STA,08:3A:F2:A8:E0:C1,-39,11,1,5,1,1,1,1,0,0,0,-95,1,1,1,22849361,0,110,0,0,23.0382,384,[110 96 6 0 0 0 0 0 0 0 0 0 15 -17 14 -16 14 -16 15 -15 15 -14 14 -13 14 -12 13 -11 14 -11 13 -10 13 -9 13 -9 11 -9 11 -8 10 -8 10 -8 9 -7 9 -8 7 -7 7 -7 6 -8 6 -8 6 -8 4 -8 5 -8 4 -9 0 0 3 -9 3 -9 3 -10 2 -10 2 -10 2 -11 2 -11 1 -11 1 -11 1 -11 1 -12 1 -11 1 -12 1 -12 1 -12 1 -12 1 -12 0 -12 1 -12 1 -11 1 -11 1 -11 1 -11 0 -11 1 -11 0 -10 0 0 0 0 0 0 0 0 0 0 ],1687784613.5884511
CSI_DATA,STA,08:3A:F2:A8:E0:C1,-39,11,1,5,1,1,1,1,0,0,0,-95,1,1,1,22858910,0,110,0,0,23.0477,384,[110 96 6 0 0 0 0 0 0 0 0 0 9 -22 9 -21 8 -19 10 -19 9 -18 10 -17 10 -16 10 -15 10 -15 9 -14 9 -14 9 -13 8 -12 8 -12 7 -11 7 -11 6 -11 5 -10 5 -10 4 -10 4 -10 3 -10 3 -9 1 -10 2 -10 1 -10 0 0 0 -10 -1 -10 -1 -10 -2 -10 -2 -11 -2 -11 -2 -11 -3 -11 -3 -11 -3 -11 -4 -12 -3 -12 -3 -11 -4 -12 -3 -11 -4 -11 -4 -12 -4 -12 -3 -12 -4 -11 -3 -11 -3 -11 -3 -11 -4 -10 -3 -10 -3 -10 0 0 0 0 0 0 0 0 0 0 ],1687784613.5973141
CSI_DATA,STA,08:3A:F2:A8:E0:C1,-39,11,1,5,1,1,1,1,0,0,0,-95,1,1,1,22870339,0,110,0,0,23.0591,384,[110 96 6 0 0 0 0 0 0 0 0 0 22 2 21 3 21 3 20 3 19 4 18 5 17 5 16 5 16 5 15 5 14 5 14 6 14 5 13 5 12 4 12 3 11 3 10 3 10 2 10 2 9 2 9 1 9 0 9 0 9 0 9 -2 0 0 9 -2 9 -3 9 -3 9 -4 9 -4 9 -4 10 -5 9 -5 10 -5 9 -5 10 -5 10 -5 10 -5 10 -5 10 -6 9 -6 10 -6 10 -6 9 -5 9 -6 10 -5 9 -5 10 -5 9 -5 9 -4 8 -5 0 0 0 0 0 0 0 0 0 0 ],1687784613.607753
CSI_DATA,STA,08:3A:F2:A8:E0:C1,-39,11,1,5,1,1,1,1,0,0,0,-95,1,1,1,22878734,0,110,0,0,23.0675,384,[110 96 6 0 0 0 0 0 0 0 0 0 -23 5 -22 3 -22 4 -21 3 -21 2 -19 1 -19 0 -18 0 -18 0 -17 -1 -17 0 -16 -1 -15 -1 -15 0 -14 -1 -13 0 -12 0 -12 1 -11 1 -11 1 -11 1 -10 1 -10 2 -9 3 -9 3 -9 4 0 0 -8 5 -8 5 -8 6 -8 7 -8 7 -8 7 -8 7 -8 7 -8 8 -8 8 -7 8 -8 8 -7 9 -8 9 -8 8 -7 9 -8 9 -7 9 -7 8 -7 8 -7 8 -8 8 -7 8 -7 8 -7 7 -6 8 0 0 0 0 0 0 0 0 0 0 ],1687784613.6166
CSI_DATA,STA,08:3A:F2:A8:E0:C1,-39,11,1,5,1,1,1,1,0,0,0,-95,1,1,1,22889968,0,110,0,0,23.0787,384,[110 96 6 0 0 0 0 0 0 0 0 0 22 11 20 10 21 11 19 11 19 12 16 11 16 11 14 11 14 11 14 11 13 11 12 11 12 10 12 9 10 9 11 8 10 7 10 6 10 6 10 6 9 5 9 4 10 4 10 3 10 2 10 1 0 0 10 0 10 0 10 0 11 -1 11 -1 11 -1 12 -1 11 -2 12 -2 12 -2 12 -3 12 -2 12 -2 12 -3 12 -3 12 -3 13 -3 11 -3 12 -3 11 -3 12 -2 11 -2 11 -3 11 -3 11 -2 10 -2 0 0 0 0 0 0 0 0 0 0 ],1687784613.628265
CSI_DATA,STA,08:3A:F2:A8:E0:C1,-39,11,1,5,1,1,1,1,0,0,0,-95,1,1,1,22898776,0,110,0,0,23.0875,384,[110 96 6 0 0 0 0 0 0 0 0 0 11 -20 11 -20 11 -18 12 -18 12 -16 12 -16 11 -14 11 -14 12 -13 10 -12 11 -12 10 -12 10 -11 9 -11 9 -10 8 -10 7 -9 6 -9 6 -9 6 -9 5 -9 5 -9 4 -9 3 -9 3 -10 2 -10 0 0 1 -10 1 -10 0 -10 0 -10 0 -11 0 -11 0 -11 -1 -11 -1 -12 -2 -11 -2 -12 -2 -12 -2 -12 -2 -12 -2 -12 -2 -12 -2 -12 -2 -12 -2 -12 -2 -11 -2 -12 -2 -11 -2 -11 -2 -11 -2 -11 -2 -10 0 0 0 0 0 0 0 0 0 0 ],1687784613.6377542
CSI_DATA,STA,08:3A:F2:A8:E0:C1,-39,11,1,5,1,1,1,1,0,0,0,-95,1,1,1,22908838,0,110,0,0,23.0976,384,[110 96 6 0 0 0 0 0 0 0 0 0 -7 24 -7 23 -7 23 -8 22 -8 20 -9 19 -9 18 -9 17 -9 17 -9 16 -9 16 -9 15 -8 14 -7 14 -7 13 -6 12 -6 12 -5 11 -4 11 -4 11 -4 10 -3 10 -2 10 -1 10 -1 10 0 10 0 0 1 10 1 11 2 10 3 10 3 11 3 11 3 11 4 11 3 11 4 11 5 11 4 12 5 12 5 12 4 11 5 11 5 11 5 11 5 11 4 11 4 11 4 11 4 11 5 10 4 10 4 9 0 0 0 0 0 0 0 0 0 0 ],1687784613.6464581
CSI_DATA,STA,08:3A:F2:A8:E0:C1,-38,11,1,4,1,1,1,1,0,0,0,-95,1,1,1,22920218,0,110,0,0,23.109,384,[110 96 6 0 0 0 0 0 0 0 0 0 21 -9 20 -8 20 -8 21 -6 19 -5 18 -4 18 -4 17 -3 17 -3 15 -2 16 -2 15 -2 15 -2 14 -2 13 -2 13 -3 11 -2 11 -3 10 -3 10 -3 9 -3 9 -4 8 -4 8 -5 8 -5 7 -6 0 0 8 -7 7 -7 6 -8 6 -8 6 -8 6 -9 7 -9 6 -9 6 -10 6 -9 6 -10 6 -10 6 -10 6 -10 6 -10 5 -11 6 -11 5 -10 5 -10 5 -10 6 -9 6 -10 6 -9 5 -10 5 -9 5 -9 0 0 0 0 0 0 0 0 0 0 ],1687784613.658585
CSI_DATA,STA,08:3A:F2:A8:E0:C1,-39,11,1,5,1,1,1,1,0,0,0,-95,1,1,1,22930051,0,110,0,0,23.1188,384,[110 96 6 0 0 0 0 0 0 0 0 0 -22 -9 -20 -9 -20 -10 -19 -10 -18 -11 -16 -10 -16 -10 -14 -10 -14 -10 -14 -10 -13 -9 -13 -10 -12 -9 -12 -9 -11 -8 -11 -7 -10 -7 -10 -6 -10 -6 -10 -5 -10 -5 -10 -5 -10 -4 -10 -3 -10 -2 -10 -1 0 0 -10 -1 -11 0 -10 0 -10 1 -11 1 -11 1 -11 1 -11 1 -11 2 -12 2 -11 2 -12 2 -12 3 -11 3 -12 2 -11 3 -12 2 -11 2 -11 2 -11 2 -11 2 -11 2 -11 2 -10 3 -10 2 -10 2 0 0 0 0 0 0 0 0 0 0 ],1687784613.6687381
CSI_DATA,STA,08:3A:F2:A8:E0:C1,-38,11,1,4,1,1,1,1,0,0,0,-95,1,1,1,22940050,0,110,0,0,23.1288,384,[110 96 6 0 0 0 0 0 0 0 0 0 4 -23 5 -22 4 -21 6 -22 6 -19 6 -18 7 -18 7 -16 7 -17 6 -15 7 -15 6 -15 5 -14 5 -14 5 -13 4 -12 4 -12 4 -11 3 -11 2 -11 2 -10 1 -10 1 -10 0 -10 0 -11 -1 -10 0 0 -2 -11 -3 -10 -3 -10 -4 -10 -3 -11 -4 -11 -4 -11 -4 -11 -5 -11 -5 -10 -6 -11 -5 -11 -5 -11 -6 -11 -5 -11 -6 -11 -6 -11 -6 -11 -5 -11 -5 -10 -5 -11 -5 -11 -5 -10 -6 -10 -5 -10 -5 -9 0 0 0 0 0 0 0 0 0 0 ],1687784613.678595
CSI_DATA,STA,08:3A:F2:A8:E0:C1,-39,11,1,5,1,1,1,1,0,0,0,-95,1,1,1,22952052,0,110,0,0,23.1409,384,[110 96 6 0 0 0 0 0 0 0 0 0 -23 1 -23 0 -21 -1 -22 -2 -20 -2 -20 -3 -18 -3 -17 -3 -17 -4 -16 -3 -16 -3 -15 -3 -15 -3 -14 -3 -14 -3 -13 -2 -13 -2 -11 -1 -12 -1 -11 -1 -11 -1 -10 0 -10 1 -10 1 -10 2 -10 3 0 0 -9 4 -9 4 -9 5 -8 5 -9 5 -10 5 -9 6 -9 6 -9 6 -8 7 -9 7 -9 7 -9 7 -9 8 -9 7 -9 7 -9 7 -9 7 -9 7 -8 7 -9 7 -9 7 -8 7 -8 7 -8 6 -8 6 0 0 0 0 0 0 0 0 0 0 ],1687784613.6907232
CSI_DATA,STA,08:3A:F2:A8:E0:C1,-39,11,1,5,1,1,1,1,0,0,0,-95,1,1,1,22967223,0,110,0,0,23.1561,384,[110 96 6 0 0 0 0 0 0 0 0 0 -13 -22 -12 -23 -12 -22 -10 -22 -9 -21 -8 -21 -6 -20 -6 -19 -6 -19 -6 -18 -6 -17 -6 -17 -6 -16 -6 -15 -5 -15 -5 -14 -5 -13 -5 -12 -5 -11 -5 -11 -6 -11 -5 -10 -6 -9 -7 -9 -8 -9 -8 -8 0 0 -9 -8 -9 -7 -9 -7 -10 -6 -10 -7 -11 -7 -11 -7 -11 -7 -11 -7 -12 -6 -12 -6 -12 -6 -13 -6 -12 -6 -12 -6 -12 -6 -12 -6 -12 -6 -11 -6 -12 -6 -11 -6 -11 -6 -11 -6 -11 -5 -11 -5 -11 -5 0 0 0 0 0 0 0 0 0 0 ],1687784613.705506
CSI_DATA,STA,08:3A:F2:A8:E0:C1,-39,11,1,5,1,1,1,1,0,0,0,-95,1,1,1,22978807,0,110,0,0,23.1676,384,[110 96 6 0 0 0 0 0 0 0 0 0 -23 4 -22 3 -22 2 -21 1 -21 1 -19 0 -19 -1 -18 -1 -17 -1 -17 -2 -16 -1 -16 -2 -15 -2 -15 -2 -14 -2 -14 -1 -12 0 -12 0 -12 0 -11 0 -10 0 -10 1 -10 2 -10 2 -10 3 -9 3 0 0 -9 4 -9 5 -9 5 -8 6 -9 6 -9 6 -9 6 -9 6 -9 7 -9 7 -9 8 -9 7 -9 8 -9 8 -9 7 -9 7 -9 8 -9 7 -9 7 -9 7 -9 6 -9 7 -9 7 -8 7 -8 6 -8 6 0 0 0 0 0 0 0 0 0 0 ],1687784613.71681
CSI_DATA,STA,08:3A:F2:A8:E0:C1,-39,11,1,5,1,1,1,1,0,0,0,-95,1,1,1,22979752,0,110,0,0,23.1724,384,[110 96 6 0 0 0 0 0 0 0 0 0 -6 -26 -5 -24 -5 -24 -3 -23 -3 -23 -1 -21 -1 -21 0 -20 0 -20 0 -19 0 -19 0 -18 -1 -17 -1 -16 0 -15 -1 -15 -1 -13 -1 -14 -2 -12 -2 -12 -2 -11 -3 -11 -3 -11 -5 -10 -5 -10 -5 -10 0 0 -6 -10 -7 -9 -7 -9 -8 -9 -8 -9 -9 -9 -9 -10 -9 -9 -9 -9 -10 -9 -10 -9 -10 -9 -10 -9 -10 -9 -11 -9 -10 -8 -10 -9 -10 -9 -10 -9 -10 -9 -9 -9 -9 -9 -9 -8 -10 -8 -9 -8 -9 -8 0 0 0 0 0 0 0 0 0 0 ],1687784613.7216058
CSI_DATA,STA,08:3A:F2:A8:E0:C1,-39,11,1,5,1,1,1,1,0,0,0,-95,1,1,1,22990535,0,110,0,0,23.1792,384,[110 96 6 0 0 0 0 0 0 0 0 0 -15 -21 -14 -22 -13 -21 -12 -21 -11 -20 -9 -20 -8 -19 -8 -19 -7 -19 -7 -17 -6 -17 -6 -17 -6 -16 -6 -15 -6 -14 -6 -13 -6 -13 -6 -12 -6 -11 -6 -11 -7 -10 -7 -10 -7 -9 -7 -9 -8 -8 -8 -8 0 0 -9 -7 -9 -6 -10 -6 -10 -6 -11 -6 -11 -6 -12 -6 -12 -6 -12 -6 -12 -5 -12 -5 -12 -6 -13 -6 -12 -5 -12 -6 -13 -5 -12 -5 -12 -5 -12 -5 -12 -5 -12 -5 -12 -5 -11 -5 -11 -5 -11 -5 -11 -5 0 0 0 0 0 0 0 0 0 0 ],1687784613.7294421
CSI_DATA,STA,08:3A:F2:A8:E0:C1,-38,11,1,4,1,1,1,1,0,0,0,-95,1,1,1,22999783,0,110,0,0,23.1885,384,[110 96 6 0 0 0 0 0 0 0 0 0 -22 6 -22 5 -21 4 -23 3 -20 2 -19 2 -19 1 -18 0 -18 0 -16 0 -17 1 -16 1 -15 0 -15 1 -14 0 -14 1 -13 1 -12 1 -12 1 -11 1 -11 1 -10 2 -9 3 -9 3 -10 4 -9 5 0 0 -9 6 -8 6 -8 7 -7 7 -8 7 -8 7 -8 8 -8 8 -8 9 -7 8 -7 9 -7 9 -7 9 -8 10 -7 8 -7 10 -7 10 -7 9 -7 9 -6 8 -7 8 -7 9 -6 8 -6 8 -6 8 -6 8 0 0 0 0 0 0 0 0 0 0 ],1687784613.737422
CSI_DATA,STA,08:3A:F2:A8:E0:C1,-39,11,1,5,1,1,1,1,0,0,0,-95,1,1,1,23008784,0,110,0,0,23.1975,384,[110 96 6 0 0 0 0 0 0 0 0 0 22 -6 21 -5 21 -4 20 -3 20 -2 18 -2 18 -1 17 -1 17 0 16 -1 15 -1 15 -1 14 0 14 -1 13 0 12 -1 11 0 11 -2 10 -2 10 -2 10 -2 9 -3 9 -3 8 -4 9 -5 8 -5 0 0 8 -6 8 -6 7 -6 7 -7 7 -7 7 -8 7 -8 7 -8 7 -8 7 -9 7 -9 7 -9 7 -9 7 -10 7 -9 7 -9 7 -10 6 -9 7 -9 6 -9 7 -9 7 -8 6 -9 5 -9 6 -8 5 -8 0 0 0 0 0 0 0 0 0 0 ],1687784613.746637
CSI_DATA,STA,08:3A:F2:A8:E0:C1,-39,11,1,5,1,1,1,1,0,0,0,-95,1,1,1,23018639,0,110,0,0,23.2074,384,[110 96 6 0 0 0 0 0 0 0 0 0 15 20 13 20 13 19 12 20 11 19 10 19 8 18 7 18 7 17 6 16 6 16 6 16 5 15 6 14 5 14 6 12 5 12 5 11 6 11 6 10 5 9 6 9 6 8 7 8 7 7 8 6 0 0 8 6 9 6 10 5 9 5 10 5 10 5 11 5 11 5 11 5 11 4 11 4 12 5 12 5 12 4 12 4 11 4 12 4 12 4 11 4 11 4 11 5 10 4 11 4 10 3 10 4 10 4 0 0 0 0 0 0 0 0 0 0 ],1687784613.756783
CSI_DATA,STA,08:3A:F2:A8:E0:C1,-39,11,1,5,1,1,1,1,0,0,0,-95,1,1,1,23028773,0,110,0,0,23.2175,384,[110 96 6 0 0 0 0 0 0 0 0 0 -17 15 -17 14 -17 14 -17 12 -17 11 -17 10 -16 9 -16 8 -15 8 -15 8 -15 7 -14 7 -13 6 -13 6 -12 6 -11 7 -10 6 -10 6 -9 6 -9 6 -8 6 -8 6 -7 6 -7 7 -6 7 -6 8 0 0 -5 8 -4 8 -4 8 -4 9 -4 9 -4 10 -4 10 -3 10 -3 11 -3 11 -3 11 -3 11 -2 11 -3 11 -2 11 -2 11 -3 11 -2 11 -2 11 -2 10 -3 10 -3 10 -2 10 -2 10 -2 10 -2 9 0 0 0 0 0 0 0 0 0 0 ],1687784613.76684
CSI_DATA,STA,08:3A:F2:A8:E0:C1,-39,11,1,5,1,1,1,1,0,0,0,-95,1,1,1,23040160,0,110,0,0,23.2289,384,[110 96 6 0 0 0 0 0 0 0 0 0 -20 15 -20 13 -21 12 -21 11 -20 11 -19 9 -19 9 -18 7 -18 7 -17 7 -17 6 -16 6 -15 5 -15 6 -14 5 -13 6 -12 5 -12 5 -11 5 -10 5 -10 5 -9 6 -9 6 -8 6 -8 7 -7 8 0 0 -7 8 -6 9 -6 9 -6 10 -6 10 -5 10 -6 10 -5 11 -5 11 -5 11 -5 11 -5 11 -5 12 -5 11 -5 12 -4 11 -5 12 -4 11 -5 11 -4 11 -5 11 -5 11 -5 11 -4 10 -4 10 -4 10 0 0 0 0 0 0 0 0 0 0 ],1687784613.778358
CSI_DATA,STA,08:3A:F2:A8:E0:C1,-39,11,1,5,1,1,1,1,0,0,0,-95,1,1,1,23048758,0,110,0,0,23.2375,384,[110 96 6 0 0 0 0 0 0 0 0 0 13 -19 13 -18 13 -17 13 -16 13 -16 13 -14 13 -13 13 -12 12 -12 12 -11 12 -11 11 -11 10 -10 10 -10 9 -9 9 -9 8 -9 8 -9 6 -8 7 -9 6 -8 5 -8 5 -9 3 -9 4 -9 3 -9 0 0 2 -10 2 -10 1 -10 1 -11 1 -11 1 -11 1 -11 0 -11 0 -11 0 -12 -1 -12 -1 -12 -1 -12 -1 -12 -1 -12 -1 -12 -1 -12 -1 -12 -1 -11 -1 -11 0 -11 -1 -11 0 -11 -1 -11 -1 -11 -1 -10 0 0 0 0 0 0 0 0 0 0 ],1687784613.787325
CSI_DATA,STA,08:3A:F2:A8:E0:C1,-39,11,1,5,1,1,1,1,0,0,0,-95,1,1,1,23058927,0,110,0,0,23.2478,384,[110 96 6 0 0 0 0 0 0 0 0 0 -25 4 -24 2 -25 2 -24 1 -23 0 -21 0 -21 -1 -20 -1 -19 -2 -18 -2 -18 -2 -17 -2 -17 -2 -16 -2 -15 -2 -15 0 -14 -1 -13 0 -13 0 -12 0 -12 1 -11 1 -11 2 -11 3 -10 3 -10 4 0 0 -10 5 -9 6 -9 6 -9 7 -9 7 -10 8 -10 8 -9 8 -9 8 -9 9 -9 9 -9 9 -9 9 -9 9 -9 9 -9 9 -9 9 -8 9 -8 9 -8 9 -9 8 -9 8 -8 8 -8 8 -8 8 -7 8 0 0 0 0 0 0 0 0 0 0 ],1687784613.7982678
CSI_DATA,STA,08:3A:F2:A8:E0:C1,-39,11,1,5,1,1,1,1,0,0,0,-95,1,1,1,23068737,0,110,0,0,23.2575,384,[110 96 6 0 0 0 0 0 0 0 0 0 23 7 22 8 22 8 21 9 20 8 18 10 17 9 16 9 16 10 15 9 15 9 14 8 14 8 13 7 12 7 12 6 11 6 10 5 11 5 11 4 10 4 10 3 10 2 10 1 10 1 10 0 0 0 11 -1 10 -1 11 -2 10 -3 11 -2 11 -3 11 -3 11 -3 12 -4 11 -4 11 -4 12 -4 12 -4 12 -5 12 -4 12 -5 12 -5 12 -4 11 -4 11 -4 11 -4 11 -4 10 -4 10 -5 10 -4 9 -4 0 0 0 0 0 0 0 0 0 0 ],1687784613.806379
CSI_DATA,STA,08:3A:F2:A8:E0:C1,-38,11,1,4,1,1,1,1,0,0,0,-95,1,1,1,23084722,0,110,0,0,23.2735,384,[110 96 6 0 0 0 0 0 0 0 0 0 23 -12 22 -11 22 -11 22 -9 22 -8 20 -7 20 -6 18 -6 19 -5 18 -4 18 -4 17 -4 16 -3 16 -3 14 -3 14 -5 13 -4 12 -4 11 -4 11 -5 10 -4 10 -5 10 -5 9 -6 9 -6 8 -8 0 0 8 -8 7 -9 7 -9 7 -10 7 -10 7 -11 7 -11 7 -11 7 -12 6 -11 6 -12 7 -11 7 -12 7 -12 7 -12 6 -12 7 -13 6 -11 6 -12 6 -11 7 -11 6 -11 7 -11 6 -11 6 -10 6 -10 0 0 0 0 0 0 0 0 0 0 ],1687784613.822365
CSI_DATA,STA,08:3A:F2:A8:E0:C1,-39,11,1,5,1,1,1,1,0,0,0,-95,1,1,1,23091473,0,110,0,0,23.2801,384,[110 96 6 0 0 0 0 0 0 0 0 0 14 18 12 17 12 17 11 17 10 17 8 16 8 16 7 16 7 15 7 15 6 14 6 14 6 13 6 13 5 11 5 11 5 10 5 10 5 9 5 8 6 8 6 7 6 7 7 6 7 6 7 5 0 0 7 5 8 5 8 4 8 4 9 4 9 4 10 4 9 3 10 4 10 3 10 3 10 4 11 4 10 3 11 3 10 3 11 3 10 3 10 3 10 3 10 3 10 3 10 3 9 2 9 3 9 2 0 0 0 0 0 0 0 0 0 0 ],1687784613.828247
CSI_DATA,STA,08:3A:F2:A8:E0:C1,-38,11,1,4,1,1,1,1,0,0,0,-95,1,1,1,23101499,0,110,0,0,23.2903,384,[110 96 6 0 0 0 0 0 0 0 0 0 -11 20 -12 19 -11 18 -12 18 -12 16 -12 15 -12 13 -12 13 -12 13 -11 12 -12 12 -11 11 -10 11 -10 10 -10 9 -9 9 -9 9 -8 8 -7 8 -6 8 -6 8 -5 8 -5 8 -4 9 -3 9 -3 9 0 0 -3 9 -2 9 -1 10 -1 9 -1 10 -1 11 -1 11 0 10 0 11 0 10 1 11 1 11 1 12 1 11 0 11 1 11 1 11 1 11 1 11 1 10 0 11 0 10 0 10 1 10 1 10 1 9 0 0 0 0 0 0 0 0 0 0 ],1687784613.8392692
CSI_DATA,STA,08:3A:F2:A8:E0:C1,-39,11,1,5,1,1,1,1,0,0,0,-95,1,1,1,23108718,0,110,0,0,23.2973,384,[110 96 6 0 0 0 0 0 0 0 0 0 -23 -13 -21 -13 -22 -13 -20 -13 -20 -13 -16 -13 -16 -14 -15 -14 -14 -14 -14 -13 -13 -13 -13 -13 -13 -12 -12 -11 -11 -11 -12 -10 -10 -9 -10 -8 -10 -8 -10 -7 -10 -7 -10 -6 -10 -6 -10 -5 -11 -4 -11 -3 0 0 -11 -3 -12 -2 -11 -1 -12 -1 -12 -1 -12 -1 -13 -1 -13 -1 -13 0 -13 0 -13 1 -14 0 -14 0 -13 1 -14 0 -13 1 -14 1 -13 0 -13 0 -13 0 -13 0 -13 0 -13 0 -12 1 -12 0 -12 0 0 0 0 0 0 0 0 0 0 0 ],1687784613.846472
CSI_DATA,STA,08:3A:F2:A8:E0:C1,-38,11,1,4,1,1,1,1,0,0,0,-95,1,1,1,23120342,0,110,0,0,23.3091,384,[110 96 6 0 0 0 0 0 0 0 0 0 -24 0 -22 -1 -23 -1 -22 -2 -21 -3 -19 -3 -19 -4 -17 -4 -17 -4 -17 -5 -16 -4 -16 -4 -15 -5 -14 -4 -13 -4 -14 -3 -12 -2 -12 -3 -11 -2 -11 -2 -10 -2 -11 -1 -10 -1 -10 0 -10 1 -10 2 0 0 -10 3 -10 4 -9 4 -10 5 -10 4 -10 5 -11 5 -10 5 -10 6 -10 6 -10 7 -10 6 -10 6 -10 6 -10 6 -9 7 -11 7 -9 6 -9 6 -9 6 -10 6 -10 6 -10 6 -9 6 -9 5 -8 5 0 0 0 0 0 0 0 0 0 0 ],1687784613.858273
CSI_DATA,STA,08:3A:F2:A8:E0:C1,-39,11,1,5,1,1,1,1,0,0,0,-95,1,1,1,23128785,0,110,0,0,23.3175,384,[110 96 6 0 0 0 0 0 0 0 0 0 -24 9 -23 7 -24 7 -23 5 -23 5 -21 4 -21 3 -20 2 -19 2 -19 2 -18 2 -18 1 -17 1 -16 1 -15 1 -15 2 -14 2 -13 3 -12 2 -12 2 -11 3 -10 3 -10 4 -9 5 -9 5 -9 6 0 0 -9 7 -8 7 -8 8 -8 8 -8 8 -8 9 -8 9 -8 9 -8 9 -8 10 -8 10 -8 10 -8 11 -7 10 -8 10 -7 10 -7 11 -7 10 -7 10 -7 10 -7 10 -7 10 -7 9 -6 10 -6 9 -6 9 0 0 0 0 0 0 0 0 0 0 ],1687784613.866242
CSI_DATA,STA,08:3A:F2:A8:E0:C1,-39,11,1,5,1,1,1,1,0,0,0,-95,1,1,1,23138872,0,110,0,0,23.3276,384,[110 96 6 0 0 0 0 0 0 0 0 0 -26 -1 -25 -3 -25 -3 -24 -4 -23 -4 -21 -5 -20 -5 -19 -6 -19 -5 -18 -6 -18 -5 -17 -6 -16 -5 -16 -5 -15 -5 -15 -3 -13 -3 -13 -2 -13 -2 -12 -2 -12 -2 -11 -1 -11 0 -11 1 -11 2 -11 2 0 0 -11 3 -10 4 -10 4 -11 5 -11 5 -11 5 -11 5 -11 6 -11 7 -11 7 -11 7 -11 7 -11 7 -11 7 -11 7 -11 7 -11 7 -10 7 -10 7 -10 7 -11 7 -10 7 -10 7 -9 7 -9 6 -9 6 0 0 0 0 0 0 0 0 0 0 ],1687784613.876438
CSI_DATA,STA,08:3A:F2:A8:E0:C1,-38,11,1,4,1,1,1,1,0,0,0,-95,1,1,1,23153544,0,110,0,0,23.3433,384,[110 96 6 0 0 0 0 0 0 0 0 0 23 8 21 9 21 9 20 10 20 10 17 10 17 10 15 10 15 10 15 10 14 10 14 10 13 9 13 8 12 8 12 7 10 6 10 6 10 5 10 4 10 4 10 4 10 3 10 2 10 2 10 1 0 0 10 -1 10 -1 10 -2 11 -3 11 -2 11 -2 12 -2 11 -3 12 -3 11 -4 11 -4 12 -4 12 -4 12 -4 12 -4 11 -5 12 -4 12 -4 11 -4 10 -4 11 -4 11 -4 11 -4 10 -5 10 -3 9 -4 0 0 0 0 0 0 0 0 0 0 ],1687784613.892226
CSI_DATA,STA,08:3A:F2:A8:E0:C1,-39,11,1,5,1,1,1,1,0,0,0,-95,1,1,1,23161548,0,110,0,0,23.3502,384,[110 96 6 0 0 0 0 0 0 0 0 0 -20 -17 -19 -17 -18 -17 -17 -17 -16 -17 -14 -16 -13 -16 -12 -16 -12 -15 -11 -15 -11 -15 -10 -14 -10 -14 -10 -13 -9 -13 -9 -11 -8 -11 -9 -10 -9 -10 -9 -9 -9 -8 -9 -8 -9 -7 -9 -7 -10 -6 -10 -5 0 0 -10 -5 -11 -4 -11 -4 -11 -3 -12 -3 -12 -3 -13 -3 -12 -3 -13 -3 -13 -2 -13 -2 -13 -2 -14 -2 -13 -2 -13 -2 -13 -2 -13 -2 -13 -2 -13 -2 -13 -2 -12 -3 -13 -2 -12 -2 -12 -2 -12 -2 -11 -2 0 0 0 0 0 0 0 0 0 0 ],1687784613.899185
CSI_DATA,STA,08:3A:F2:A8:E0:C1,-39,11,1,5,1,1,1,1,0,0,0,-95,1,1,1,23168797,0,110,0,0,23.3574,384,[110 96 6 0 0 0 0 0 0 0 0 0 -23 -5 -22 -5 -21 -6 -21 -7 -20 -7 -18 -7 -17 -7 -16 -7 -16 -7 -15 -8 -15 -8 -14 -8 -14 -7 -13 -7 -13 -6 -13 -5 -11 -5 -11 -4 -11 -4 -11 -3 -11 -3 -10 -3 -10 -2 -10 -1 -10 -1 -10 0 0 0 -10 1 -10 1 -10 1 -10 2 -10 2 -10 3 -11 3 -11 3 -11 4 -11 4 -11 3 -11 3 -11 4 -11 4 -11 4 -11 4 -11 4 -11 4 -10 4 -11 4 -10 4 -11 4 -11 3 -10 4 -10 3 -10 3 0 0 0 0 0 0 0 0 0 0 ],1687784613.906305
CSI_DATA,STA,08:3A:F2:A8:E0:C1,-39,11,1,5,1,1,1,1,0,0,0,-95,1,1,1,23184708,0,110,0,0,23.3735,384,[110 96 6 0 0 0 0 0 0 0 0 0 25 -2 24 0 23 0 23 1 21 1 21 2 20 3 19 3 18 4 17 3 17 2 16 2 16 2 15 2 15 2 13 1 13 2 12 0 12 0 11 0 11 0 10 -1 10 -2 10 -3 10 -3 10 -4 0 0 10 -5 9 -5 9 -6 8 -7 9 -7 9 -7 10 -7 9 -8 10 -8 9 -9 9 -9 9 -9 9 -10 9 -9 9 -9 9 -9 9 -10 9 -9 9 -9 8 -9 9 -9 9 -8 8 -8 7 -9 7 -8 7 -8 0 0 0 0 0 0 0 0 0 0 ],1687784613.922032
CSI_DATA,STA,08:3A:F2:A8:E0:C1,-38,11,1,4,1,1,1,1,0,0,0,-95,1,1,1,23192588,0,110,0,0,23.3812,384,[110 96 6 0 0 0 0 0 0 0 0 0 0 -24 1 -22 1 -22 3 -22 3 -21 3 -19 4 -19 4 -17 4 -17 4 -17 4 -17 4 -16 3 -15 3 -14 3 -13 3 -13 3 -12 2 -12 1 -11 1 -11 1 -11 0 -11 0 -10 -2 -10 -2 -10 -2 -10 0 0 -3 -10 -4 -10 -5 -10 -5 -10 -5 -10 -5 -10 -6 -11 -6 -10 -6 -11 -7 -10 -7 -10 -7 -10 -7 -10 -7 -10 -7 -10 -7 -10 -7 -11 -7 -10 -7 -10 -7 -9 -6 -10 -6 -10 -6 -10 -7 -9 -6 -9 -6 -8 0 0 0 0 0 0 0 0 0 0 ],1687784613.9303622
CSI_DATA,STA,08:3A:F2:A8:E0:C1,-39,11,1,5,1,1,1,1,0,0,0,-95,1,1,1,23203659,0,110,0,0,23.3923,384,[110 96 6 0 0 0 0 0 0 0 0 0 -25 -1 -24 -1 -25 -2 -23 -3 -23 -3 -21 -4 -20 -4 -19 -4 -19 -4 -18 -5 -17 -4 -17 -4 -16 -4 -15 -4 -14 -4 -15 -3 -14 -2 -13 -2 -13 -2 -12 -1 -12 -1 -11 -1 -11 1 -11 1 -11 1 -11 3 0 0 -11 3 -10 4 -10 4 -10 5 -10 5 -10 6 -11 6 -10 6 -10 7 -11 7 -11 7 -11 7 -11 7 -10 7 -11 7 -10 7 -11 8 -10 7 -10 7 -9 7 -10 7 -10 7 -10 7 -9 7 -9 6 -9 6 0 0 0 0 0 0 0 0 0 0 ],1687784613.941483
CSI_DATA,STA,08:3A:F2:A8:E0:C1,-39,11,1,5,1,1,1,1,0,0,0,-95,1,1,1,23210515,0,110,0,0,23.3991,384,[110 96 6 0 0 0 0 0 0 0 0 0 12 -21 12 -18 12 -18 12 -17 13 -16 12 -15 12 -14 12 -13 12 -12 12 -12 11 -12 11 -11 10 -10 9 -10 9 -9 9 -10 7 -9 8 -9 6 -9 6 -9 5 -8 5 -9 5 -8 3 -9 3 -9 3 -9 0 0 2 -10 1 -10 1 -10 0 -11 0 -11 0 -11 0 -11 0 -11 0 -12 -1 -12 -1 -12 -1 -12 -1 -12 -1 -12 -1 -12 -2 -11 -1 -12 -1 -11 -1 -12 -1 -11 -1 -11 -1 -11 -1 -11 -2 -11 -1 -11 -2 -10 0 0 0 0 0 0 0 0 0 0 ],1687784613.9483368
CSI_DATA,STA,08:3A:F2:A8:E0:C1,-39,11,1,5,1,1,1,1,0,0,0,-95,1,1,1,23218832,0,110,0,0,23.4076,384,[110 96 6 0 0 0 0 0 0 0 0 0 13 -19 13 -18 13 -17 14 -16 14 -15 13 -14 14 -13 13 -12 13 -12 12 -11 12 -11 12 -10 11 -9 10 -9 10 -8 9 -9 9 -8 8 -8 7 -9 7 -8 6 -8 5 -8 5 -8 4 -9 4 -9 4 -9 0 0 3 -10 2 -10 2 -10 1 -10 1 -11 1 -11 1 -11 1 -11 1 -11 0 -12 0 -12 0 -12 0 -12 0 -12 0 -12 0 -12 0 -12 0 -12 0 -11 -1 -11 0 -12 0 -11 1 -11 0 -11 0 -11 0 -10 0 0 0 0 0 0 0 0 0 0 ],1687784613.9562922
CSI_DATA,STA,08:3A:F2:A8:E0:C1,-39,11,1,5,1,1,1,1,0,0,0,-95,1,1,1,23228820,0,110,0,0,23.4175,384,[110 96 6 0 0 0 0 0 0 0 0 0 20 -10 20 -10 19 -8 20 -8 18 -7 18 -6 17 -5 17 -5 16 -4 15 -4 15 -4 15 -4 14 -3 13 -3 13 -3 12 -4 12 -4 10 -4 9 -4 9 -4 9 -4 8 -5 8 -5 7 -6 7 -6 7 -7 0 0 7 -8 6 -8 6 -9 5 -8 5 -9 5 -9 5 -9 5 -10 5 -10 5 -10 5 -11 5 -10 5 -11 5 -11 5 -10 5 -11 5 -11 4 -11 4 -10 4 -10 4 -10 4 -10 4 -10 4 -10 4 -10 4 -9 0 0 0 0 0 0 0 0 0 0 ],1687784613.967179
CSI_DATA,STA,08:3A:F2:A8:E0:C1,-38,11,1,4,1,1,1,1,0,0,0,-95,1,1,1,23240186,0,110,0,0,23.4289,384,[110 96 6 0 0 0 0 0 0 0 0 0 -3 26 -3 24 -3 24 -4 24 -5 22 -6 21 -6 20 -7 18 -6 19 -6 17 -7 17 -6 16 -6 15 -5 15 -5 14 -5 14 -4 13 -4 12 -3 11 -3 11 -2 10 -1 11 -1 10 0 10 1 11 1 10 0 0 2 11 3 10 4 10 4 10 4 11 5 11 5 11 5 11 5 11 5 10 6 11 6 11 6 12 6 11 6 11 7 11 6 12 7 10 6 10 6 10 5 11 5 11 5 10 6 9 5 10 5 9 0 0 0 0 0 0 0 0 0 0 ],1687784613.978305
CSI_DATA,STA,08:3A:F2:A8:E0:C1,-39,11,1,5,1,1,1,1,0,0,0,-95,1,1,1,23248773,0,110,0,0,23.4375,384,[110 96 6 0 0 0 0 0 0 0 0 0 -22 13 -22 11 -22 11 -22 10 -21 9 -20 8 -19 8 -18 7 -18 6 -18 6 -17 5 -17 5 -16 4 -15 5 -14 4 -14 5 -13 5 -12 5 -11 5 -10 5 -10 5 -10 6 -9 6 -8 6 -8 7 -7 8 0 0 -7 9 -6 9 -6 9 -6 9 -5 10 -5 10 -5 11 -5 11 -4 11 -5 12 -4 12 -5 12 -5 12 -4 12 -4 12 -4 12 -4 12 -4 11 -3 12 -4 11 -4 11 -4 11 -4 11 -3 11 -3 11 -3 10 0 0 0 0 0 0 0 0 0 0 ],1687784613.9870322
CSI_DATA,STA,08:3A:F2:A8:E0:C1,-39,11,1,5,1,1,1,1,0,0,0,-95,1,1,1,23258708,0,110,0,0,23.4476,384,[110 96 6 0 0 0 0 0 0 0 0 0 24 -4 24 -3 23 -3 23 -2 21 -2 21 0 20 1 19 1 18 1 17 1 17 1 16 1 15 1 15 1 14 1 13 0 13 0 12 -1 12 -1 11 -1 11 -1 11 -1 10 -2 10 -3 10 -4 9 -5 0 0 9 -6 9 -6 9 -6 8 -7 9 -7 9 -7 9 -7 9 -8 9 -8 9 -9 8 -9 9 -9 9 -9 9 -9 9 -9 8 -10 9 -9 9 -9 9 -9 8 -8 9 -8 9 -8 8 -8 8 -9 8 -8 7 -8 0 0 0 0 0 0 0 0 0 0 ],1687784613.9967518
CSI_DATA,STA,08:3A:F2:A8:E0:C1,-39,11,1,5,1,1,1,1,0,0,0,-95,1,1,1,23268801,0,110,0,0,23.4575,384,[110 96 6 0 0 0 0 0 0 0 0 0 -5 25 -5 23 -5 23 -7 22 -7 21 -8 19 -8 19 -8 18 -8 17 -8 16 -7 16 -7 15 -6 14 -6 14 -6 13 -6 13 -6 12 -5 11 -4 11 -4 11 -3 10 -3 10 -2 10 0 10 0 10 0 10 0 0 1 10 2 11 2 10 3 10 3 10 3 11 3 11 4 11 4 11 5 11 5 11 5 11 5 11 5 11 4 11 5 11 5 11 5 11 5 11 5 11 4 11 4 11 4 11 5 10 4 10 4 9 0 0 0 0 0 0 0 0 0 0 ],1687784614.007102
CSI_DATA,STA,08:3A:F2:A8:E0:C1,-39,11,1,5,1,1,1,1,0,0,0,-95,1,1,1,23278683,0,110,0,0,23.4674,384,[110 96 6 0 0 0 0 0 0 0 0 0 23 11 20 11 21 11 19 12 19 12 16 12 16 12 14 12 14 12 13 12 13 11 12 11 12 10 12 10 11 9 11 8 10 7 10 7 10 7 10 6 9 6 9 5 9 4 10 3 10 3 10 2 0 0 10 1 11 1 10 0 11 -1 11 -1 12 -1 12 0 12 -1 12 -1 12 -2 12 -2 12 -2 13 -2 12 -2 13 -2 12 -3 13 -2 12 -2 12 -1 11 -2 12 -1 11 -1 12 -1 11 -2 11 -1 10 -2 0 0 0 0 0 0 0 0 0 0 ],1687784614.016974
CSI_DATA,STA,08:3A:F2:A8:E0:C1,-39,11,1,5,1,1,1,1,0,0,0,-95,1,1,1,23290230,0,110,0,0,23.479,384,[110 96 6 0 0 0 0 0 0 0 0 0 1 -25 2 -25 2 -24 3 -23 3 -22 4 -21 5 -20 5 -20 5 -19 5 -18 6 -17 5 -17 4 -16 4 -15 3 -14 3 -14 3 -13 3 -13 1 -12 1 -12 1 -11 0 -11 0 -11 -2 -11 -2 -11 -2 -11 0 0 -3 -11 -4 -11 -5 -11 -5 -11 -5 -11 -6 -12 -6 -11 -6 -12 -6 -11 -7 -11 -7 -11 -7 -12 -7 -11 -7 -11 -7 -12 -7 -11 -7 -12 -7 -11 -7 -11 -7 -11 -7 -11 -7 -11 -6 -11 -7 -10 -6 -10 -6 -10 0 0 0 0 0 0 0 0 0 0 ],1687784614.0291781
CSI_DATA,STA,08:3A:F2:A8:E0:C1,-39,11,1,5,1,1,1,1,0,0,0,-95,1,1,1,23298690,0,110,0,0,23.4874,384,[110 96 6 0 0 0 0 0 0 0 0 0 25 2 23 2 24 3 22 4 22 4 19 5 19 5 18 5 18 5 17 6 16 5 15 5 15 5 14 5 13 4 14 3 12 3 12 2 11 2 11 1 10 1 11 1 11 0 10 -1 10 -1 10 -2 0 0 10 -3 10 -4 9 -4 10 -5 10 -5 10 -5 11 -6 10 -6 11 -7 11 -7 10 -7 11 -7 11 -7 10 -7 11 -7 10 -7 11 -8 10 -7 10 -7 10 -7 10 -6 10 -6 10 -6 9 -7 10 -6 9 -6 0 0 0 0 0 0 0 0 0 0 ],1687784614.036535
CSI_DATA,STA,08:3A:F2:A8:E0:C1,-39,11,1,5,1,1,1,1,0,0,0,-95,1,1,1,23308778,0,110,0,0,23.4975,384,[110 96 6 0 0 0 0 0 0 0 0 0 11 22 10 22 10 21 8 21 7 20 6 20 5 20 4 19 4 19 4 17 4 17 4 17 4 15 4 15 3 14 3 13 3 12 3 11 4 10 4 11 4 10 5 9 5 8 6 8 6 8 6 7 0 0 7 7 8 6 8 6 9 6 9 6 9 6 10 6 10 6 10 6 10 5 11 5 11 5 11 6 11 5 11 5 11 5 12 5 11 5 11 5 11 5 10 5 10 6 10 5 10 4 10 5 9 4 0 0 0 0 0 0 0 0 0 0 ],1687784614.046978
CSI_DATA,STA,08:3A:F2:A8:E0:C1,-38,11,1,4,1,1,1,1,0,0,0,-95,1,1,1,23321764,0,110,0,0,23.5105,384,[110 96 6 0 0 0 0 0 0 0 0 0 14 17 12 16 13 17 11 17 11 17 8 15 8 16 7 15 7 15 7 15 6 14 6 14 6 13 6 12 5 11 6 12 5 10 5 10 5 9 5 9 5 8 6 8 6 7 7 7 7 6 7 5 0 0 8 5 9 4 8 4 9 4 9 4 9 4 10 4 10 4 10 4 10 3 11 2 10 3 11 3 10 3 11 3 10 2 11 3 10 2 10 3 10 2 10 3 9 3 10 3 10 2 9 3 9 2 0 0 0 0 0 0 0 0 0 0 ],1687784614.059387
CSI_DATA,STA,08:3A:F2:A8:E0:C1,-39,11,1,5,1,1,1,1,0,0,0,-95,1,1,1,23329048,0,110,0,0,23.5178,384,[110 96 6 0 0 0 0 0 0 0 0 0 -21 15 -20 13 -20 13 -20 12 -20 11 -19 10 -19 9 -18 8 -18 8 -17 7 -17 7 -16 6 -16 5 -15 5 -14 5 -13 6 -12 6 -12 6 -11 5 -10 6 -9 5 -9 6 -9 6 -8 7 -7 7 -7 8 0 0 -6 9 -6 9 -5 9 -5 10 -5 10 -5 11 -5 11 -5 11 -4 11 -5 12 -4 12 -5 12 -4 12 -4 12 -4 12 -3 11 -4 12 -3 11 -4 11 -3 11 -4 11 -4 11 -5 11 -4 11 -4 10 -3 10 0 0 0 0 0 0 0 0 0 0 ],1687784614.0674298
CSI_DATA,STA,08:3A:F2:A8:E0:C1,-39,11,1,5,1,1,1,1,0,0,0,-95,1,1,1,23338777,0,110,0,0,23.5275,384,[110 96 6 0 0 0 0 0 0 0 0 0 14 -22 15 -20 14 -19 15 -19 14 -17 14 -16 14 -15 14 -14 14 -14 13 -12 13 -13 12 -12 11 -11 11 -11 11 -11 10 -10 9 -10 8 -10 7 -10 7 -10 6 -9 6 -10 5 -10 4 -10 4 -10 3 -11 0 0 2 -11 1 -11 1 -12 0 -12 0 -12 0 -12 0 -12 -1 -13 -1 -13 -1 -13 -1 -13 -1 -13 -1 -13 -2 -14 -2 -13 -2 -13 -2 -13 -2 -14 -2 -13 -2 -13 -1 -13 -1 -13 -1 -12 -2 -12 -2 -12 -2 -11 0 0 0 0 0 0 0 0 0 0 ],1687784614.0776398
CSI_DATA,STA,08:3A:F2:A8:E0:C1,-38,11,1,4,1,1,1,1,0,0,0,-95,1,1,1,23351519,0,110,0,0,23.5403,384,[110 96 6 0 0 0 0 0 0 0 0 0 -26 0 -26 -1 -25 -1 -25 -3 -23 -3 -21 -4 -20 -5 -19 -5 -19 -5 -18 -5 -18 -4 -18 -4 -17 -4 -16 -4 -16 -4 -15 -3 -14 -3 -13 -3 -13 -2 -12 -2 -12 -2 -12 -1 -11 0 -11 1 -12 2 -12 3 0 0 -12 3 -11 4 -11 5 -11 5 -11 5 -12 5 -12 5 -12 5 -12 6 -11 6 -11 7 -11 7 -12 7 -12 8 -11 6 -12 7 -12 7 -11 7 -11 6 -10 6 -11 6 -11 6 -10 6 -10 7 -10 6 -10 6 0 0 0 0 0 0 0 0 0 0 ],1687784614.089904
CSI_DATA,STA,08:3A:F2:A8:E0:C1,-39,11,1,5,1,1,1,1,0,0,0,-95,1,1,1,23361906,0,110,0,0,23.5508,384,[110 96 6 0 0 0 0 0 0 0 0 0 -12 -20 -11 -19 -11 -19 -10 -19 -9 -18 -7 -18 -6 -18 -6 -17 -5 -16 -5 -16 -5 -15 -5 -15 -5 -14 -5 -14 -5 -13 -5 -12 -4 -11 -5 -11 -5 -11 -5 -10 -5 -10 -5 -9 -6 -8 -7 -8 -7 -8 -7 -7 0 0 -8 -6 -8 -6 -8 -6 -9 -5 -9 -6 -10 -6 -10 -6 -10 -6 -10 -5 -11 -5 -11 -5 -11 -5 -11 -5 -11 -5 -11 -5 -11 -5 -11 -5 -11 -5 -11 -5 -10 -5 -10 -5 -10 -5 -10 -5 -10 -4 -10 -5 -9 -4 0 0 0 0 0 0 0 0 0 0 ],1687784614.101721
CSI_DATA,STA,08:3A:F2:A8:E0:C1,-39,11,1,5,1,1,1,1,0,0,0,-95,1,1,1,23369488,0,110,0,0,23.5581,384,[110 96 6 0 0 0 0 0 0 0 0 0 -7 -28 -6 -28 -6 -26 -5 -27 -3 -24 -2 -25 -1 -23 -1 -22 0 -22 -1 -20 0 -20 0 -19 -1 -18 -1 -18 -1 -17 -1 -15 -1 -15 -1 -14 -2 -14 -3 -13 -3 -13 -3 -13 -4 -12 -5 -12 -5 -11 -6 -11 0 0 -7 -11 -7 -11 -8 -10 -8 -10 -9 -10 -9 -11 -9 -10 -10 -11 -10 -10 -10 -10 -11 -10 -11 -10 -11 -10 -11 -10 -10 -11 -11 -10 -11 -10 -11 -10 -11 -10 -11 -10 -10 -10 -10 -10 -9 -10 -10 -9 -9 -9 -10 -9 0 0 0 0 0 0 0 0 0 0 ],1687784614.107643
CSI_DATA,STA,08:3A:F2:A8:E0:C1,-39,11,1,5,1,1,1,1,0,0,0,-95,1,1,1,23380636,0,110,0,0,23.5694,384,[110 96 6 0 0 0 0 0 0 0 0 0 -24 -8 -23 -9 -23 -9 -22 -10 -21 -10 -19 -10 -18 -10 -17 -11 -17 -10 -16 -10 -15 -9 -15 -9 -15 -10 -14 -8 -14 -8 -13 -7 -12 -6 -12 -5 -12 -5 -12 -5 -11 -4 -11 -4 -11 -3 -11 -2 -11 -1 -11 0 0 0 -11 0 -11 1 -11 1 -11 2 -12 2 -12 3 -12 3 -12 3 -12 3 -13 4 -12 5 -13 4 -13 5 -12 5 -12 4 -12 5 -12 5 -12 5 -12 4 -11 4 -12 4 -12 4 -11 4 -11 5 -11 4 -10 4 0 0 0 0 0 0 0 0 0 0 ],1687784614.1191292
CSI_DATA,STA,08:3A:F2:A8:E0:C1,-38,11,1,4,1,1,1,1,0,0,0,-95,1,1,1,23390544,0,110,0,0,23.5793,384,[110 96 6 0 0 0 0 0 0 0 0 0 -7 25 -8 24 -7 22 -9 23 -9 20 -10 20 -10 18 -10 17 -10 17 -9 15 -9 16 -9 16 -8 14 -8 14 -8 13 -7 13 -6 12 -6 11 -5 11 -4 10 -4 10 -3 10 -3 9 -1 10 -1 11 0 11 0 0 1 11 2 10 2 11 3 10 3 11 3 11 3 12 3 12 4 12 4 11 5 12 5 12 5 12 5 12 5 11 5 12 5 12 5 11 5 11 4 10 4 11 4 11 4 10 5 10 4 10 5 10 0 0 0 0 0 0 0 0 0 0 ],1687784614.128396
CSI_DATA,STA,08:3A:F2:A8:E0:C1,-39,11,1,5,1,1,1,1,0,0,0,-95,1,1,1,23400278,0,110,0,0,23.589,384,[110 96 6 0 0 0 0 0 0 0 0 0 23 -8 23 -6 22 -6 23 -5 21 -4 20 -3 20 -3 19 -2 18 -2 17 -2 17 -2 17 -2 15 -2 15 -1 15 -1 14 -2 13 -2 12 -3 11 -3 11 -3 10 -3 10 -4 9 -5 9 -6 8 -6 8 -6 0 0 8 -7 7 -8 7 -8 7 -8 7 -9 7 -9 7 -10 7 -10 7 -11 6 -10 6 -11 7 -11 6 -11 7 -11 7 -11 6 -11 6 -11 6 -12 6 -11 6 -11 6 -11 6 -10 6 -10 5 -10 5 -10 5 -10 0 0 0 0 0 0 0 0 0 0 ],1687784614.1383529
CSI_DATA,STA,08:3A:F2:A8:E0:C1,-39,11,1,5,1,1,1,1,0,0,0,-95,1,1,1,23408935,0,110,0,0,23.5977,384,[110 96 6 0 0 0 0 0 0 0 0 0 16 15 15 15 15 15 14 15 13 15 11 15 10 14 10 14 9 13 9 13 8 12 8 13 8 12 8 11 7 11 7 10 7 9 6 8 7 8 7 7 7 7 7 6 7 6 7 5 8 5 8 4 0 0 8 3 9 3 9 3 9 2 10 2 10 2 10 2 10 2 11 2 10 1 11 1 11 2 11 1 11 1 11 1 11 1 11 1 11 1 10 1 10 1 10 1 10 1 10 1 10 0 10 1 9 1 0 0 0 0 0 0 0 0 0 0 ],1687784614.146466
CSI_DATA,STA,08:3A:F2:A8:E0:C1,-39,11,1,5,1,1,1,1,0,0,0,-95,1,1,1,23418789,0,110,0,0,23.6075,384,[110 96 6 0 0 0 0 0 0 0 0 0 19 15 18 15 18 15 16 16 16 15 14 16 13 15 12 15 11 14 11 14 10 13 10 14 10 12 10 12 9 11 9 10 8 9 8 9 9 8 8 7 8 7 8 6 9 6 9 5 9 5 9 3 0 0 10 3 10 2 10 2 11 1 11 2 11 1 12 1 12 1 12 1 12 0 12 0 12 1 12 0 12 0 12 0 12 0 13 0 12 0 12 0 12 0 12 1 11 0 11 0 11 0 11 0 10 0 0 0 0 0 0 0 0 0 0 0 ],1687784614.156339
CSI_DATA,STA,08:3A:F2:A8:E0:C1,-38,11,1,4,1,1,1,1,0,0,0,-95,1,1,1,23432547,0,110,0,0,23.6213,384,[110 96 6 0 0 0 0 0 0 0 0 0 25 3 24 4 23 4 24 6 21 6 20 6 19 6 17 6 17 7 16 6 17 6 16 6 15 6 15 5 14 6 13 4 12 4 11 3 12 3 11 3 10 3 11 2 10 1 10 -1 11 -1 11 -2 0 0 11 -3 10 -3 11 -4 10 -5 11 -4 11 -5 11 -5 11 -5 11 -6 10 -6 11 -7 11 -6 11 -7 12 -7 11 -6 12 -7 12 -7 11 -7 11 -6 10 -6 11 -6 11 -5 10 -6 10 -7 10 -6 9 -6 0 0 0 0 0 0 0 0 0 0 ],1687784614.1719291
CSI_DATA,STA,08:3A:F2:A8:E0:C1,-39,11,1,5,1,1,1,1,0,0,0,-95,1,1,1,23444364,0,110,0,0,23.633,384,[110 96 6 0 0 0 0 0 0 0 0 0 20 13 18 14 19 14 17 14 17 14 15 14 13 14 13 13 12 13 12 13 11 12 11 12 11 11 10 11 9 10 9 9 8 9 8 8 8 8 8 7 8 7 8 6 8 5 9 4 9 4 10 3 0 0 10 2 10 2 10 1 10 1 11 1 11 1 11 1 11 1 12 0 12 0 12 0 12 0 12 0 12 0 13 0 12 -1 13 0 12 0 12 0 11 0 11 1 11 0 11 0 11 0 11 0 10 0 0 0 0 0 0 0 0 0 0 0 ],1687784614.182708
CSI_DATA,STA,08:3A:F2:A8:E0:C1,-38,11,1,4,1,1,1,1,0,0,0,-95,1,1,1,23452367,0,110,0,0,23.641,384,[110 96 6 0 0 0 0 0 0 0 0 0 -24 -12 -22 -12 -22 -12 -22 -13 -20 -12 -17 -13 -16 -13 -15 -13 -15 -13 -15 -13 -14 -12 -14 -12 -14 -12 -13 -11 -12 -10 -12 -9 -11 -9 -10 -8 -11 -8 -11 -7 -10 -7 -11 -6 -10 -5 -11 -4 -12 -4 -11 -3 0 0 -12 -2 -12 -1 -12 -1 -12 0 -13 -1 -13 0 -14 0 -13 0 -14 0 -13 1 -13 1 -14 1 -14 1 -14 2 -14 1 -14 1 -14 1 -13 1 -13 1 -13 1 -13 0 -13 0 -13 1 -12 2 -12 0 -11 1 0 0 0 0 0 0 0 0 0 0 ],1687784614.1904168
CSI_DATA,STA,08:3A:F2:A8:E0:C1,-39,11,1,5,1,1,1,1,0,0,0,-95,1,1,1,23463957,0,110,0,0,23.6528,384,[110 96 6 0 0 0 0 0 0 0 0 0 8 -24 8 -23 8 -22 8 -22 9 -20 9 -19 9 -18 9 -17 9 -17 9 -16 9 -16 8 -15 8 -14 8 -13 7 -12 7 -13 6 -12 6 -12 4 -11 4 -11 3 -11 3 -11 2 -11 1 -11 1 -11 1 -11 0 0 -1 -11 -2 -11 -2 -11 -2 -11 -3 -12 -3 -12 -3 -12 -4 -12 -3 -13 -4 -12 -4 -12 -4 -13 -4 -13 -4 -13 -4 -13 -5 -12 -4 -13 -4 -13 -4 -12 -4 -12 -4 -12 -4 -12 -3 -12 -4 -11 -4 -11 -4 -10 0 0 0 0 0 0 0 0 0 0 ],1687784614.20211
CSI_DATA,STA,08:3A:F2:A8:E0:C1,-39,11,1,5,1,1,1,1,0,0,0,-95,1,1,1,23471152,0,110,0,0,23.6598,384,[110 96 6 0 0 0 0 0 0 0 0 0 19 15 18 15 17 15 17 16 15 15 14 15 13 15 12 14 11 14 11 14 10 13 10 13 10 12 10 12 9 12 9 10 8 9 8 8 8 8 8 8 8 7 8 7 8 5 9 5 9 5 9 3 0 0 9 3 10 2 10 2 10 1 11 2 11 1 12 2 12 1 12 1 12 0 12 0 12 1 12 0 13 0 12 1 12 0 12 0 12 0 12 0 12 0 12 0 12 0 11 0 11 0 11 0 10 -1 0 0 0 0 0 0 0 0 0 0 ],1687784614.2085109
CSI_DATA,STA,08:3A:F2:A8:E0:C1,-39,11,1,5,1,1,1,1,0,0,0,-95,1,1,1,23478945,0,110,0,0,23.6677,384,[110 96 6 0 0 0 0 0 0 0 0 0 -25 0 -25 -2 -24 -2 -25 -3 -22 -4 -21 -4 -20 -4 -19 -4 -19 -5 -18 -5 -18 -4 -17 -4 -16 -4 -16 -4 -15 -4 -15 -3 -14 -3 -13 -2 -13 -2 -12 -2 -12 -1 -12 0 -11 0 -11 1 -11 1 -11 2 0 0 -11 3 -11 3 -11 4 -10 5 -11 5 -11 5 -11 5 -11 6 -11 6 -11 7 -11 7 -12 7 -12 7 -11 7 -11 6 -11 7 -11 7 -11 7 -10 7 -10 6 -11 6 -11 6 -10 6 -10 6 -10 5 -9 6 0 0 0 0 0 0 0 0 0 0 ],1687784614.216633
CSI_DATA,STA,08:3A:F2:A8:E0:C1,-39,11,1,5,1,1,1,1,0,0,0,-95,1,1,1,23491648,0,110,0,0,23.6804,384,[110 96 6 0 0 0 0 0 0 0 0 0 15 16 14 17 13 16 12 17 11 16 10 16 9 15 8 15 7 14 7 13 7 13 7 13 7 13 7 12 6 11 6 11 6 10 5 8 6 9 6 8 6 8 6 7 6 6 7 6 7 5 8 5 0 0 8 4 8 4 9 3 9 2 9 3 10 3 10 3 10 2 10 2 10 2 11 2 11 2 11 2 11 2 10 2 11 2 11 1 11 1 11 2 10 1 10 2 10 2 10 1 10 1 9 1 9 1 0 0 0 0 0 0 0 0 0 0 ],1687784614.2295349
CSI_DATA,STA,08:3A:F2:A8:E0:C1,-38,11,1,4,1,1,1,1,0,0,0,-95,1,1,1,23500131,0,110,0,0,23.6889,384,[110 96 6 0 0 0 0 0 0 0 0 0 22 2 21 3 21 3 21 5 19 5 18 5 17 6 16 6 15 6 14 5 15 5 14 5 14 5 13 4 12 5 12 4 11 4 10 3 10 3 10 2 10 2 10 1 9 0 9 0 10 -1 9 -2 0 0 10 -3 9 -3 10 -4 9 -4 10 -4 10 -4 10 -4 10 -5 10 -5 9 -5 9 -7 10 -6 10 -6 10 -6 10 -5 10 -6 10 -7 10 -7 10 -6 9 -6 10 -5 9 -5 9 -5 8 -6 8 -5 8 -6 0 0 0 0 0 0 0 0 0 0 ],1687784614.2386298
CSI_DATA,STA,08:3A:F2:A8:E0:C1,-39,11,1,5,1,1,1,1,0,0,0,-95,1,1,1,23508844,0,110,0,0,23.6976,384,[110 96 6 0 0 0 0 0 0 0 0 0 24 2 24 4 23 3 23 5 21 4 20 6 19 6 18 6 17 6 16 6 16 5 16 6 15 5 15 4 14 5 13 4 12 4 11 2 12 2 11 2 11 2 11 1 10 0 10 -1 10 -2 10 -3 0 0 10 -3 10 -4 10 -4 10 -4 11 -5 11 -5 11 -5 10 -6 11 -6 10 -7 10 -7 11 -7 11 -7 11 -7 11 -7 11 -7 11 -7 11 -7 11 -7 10 -7 11 -6 10 -6 10 -6 9 -7 9 -6 9 -7 0 0 0 0 0 0 0 0 0 0 ],1687784614.24643
CSI_DATA,STA,08:3A:F2:A8:E0:C1,-39,11,1,5,1,1,1,1,0,0,0,-95,1,1,1,23518786,0,110,0,0,23.7075,384,[110 96 6 0 0 0 0 0 0 0 0 0 -11 -23 -10 -23 -10 -23 -9 -23 -8 -22 -6 -21 -5 -21 -4 -20 -4 -20 -4 -18 -4 -18 -4 -18 -4 -17 -4 -16 -4 -15 -4 -14 -3 -13 -4 -12 -5 -12 -4 -12 -5 -11 -5 -11 -5 -10 -7 -10 -7 -9 -7 -9 0 0 -8 -8 -8 -8 -9 -8 -9 -7 -10 -8 -10 -8 -10 -9 -11 -8 -11 -8 -11 -7 -12 -7 -12 -7 -12 -8 -12 -7 -11 -8 -12 -7 -12 -7 -12 -7 -11 -8 -11 -7 -11 -8 -11 -8 -10 -7 -11 -6 -10 -7 -10 -7 0 0 0 0 0 0 0 0 0 0 ],1687784614.257343
CSI_DATA,STA,08:3A:F2:A8:E0:C1,-39,11,1,5,1,1,1,1,0,0,0,-95,1,1,1,23530291,0,110,0,0,23.719,384,[110 96 6 0 0 0 0 0 0 0 0 0 22 4 21 5 20 4 19 6 19 6 17 6 16 7 15 7 15 7 14 6 14 6 14 6 13 6 13 5 11 5 11 4 10 4 10 3 10 3 10 3 9 3 9 2 9 1 9 0 9 0 9 -1 0 0 9 -1 10 -2 9 -2 9 -3 9 -3 10 -3 10 -3 10 -4 10 -4 10 -4 10 -5 10 -4 10 -5 10 -5 10 -5 10 -5 10 -5 10 -4 10 -4 10 -4 10 -4 10 -4 10 -4 9 -5 9 -4 8 -4 0 0 0 0 0 0 0 0 0 0 ],1687784614.268342
CSI_DATA,STA,08:3A:F2:A8:E0:C1,-39,11,1,5,1,1,1,1,0,0,0,-95,1,1,1,23540337,0,110,0,0,23.7291,384,[110 96 6 0 0 0 0 0 0 0 0 0 -8 -25 -6 -24 -6 -24 -5 -23 -4 -22 -3 -21 -2 -21 -1 -20 -1 -20 -2 -18 -1 -18 -1 -17 -2 -16 -2 -16 -1 -15 -2 -14 -1 -13 -2 -13 -3 -12 -3 -12 -3 -11 -4 -11 -4 -10 -5 -10 -5 -10 -6 -10 0 0 -6 -9 -7 -9 -8 -9 -8 -9 -9 -9 -9 -9 -9 -10 -10 -9 -10 -9 -10 -9 -11 -8 -10 -9 -10 -9 -10 -9 -10 -9 -11 -8 -11 -9 -10 -9 -10 -9 -10 -8 -9 -9 -10 -9 -9 -8 -10 -7 -9 -8 -9 -7 0 0 0 0 0 0 0 0 0 0 ],1687784614.27884
CSI_DATA,STA,08:3A:F2:A8:E0:C1,-39,11,1,5,1,1,1,1,0,0,0,-95,1,1,1,23549869,0,110,0,0,23.7386,384,[110 96 6 0 0 0 0 0 0 0 0 0 20 -10 19 -9 19 -9 19 -7 19 -7 17 -6 17 -5 16 -4 16 -4 16 -4 15 -3 15 -3 14 -3 13 -3 13 -3 12 -4 11 -4 10 -4 10 -4 10 -4 9 -4 9 -5 8 -5 7 -5 7 -6 7 -6 0 0 6 -7 6 -8 6 -8 6 -9 6 -9 6 -9 6 -10 5 -10 5 -10 5 -10 5 -10 6 -10 5 -10 5 -11 5 -11 4 -11 5 -11 4 -11 5 -10 4 -10 5 -10 4 -10 5 -10 4 -10 4 -9 4 -9 0 0 0 0 0 0 0 0 0 0 ],1687784614.287842
CSI_DATA,STA,08:3A:F2:A8:E0:C1,-39,11,1,5,1,1,1,1,0,0,0,-95,1,1,1,23559075,0,110,0,0,23.7479,384,[110 96 6 0 0 0 0 0 0 0 0 0 -21 -15 -20 -15 -19 -15 -19 -16 -17 -15 -16 -16 -14 -15 -13 -14 -13 -14 -12 -14 -12 -14 -12 -13 -12 -13 -11 -12 -10 -12 -10 -10 -10 -10 -9 -9 -10 -9 -10 -8 -9 -8 -9 -7 -10 -6 -10 -5 -11 -5 -11 -4 0 0 -11 -3 -11 -3 -12 -2 -12 -1 -12 -2 -13 -1 -13 -2 -13 -1 -13 -1 -13 -1 -14 0 -14 -1 -14 0 -14 0 -13 -1 -14 0 -13 0 -13 0 -13 0 -12 -1 -13 -1 -13 -1 -12 -1 -12 0 -12 0 -11 0 0 0 0 0 0 0 0 0 0 0 ],1687784614.297528
CSI_DATA,STA,08:3A:F2:A8:E0:C1,-39,11,1,5,1,1,1,1,0,0,0,-95,1,1,1,23570019,0,110,0,0,23.7589,384,[110 96 6 0 0 0 0 0 0 0 0 0 -9 21 -10 20 -10 19 -11 18 -11 17 -10 16 -11 15 -11 14 -11 14 -10 13 -10 13 -10 12 -9 11 -9 11 -8 10 -8 10 -7 9 -7 9 -5 9 -6 8 -5 9 -4 9 -4 8 -3 9 -2 9 -2 9 0 0 -1 9 0 10 0 10 0 10 1 10 1 10 1 11 1 10 1 10 1 10 2 11 2 11 2 11 2 11 2 11 2 11 2 11 2 10 1 10 2 10 2 10 1 10 1 10 2 9 1 10 2 9 0 0 0 0 0 0 0 0 0 0 ],1687784614.308616
CSI_DATA,STA,08:3A:F2:A8:E0:C1,-39,11,1,5,1,1,1,1,0,0,0,-95,1,1,1,23579848,0,110,0,0,23.7686,384,[110 96 6 0 0 0 0 0 0 0 0 0 -26 -3 -24 -4 -25 -4 -24 -5 -23 -5 -20 -6 -20 -6 -19 -6 -18 -6 -18 -7 -17 -6 -17 -6 -16 -6 -15 -5 -14 -5 -15 -4 -13 -4 -12 -3 -13 -3 -12 -2 -12 -2 -12 -1 -11 -1 -11 0 -11 0 -11 2 0 0 -11 2 -11 3 -11 3 -11 4 -11 4 -11 5 -12 5 -12 5 -12 6 -12 6 -12 6 -12 6 -12 6 -12 6 -12 6 -11 6 -12 6 -11 6 -11 6 -11 6 -11 6 -11 5 -11 6 -11 6 -10 5 -10 5 0 0 0 0 0 0 0 0 0 0 ],1687784614.3178408
CSI_DATA,STA,08:3A:F2:A8:E0:C1,-39,11,1,5,1,1,1,1,0,0,0,-95,1,1,1,23591811,0,110,0,0,23.7805,384,[110 96 6 0 0 0 0 0 0 0 0 0 -15 -21 -13 -22 -13 -20 -13 -21 -11 -20 -9 -20 -9 -19 -8 -18 -7 -19 -7 -17 -7 -17 -7 -17 -6 -16 -7 -15 -6 -14 -6 -13 -6 -13 -6 -12 -7 -11 -6 -11 -7 -10 -7 -10 -7 -8 -8 -8 -8 -8 -9 -7 0 0 -9 -7 -10 -6 -10 -6 -11 -5 -11 -6 -11 -6 -12 -6 -12 -5 -12 -5 -12 -5 -13 -4 -13 -5 -13 -5 -13 -5 -13 -5 -13 -5 -13 -5 -12 -4 -12 -5 -12 -5 -12 -5 -12 -5 -12 -4 -12 -4 -11 -4 -11 -4 0 0 0 0 0 0 0 0 0 0 ],1687784614.33156
CSI_DATA,STA,08:3A:F2:A8:E0:C1,-39,11,1,5,1,1,1,1,0,0,0,-95,1,1,1,23599841,0,110,0,0,23.7886,384,[110 96 6 0 0 0 0 0 0 0 0 0 22 -1 21 0 21 0 21 1 20 2 18 2 18 2 16 3 17 3 16 3 15 3 14 3 14 3 13 3 12 3 12 2 11 2 11 1 11 1 10 1 10 1 9 0 9 -1 9 -1 9 -2 9 -3 0 0 9 -3 8 -4 8 -4 9 -5 9 -5 9 -6 9 -6 9 -6 9 -7 9 -6 9 -7 9 -7 9 -7 9 -7 9 -7 9 -7 10 -7 9 -7 9 -6 8 -7 9 -6 9 -6 9 -6 8 -6 8 -6 7 -6 0 0 0 0 0 0 0 0 0 0 ],1687784614.337655
CSI_DATA,STA,08:3A:F2:A8:E0:C1,-39,11,1,5,1,1,1,1,0,0,0,-95,1,1,1,23609724,0,110,0,0,23.7984,384,[110 96 6 0 0 0 0 0 0 0 0 0 22 -1 22 0 21 1 20 2 20 2 19 2 18 3 16 3 16 3 15 3 15 3 15 3 14 3 13 3 12 3 12 2 11 2 11 1 10 1 10 1 10 1 9 0 9 -1 9 -2 9 -2 9 -3 0 0 9 -4 8 -4 9 -4 9 -5 8 -5 9 -5 9 -6 9 -6 9 -6 9 -7 9 -7 9 -7 9 -7 9 -7 9 -7 9 -7 9 -7 9 -7 9 -7 8 -6 8 -7 9 -6 8 -6 8 -7 8 -6 7 -6 0 0 0 0 0 0 0 0 0 0 ],1687784614.34798
CSI_DATA,STA,08:3A:F2:A8:E0:C1,-38,11,1,3,1,1,1,1,0,0,0,-95,1,1,1,23622664,0,110,0,0,23.8114,384,[110 96 6 0 0 0 0 0 0 0 0 0 -7 24 -8 23 -8 22 -9 22 -9 20 -10 19 -10 18 -10 17 -10 17 -9 15 -10 16 -9 15 -8 14 -8 14 -8 13 -8 12 -7 12 -6 11 -5 11 -5 10 -4 10 -4 10 -3 10 -2 10 -2 11 -1 10 0 0 0 11 1 11 2 11 2 11 2 11 2 12 2 12 3 12 3 12 4 11 4 12 4 12 4 12 4 12 3 12 4 12 4 12 4 11 3 12 4 11 3 12 3 11 3 11 4 10 3 11 4 10 0 0 0 0 0 0 0 0 0 0 ],1687784614.360975
CSI_DATA,STA,08:3A:F2:A8:E0:C1,-39,11,1,5,1,1,1,1,0,0,0,-95,1,1,1,23629668,0,110,0,0,23.8183,384,[110 96 6 0 0 0 0 0 0 0 0 0 11 22 10 22 10 21 8 21 7 20 6 20 5 19 4 19 4 18 4 17 4 17 3 17 3 15 4 15 3 14 3 13 3 12 3 12 4 11 4 11 4 10 4 9 5 9 6 8 6 8 6 8 0 0 7 7 8 7 8 6 8 6 9 6 9 7 10 7 10 6 10 6 10 6 11 6 10 7 11 6 11 6 11 6 10 6 11 6 10 6 10 6 10 6 10 6 9 6 10 6 10 5 9 6 9 5 0 0 0 0 0 0 0 0 0 0 ],1687784614.367945
CSI_DATA,STA,08:3A:F2:A8:E0:C1,-38,11,1,4,1,1,1,1,0,0,0,-95,1,1,1,23643010,0,110,0,0,23.8318,384,[110 96 6 0 0 0 0 0 0 0 0 0 -23 -4 -22 -5 -22 -5 -22 -6 -20 -6 -18 -6 -18 -7 -16 -6 -16 -7 -15 -7 -15 -7 -15 -6 -15 -6 -14 -6 -13 -6 -13 -5 -12 -4 -11 -4 -11 -3 -11 -3 -11 -3 -11 -2 -10 -2 -10 -1 -11 0 -10 1 0 0 -10 2 -10 2 -10 3 -10 4 -10 3 -10 4 -11 4 -11 4 -11 5 -10 5 -10 6 -11 5 -11 5 -11 6 -11 5 -11 5 -11 6 -10 5 -10 5 -10 5 -10 5 -10 5 -10 4 -9 5 -10 4 -9 5 0 0 0 0 0 0 0 0 0 0 ],1687784614.382765
CSI_DATA,STA,08:3A:F2:A8:E0:C1,-39,11,1,5,1,1,1,1,0,0,0,-95,1,1,1,23651403,0,110,0,0,23.84,384,[110 96 6 0 0 0 0 0 0 0 0 0 8 -24 9 -23 9 -22 9 -21 10 -20 10 -19 10 -17 10 -17 10 -17 10 -15 10 -15 9 -15 8 -14 8 -14 8 -12 7 -13 6 -12 5 -12 4 -11 4 -11 4 -11 3 -11 2 -11 1 -11 1 -11 0 -11 0 0 -1 -12 -2 -11 -2 -11 -2 -11 -3 -12 -3 -12 -3 -12 -3 -12 -4 -13 -4 -12 -5 -13 -4 -13 -5 -13 -4 -13 -5 -13 -5 -12 -4 -13 -5 -13 -4 -12 -5 -12 -4 -12 -4 -12 -4 -12 -5 -11 -4 -11 -4 -11 0 0 0 0 0 0 0 0 0 0 ],1687784614.38995
CSI_DATA,STA,08:3A:F2:A8:E0:C1,-39,11,1,5,1,1,1,1,0,0,0,-95,1,1,1,23661415,0,110,0,0,23.8503,384,[110 96 6 0 0 0 0 0 0 0 0 0 -15 -21 -13 -21 -14 -20 -12 -21 -12 -19 -9 -19 -9 -19 -8 -18 -7 -18 -8 -17 -7 -16 -7 -16 -7 -15 -7 -15 -7 -14 -6 -13 -6 -12 -6 -11 -7 -11 -7 -11 -7 -10 -7 -9 -7 -8 -8 -8 -8 -8 -9 -7 0 0 -9 -6 -10 -6 -10 -5 -11 -5 -11 -5 -12 -5 -12 -6 -12 -5 -12 -5 -12 -4 -13 -4 -13 -4 -13 -4 -13 -4 -12 -4 -13 -4 -13 -4 -13 -4 -12 -4 -12 -4 -12 -4 -12 -4 -12 -4 -12 -3 -11 -4 -11 -3 0 0 0 0 0 0 0 0 0 0 ],1687784614.39978
CSI_DATA,STA,08:3A:F2:A8:E0:C1,-39,11,1,5,1,1,1,1,0,0,0,-95,1,1,1,23684760,0,110,0,0,23.8737,384,[110 96 6 0 0 0 0 0 0 0 0 0 8 -24 8 -23 8 -23 10 -21 10 -20 10 -19 10 -18 10 -17 10 -17 9 -16 9 -16 9 -15 8 -14 8 -14 7 -13 7 -13 6 -12 6 -12 4 -11 4 -11 4 -11 3 -11 2 -10 1 -11 1 -11 0 -11 0 0 0 -12 -1 -12 -2 -12 -2 -12 -3 -12 -3 -12 -3 -13 -4 -13 -3 -13 -4 -12 -4 -13 -4 -13 -4 -13 -4 -13 -4 -13 -4 -13 -4 -13 -4 -13 -4 -13 -4 -12 -4 -12 -4 -12 -4 -12 -4 -12 -4 -12 -4 -11 0 0 0 0 0 0 0 0 0 0 ],1687784614.4244149
CSI_DATA,STA,08:3A:F2:A8:E0:C1,-39,11,1,5,1,1,1,1,0,0,0,-95,1,1,1,23685062,0,110,0,0,23.8786,384,[110 96 6 0 0 0 0 0 0 0 0 0 2 -26 3 -25 3 -24 5 -23 5 -22 5 -21 6 -19 6 -19 7 -19 6 -18 5 -17 5 -17 5 -15 5 -15 5 -14 5 -14 4 -13 3 -12 2 -12 2 -12 2 -11 1 -12 0 -11 -1 -11 -1 -11 -2 -11 0 0 -2 -11 -3 -11 -4 -11 -4 -11 -4 -11 -4 -12 -5 -12 -5 -12 -5 -12 -6 -12 -6 -12 -6 -12 -6 -12 -6 -12 -5 -13 -6 -12 -6 -13 -5 -12 -5 -12 -6 -12 -5 -12 -4 -12 -5 -12 -6 -11 -5 -11 -5 -10 0 0 0 0 0 0 0 0 0 0 ],1687784614.428848
CSI_DATA,STA,08:3A:F2:A8:E0:C1,-39,11,1,5,1,1,1,1,0,0,0,-95,1,1,1,23698362,0,110,0,0,23.8871,384,[110 96 6 0 0 0 0 0 0 0 0 0 21 -9 20 -8 20 -7 20 -6 19 -6 18 -5 17 -4 17 -3 16 -4 16 -3 15 -3 15 -2 14 -2 13 -2 13 -2 12 -3 11 -3 10 -3 10 -3 10 -4 9 -4 8 -4 8 -4 7 -5 8 -5 7 -6 0 0 7 -7 6 -8 6 -8 6 -9 6 -9 6 -9 6 -9 6 -9 5 -10 5 -10 6 -10 6 -10 6 -10 5 -10 5 -11 5 -11 5 -11 5 -10 5 -10 5 -10 5 -10 5 -10 5 -10 4 -10 5 -9 4 -9 0 0 0 0 0 0 0 0 0 0 ],1687784614.43682
CSI_DATA,STA,08:3A:F2:A8:E0:C1,-39,11,1,5,1,1,1,1,0,0,0,-95,1,1,1,23704284,0,110,0,0,23.8929,384,[110 96 6 0 0 0 0 0 0 0 0 0 11 23 10 22 9 22 8 21 7 21 5 20 5 19 4 19 4 18 3 17 3 17 2 17 3 16 3 15 3 14 3 14 3 12 3 11 4 11 4 11 4 10 4 9 4 9 5 9 6 8 6 7 0 0 7 7 8 7 8 7 8 6 9 7 9 7 9 7 10 6 11 6 10 6 10 6 10 7 11 7 11 6 11 7 11 6 11 6 10 5 11 6 10 6 10 6 10 6 10 6 10 5 9 6 9 5 0 0 0 0 0 0 0 0 0 0 ],1687784614.441688
CSI_DATA,STA,08:3A:F2:A8:E0:C1,-39,11,1,5,1,1,1,1,0,0,0,-95,1,1,1,23712164,0,110,0,0,23.9008,384,[110 96 6 0 0 0 0 0 0 0 0 0 12 21 10 21 10 21 9 21 9 20 6 19 5 19 5 18 4 18 5 17 4 16 4 16 4 15 4 14 4 14 4 13 3 12 3 11 4 11 4 10 4 10 5 9 5 8 6 8 6 8 7 7 0 0 7 7 8 7 9 6 9 5 10 6 10 6 10 6 10 6 10 6 10 5 11 5 11 5 11 5 11 5 11 5 11 5 11 5 11 5 10 5 10 5 11 5 10 5 10 5 10 4 10 5 9 4 0 0 0 0 0 0 0 0 0 0 ],1687784614.449402
CSI_DATA,STA,08:3A:F2:A8:E0:C1,-39,11,1,5,1,1,1,1,0,0,0,-95,1,1,1,23719939,0,110,0,0,23.9087,384,[110 96 6 0 0 0 0 0 0 0 0 0 6 -25 6 -24 7 -23 7 -23 8 -21 8 -20 8 -19 8 -18 8 -18 8 -16 8 -16 8 -16 7 -15 6 -15 6 -14 6 -13 5 -12 4 -12 3 -12 3 -11 3 -11 2 -11 2 -11 0 -11 0 -11 0 -11 0 0 -2 -11 -3 -11 -3 -11 -3 -11 -4 -12 -4 -12 -4 -12 -5 -12 -5 -13 -5 -12 -5 -12 -5 -13 -6 -12 -5 -12 -5 -12 -6 -12 -6 -13 -6 -12 -5 -12 -6 -12 -5 -12 -5 -12 -5 -11 -5 -11 -5 -11 -5 -10 0 0 0 0 0 0 0 0 0 0 ],1687784614.458318
CSI_DATA,STA,08:3A:F2:A8:E0:C1,-38,11,1,4,1,1,1,1,0,0,0,-95,1,1,1,23731423,0,110,0,0,23.9201,384,[110 96 6 0 0 0 0 0 0 0 0 0 -25 -9 -23 -10 -24 -10 -23 -11 -22 -10 -19 -11 -18 -11 -17 -11 -16 -11 -16 -11 -15 -11 -15 -11 -15 -10 -14 -10 -13 -9 -14 -8 -12 -7 -12 -7 -12 -6 -11 -6 -11 -5 -11 -5 -11 -4 -11 -3 -12 -2 -11 -1 0 0 -11 -1 -12 0 -12 1 -12 1 -12 1 -13 1 -13 1 -13 2 -13 2 -13 3 -13 4 -13 3 -14 3 -13 3 -14 3 -13 4 -14 3 -13 3 -13 3 -12 3 -13 2 -13 2 -13 3 -12 3 -12 2 -11 2 0 0 0 0 0 0 0 0 0 0 ],1687784614.469424
CSI_DATA,STA,08:3A:F2:A8:E0:C1,-39,11,1,5,1,1,1,1,0,0,0,-95,1,1,1,23739151,0,110,0,0,23.9279,384,[110 96 6 0 0 0 0 0 0 0 0 0 18 12 18 12 17 12 16 13 15 13 13 12 12 12 12 12 11 12 11 12 10 11 9 11 9 11 9 11 9 9 8 9 8 8 7 7 8 7 8 6 8 6 8 6 8 5 8 4 8 4 8 3 0 0 9 2 9 2 10 1 9 1 10 1 10 1 11 1 11 0 11 0 11 0 11 0 11 0 12 0 12 0 11 0 11 0 11 0 11 0 11 0 10 0 10 0 10 1 10 0 10 0 10 0 9 0 0 0 0 0 0 0 0 0 0 0 ],1687784614.476754
CSI_DATA,STA,08:3A:F2:A8:E0:C1,-39,11,1,5,1,1,1,1,0,0,0,-95,1,1,1,23749737,0,110,0,0,23.9385,384,[110 96 6 0 0 0 0 0 0 0 0 0 24 -9 23 -8 23 -7 22 -6 22 -5 20 -4 19 -3 19 -3 18 -3 18 -2 17 -2 16 -2 16 -2 15 -2 14 -2 14 -3 12 -2 12 -3 11 -3 11 -3 10 -3 10 -4 10 -5 9 -5 9 -6 8 -7 0 0 8 -7 8 -8 7 -8 7 -9 7 -9 7 -10 8 -10 7 -10 7 -11 7 -11 6 -11 7 -11 7 -11 7 -11 7 -12 7 -11 7 -11 6 -11 7 -11 6 -11 7 -10 7 -10 7 -10 6 -10 6 -10 6 -9 0 0 0 0 0 0 0 0 0 0 ],1687784614.487562
CSI_DATA,STA,08:3A:F2:A8:E0:C1,-38,11,1,4,1,1,1,1,0,0,0,-95,1,1,1,23760900,0,110,0,0,23.9496,384,[110 96 6 0 0 0 0 0 0 0 0 0 5 22 4 22 4 20 2 21 2 19 1 19 0 18 0 17 0 17 0 15 -1 16 -1 15 0 15 -1 14 -1 13 0 12 -1 12 0 10 1 10 1 10 1 10 2 9 2 8 3 9 4 9 4 8 0 0 5 8 5 8 6 8 6 7 7 8 7 8 7 8 7 7 8 7 7 6 8 7 8 7 8 8 8 8 8 8 9 8 9 7 8 7 8 7 8 6 8 7 8 7 8 7 8 6 7 7 7 6 0 0 0 0 0 0 0 0 0 0 ],1687784614.498719
CSI_DATA,STA,08:3A:F2:A8:E0:C1,-38,11,1,4,1,1,1,1,0,0,0,-95,1,1,1,23771620,0,110,0,0,23.9605,384,[110 96 6 0 0 0 0 0 0 0 0 0 -20 11 -20 10 -19 9 -20 8 -19 7 -18 6 -18 6 -17 5 -17 4 -16 3 -16 4 -16 3 -15 3 -14 3 -13 3 -13 4 -12 3 -11 3 -10 3 -10 3 -10 3 -9 4 -9 4 -8 5 -8 5 -8 6 0 0 -7 7 -7 7 -6 8 -6 8 -6 8 -6 9 -7 9 -6 9 -6 9 -5 9 -6 10 -6 10 -6 10 -6 10 -6 10 -5 10 -6 10 -5 10 -5 10 -5 9 -6 9 -6 9 -5 9 -5 9 -5 8 -5 8 0 0 0 0 0 0 0 0 0 0 ],1687784614.509641
CSI_DATA,STA,08:3A:F2:A8:E0:C1,-39,11,1,5,1,1,1,1,0,0,0,-95,1,1,1,23779281,0,110,0,0,23.968,384,[110 96 6 0 0 0 0 0 0 0 0 0 3 -26 4 -25 3 -24 4 -23 5 -22 6 -21 6 -19 7 -19 6 -18 6 -17 6 -17 6 -17 5 -15 5 -15 4 -14 4 -14 4 -13 3 -13 2 -12 2 -12 1 -12 1 -12 0 -11 -1 -11 -1 -11 -2 -11 0 0 -3 -11 -4 -11 -5 -11 -5 -11 -5 -11 -5 -11 -6 -12 -6 -12 -6 -12 -6 -12 -7 -12 -6 -12 -7 -12 -7 -12 -7 -12 -7 -12 -7 -12 -7 -11 -7 -11 -7 -11 -6 -12 -7 -11 -6 -11 -7 -10 -6 -11 -6 -10 0 0 0 0 0 0 0 0 0 0 ],1687784614.5180092
CSI_DATA,STA,08:3A:F2:A8:E0:C1,-39,11,1,5,1,1,1,1,0,0,0,-95,1,1,1,23789768,0,110,0,0,23.9785,384,[110 96 6 0 0 0 0 0 0 0 0 0 14 -22 13 -21 13 -20 14 -19 14 -17 14 -16 14 -15 13 -14 14 -14 12 -13 12 -13 12 -12 11 -12 11 -12 10 -11 9 -11 9 -10 8 -10 7 -10 7 -9 6 -9 6 -9 4 -10 3 -11 3 -10 3 -11 0 0 2 -11 1 -11 1 -11 0 -12 0 -12 0 -13 0 -13 0 -13 -1 -13 -1 -13 -2 -13 -1 -13 -2 -14 -2 -13 -1 -13 -2 -13 -2 -14 -2 -13 -1 -13 -2 -13 -1 -13 -1 -13 -1 -12 -2 -12 -1 -12 -2 -11 0 0 0 0 0 0 0 0 0 0 ],1687784614.5285702
CSI_DATA,STA,08:3A:F2:A8:E0:C1,-39,11,1,5,1,1,1,1,0,0,0,-95,1,1,1,23799725,0,110,0,0,23.9885,384,[110 96 6 0 0 0 0 0 0 0 0 0 12 21 10 21 10 21 9 21 8 20 6 19 6 19 5 18 5 18 5 17 4 16 4 16 4 15 4 15 4 14 4 13 4 12 4 11 4 11 5 10 4 10 5 9 5 8 7 8 6 8 7 7 0 0 7 7 8 6 8 6 9 5 9 6 10 6 10 6 10 6 11 6 11 5 11 5 11 5 11 5 11 5 11 5 11 5 12 5 11 4 11 5 10 4 10 5 10 5 10 5 10 4 10 5 9 4 0 0 0 0 0 0 0 0 0 0 ],1687784614.538191
CSI_DATA,STA,08:3A:F2:A8:E0:C1,-39,11,1,5,1,1,1,1,0,0,0,-95,1,1,1,23809843,0,110,0,0,23.9986,384,[110 96 6 0 0 0 0 0 0 0 0 0 23 8 23 8 22 8 21 9 20 9 18 9 17 10 16 9 16 10 15 9 14 9 14 9 14 8 13 8 13 8 12 6 11 6 11 5 11 5 11 4 10 4 10 3 10 2 10 1 10 1 10 0 0 0 11 -1 10 -1 11 -2 10 -3 11 -3 11 -3 12 -3 11 -3 12 -4 12 -4 12 -4 12 -4 12 -4 12 -4 12 -4 12 -5 12 -5 11 -5 11 -4 11 -4 11 -4 11 -4 11 -4 11 -5 11 -4 10 -4 0 0 0 0 0 0 0 0 0 0 ],1687784614.548702
CSI_DATA,STA,08:3A:F2:A8:E0:C1,-39,11,1,5,1,1,1,1,0,0,0,-95,1,1,1,23819811,0,110,0,0,24.0085,384,[110 96 6 0 0 0 0 0 0 0 0 0 -14 -19 -12 -19 -12 -19 -11 -18 -10 -19 -8 -17 -8 -17 -7 -17 -7 -17 -7 -16 -6 -15 -6 -15 -7 -14 -6 -14 -6 -13 -6 -13 -5 -11 -5 -11 -6 -10 -6 -10 -6 -9 -6 -9 -7 -8 -7 -7 -7 -7 -7 -7 0 0 -8 -6 -9 -6 -9 -5 -10 -5 -9 -5 -10 -5 -10 -5 -11 -5 -11 -5 -11 -4 -12 -4 -12 -4 -12 -4 -11 -4 -12 -5 -11 -4 -12 -4 -11 -4 -11 -4 -11 -4 -11 -5 -11 -4 -11 -4 -11 -3 -10 -4 -10 -4 0 0 0 0 0 0 0 0 0 0 ],1687784614.558947
CSI_DATA,STA,08:3A:F2:A8:E0:C1,-38,11,1,4,1,1,1,1,0,0,0,-95,1,1,1,23831225,0,110,0,0,24.02,384,[110 96 6 0 0 0 0 0 0 0 0 0 -23 4 -23 3 -22 2 -22 1 -20 1 -19 0 -19 0 -18 -1 -18 -1 -16 -1 -17 -1 -16 -1 -15 -1 -15 -1 -14 -1 -14 0 -13 0 -11 0 -11 0 -11 1 -11 1 -11 1 -10 2 -9 3 -10 3 -9 4 0 0 -9 5 -9 5 -8 6 -8 7 -8 6 -9 7 -9 7 -8 7 -8 8 -8 8 -8 8 -8 8 -8 9 -8 9 -8 8 -8 9 -8 9 -7 9 -7 9 -7 8 -8 8 -8 8 -7 8 -7 8 -7 7 -6 7 0 0 0 0 0 0 0 0 0 0 ],1687784614.5703292
CSI_DATA,STA,08:3A:F2:A8:E0:C1,-39,11,1,5,1,1,1,1,0,0,0,-95,1,1,1,23839806,0,110,0,0,24.0285,384,[110 96 6 0 0 0 0 0 0 0 0 0 -25 -6 -24 -7 -24 -7 -23 -8 -22 -9 -20 -9 -19 -9 -18 -9 -17 -9 -17 -9 -16 -9 -16 -9 -15 -8 -15 -8 -14 -7 -14 -6 -12 -6 -12 -5 -12 -5 -12 -4 -12 -4 -11 -3 -11 -3 -11 -2 -11 -1 -11 0 0 0 -11 1 -11 1 -11 2 -11 2 -12 2 -12 3 -12 3 -12 3 -12 3 -12 4 -12 4 -13 4 -13 4 -13 4 -13 4 -13 4 -13 4 -12 4 -12 4 -12 4 -12 3 -12 4 -12 3 -11 4 -11 3 -11 3 0 0 0 0 0 0 0 0 0 0 ],1687784614.579606
CSI_DATA,STA,08:3A:F2:A8:E0:C1,-39,11,1,5,1,1,1,1,0,0,0,-95,1,1,1,23849742,0,110,0,0,24.0385,384,[110 96 6 0 0 0 0 0 0 0 0 0 17 15 15 15 15 15 14 15 13 15 11 14 10 14 9 14 9 14 9 13 9 12 9 12 9 12 8 11 7 11 7 10 6 9 6 8 7 8 7 7 7 7 6 7 7 5 7 5 8 5 8 4 0 0 8 3 9 3 9 3 9 2 10 2 10 2 10 2 10 2 11 2 10 1 11 1 11 1 11 1 11 1 11 1 11 1 11 1 11 1 11 2 10 1 10 2 10 2 10 1 10 0 10 1 9 1 0 0 0 0 0 0 0 0 0 0 ],1687784614.587807
CSI_DATA,STA,08:3A:F2:A8:E0:C1,-39,11,1,5,1,1,1,1,0,0,0,-95,1,1,1,23859743,0,110,0,0,24.0485,384,[110 96 6 0 0 0 0 0 0 0 0 0 -16 -17 -15 -18 -14 -17 -13 -17 -12 -16 -11 -16 -10 -16 -9 -16 -9 -15 -8 -14 -7 -15 -8 -14 -8 -14 -7 -13 -7 -13 -7 -11 -6 -11 -7 -10 -7 -10 -7 -9 -7 -8 -8 -8 -7 -7 -8 -7 -8 -6 -8 -6 0 0 -9 -5 -9 -4 -10 -4 -10 -4 -10 -4 -11 -4 -11 -4 -11 -3 -12 -3 -11 -3 -12 -3 -12 -3 -12 -3 -12 -3 -12 -3 -12 -3 -12 -3 -12 -3 -11 -3 -12 -3 -11 -3 -12 -3 -11 -3 -11 -2 -10 -3 -10 -2 0 0 0 0 0 0 0 0 0 0 ],1687784614.59858
CSI_DATA,STA,08:3A:F2:A8:E0:C1,-39,11,1,5,1,1,1,1,0,0,0,-95,1,1,1,23870773,0,110,0,0,24.0602,384,[110 96 6 0 0 0 0 0 0 0 0 0 24 -2 23 -1 23 -1 22 0 22 0 20 2 19 2 18 2 17 2 17 2 16 2 16 2 15 2 15 2 14 2 13 1 12 1 12 0 11 0 11 -1 10 -1 10 -2 10 -2 10 -3 10 -3 9 -4 0 0 9 -5 9 -5 8 -6 8 -7 9 -7 9 -7 9 -8 9 -8 9 -8 9 -8 9 -9 9 -9 9 -9 9 -8 10 -9 9 -9 9 -9 9 -9 9 -8 8 -9 8 -8 9 -8 8 -8 8 -8 8 -8 7 -8 0 0 0 0 0 0 0 0 0 0 ],1687784614.609589
CSI_DATA,STA,08:3A:F2:A8:E0:C1,-39,11,1,5,1,1,1,1,0,0,0,-95,1,1,1,23880075,0,110,0,0,24.0688,384,[110 96 6 0 0 0 0 0 0 0 0 0 -25 3 -25 2 -24 1 -24 0 -23 0 -21 -1 -21 -2 -20 -2 -19 -3 -18 -2 -18 -2 -17 -2 -16 -2 -16 -2 -15 -2 -14 -1 -14 -1 -13 -1 -13 0 -12 0 -11 0 -11 1 -11 2 -10 2 -10 3 -10 4 0 0 -10 5 -9 5 -10 6 -9 6 -10 6 -10 7 -10 7 -10 7 -10 8 -10 8 -10 9 -10 8 -10 9 -10 9 -10 8 -10 9 -10 9 -10 9 -9 8 -9 8 -9 8 -10 8 -9 8 -8 8 -8 7 -8 7 0 0 0 0 0 0 0 0 0 0 ],1687784614.6186721
CSI_DATA,STA,08:3A:F2:A8:E0:C1,-39,11,1,5,1,1,1,1,0,0,0,-95,1,1,1,23889802,0,110,0,0,24.0785,384,[110 96 6 0 0 0 0 0 0 0 0 0 -18 -15 -17 -14 -17 -15 -16 -15 -15 -15 -14 -15 -13 -14 -12 -13 -11 -14 -11 -13 -10 -13 -10 -13 -10 -13 -9 -11 -9 -11 -9 -10 -8 -9 -8 -9 -9 -8 -9 -8 -9 -7 -9 -6 -8 -6 -9 -5 -9 -5 -9 -4 0 0 -10 -3 -10 -3 -10 -2 -10 -2 -11 -2 -11 -2 -12 -2 -12 -2 -12 -1 -12 -1 -12 -1 -12 -1 -12 -1 -12 -1 -12 -1 -12 -1 -13 -1 -12 -1 -12 0 -12 0 -11 -1 -11 0 -11 -1 -11 0 -11 -1 -10 -1 0 0 0 0 0 0 0 0 0 0 ],1687784614.62873
CSI_DATA,STA,08:3A:F2:A8:E0:C1,-39,11,1,5,1,1,1,1,0,0,0,-95,1,1,1,23901279,0,110,0,0,24.09,384,[110 96 6 0 0 0 0 0 0 0 0 0 -1 23 -2 22 -2 21 -3 21 -4 19 -4 19 -4 17 -5 17 -6 16 -4 15 -5 15 -4 14 -4 13 -4 13 -4 12 -4 12 -4 11 -3 10 -2 10 -2 10 -1 10 -1 9 0 9 1 9 1 9 1 9 0 0 2 9 3 9 4 9 3 8 4 9 4 9 4 9 5 9 5 9 5 9 6 9 6 9 6 9 6 10 6 9 6 9 6 9 6 9 6 9 6 9 5 9 5 9 5 8 5 8 5 8 5 8 0 0 0 0 0 0 0 0 0 0 ],1687784614.638876
CSI_DATA,STA,08:3A:F2:A8:E0:C1,-39,11,1,5,1,1,1,1,0,0,0,-95,1,1,1,23909742,0,110,0,0,24.0985,384,[110 96 6 0 0 0 0 0 0 0 0 0 -20 -18 -18 -16 -19 -18 -16 -17 -16 -17 -13 -17 -13 -17 -11 -17 -11 -16 -11 -16 -10 -15 -10 -15 -10 -14 -10 -13 -9 -12 -9 -12 -8 -11 -8 -11 -8 -10 -9 -9 -9 -9 -8 -8 -9 -8 -9 -6 -10 -6 -9 -5 0 0 -10 -5 -11 -4 -11 -4 -12 -3 -11 -4 -12 -4 -13 -4 -13 -3 -13 -3 -13 -3 -13 -2 -13 -3 -14 -3 -13 -2 -14 -3 -13 -2 -14 -3 -13 -3 -12 -2 -13 -3 -12 -3 -13 -3 -12 -3 -12 -2 -12 -3 -11 -2 0 0 0 0 0 0 0 0 0 0 ],1687784614.648802
CSI_DATA,STA,08:3A:F2:A8:E0:C1,-39,11,1,5,1,1,1,1,0,0,0,-95,1,1,1,23919643,0,110,0,0,24.1084,384,[110 96 6 0 0 0 0 0 0 0 0 0 17 18 16 19 15 18 14 18 13 17 11 18 10 17 9 16 9 17 9 15 8 15 8 14 8 14 8 13 7 12 7 11 6 11 6 10 7 9 7 9 7 8 7 8 7 6 8 6 8 6 8 5 0 0 9 4 10 4 10 4 10 3 11 3 11 3 11 3 12 2 12 3 12 2 12 1 12 2 13 2 12 2 12 2 12 2 12 2 12 1 12 2 12 2 11 2 11 2 11 2 11 1 11 2 11 2 0 0 0 0 0 0 0 0 0 0 ],1687784614.657752
CSI_DATA,STA,08:3A:F2:A8:E0:C1,-39,11,1,5,1,1,1,1,0,0,0,-95,1,1,1,23929794,0,110,0,0,24.1185,384,[110 96 6 0 0 0 0 0 0 0 0 0 10 23 8 22 8 22 7 21 7 20 5 20 3 20 4 19 2 18 3 17 3 17 2 16 2 16 3 15 2 14 2 14 2 13 2 12 3 11 3 11 4 10 4 10 4 9 5 9 6 9 6 8 0 0 6 8 7 8 8 7 8 7 8 7 9 8 9 7 9 7 9 7 10 7 10 7 10 7 10 7 10 7 10 8 10 7 10 7 10 7 10 7 9 6 9 7 9 7 9 7 9 6 9 7 8 6 0 0 0 0 0 0 0 0 0 0 ],1687784614.668927
CSI_DATA,STA,08:3A:F2:A8:E0:C1,-38,11,1,4,1,1,1,1,0,0,0,-95,1,1,1,23941274,0,110,0,0,24.13,384,[110 96 6 0 0 0 0 0 0 0 0 0 -8 -25 -7 -25 -7 -24 -5 -25 -4 -22 -3 -22 -2 -22 -2 -20 -1 -20 -2 -18 -1 -19 -1 -19 -2 -17 -2 -16 -1 -16 -1 -15 -1 -14 -2 -13 -2 -13 -3 -12 -3 -12 -4 -12 -3 -10 -5 -10 -5 -11 -6 -10 0 0 -7 -10 -7 -10 -8 -10 -8 -9 -9 -9 -9 -10 -10 -10 -9 -10 -10 -10 -10 -9 -11 -9 -10 -10 -10 -10 -11 -9 -10 -10 -11 -9 -11 -10 -11 -9 -10 -9 -10 -8 -10 -10 -9 -9 -9 -9 -10 -8 -9 -9 -9 -8 0 0 0 0 0 0 0 0 0 0 ],1687784614.679567
CSI_DATA,STA,08:3A:F2:A8:E0:C1,-39,11,1,5,1,1,1,1,0,0,0,-95,1,1,1,23949186,0,110,0,0,24.1379,384,[110 96 6 0 0 0 0 0 0 0 0 0 3 -26 4 -24 4 -24 5 -23 6 -22 6 -21 7 -20 6 -19 6 -19 6 -18 6 -18 6 -16 5 -15 5 -15 4 -14 4 -14 4 -13 3 -13 2 -12 2 -12 1 -12 1 -11 0 -11 -1 -11 -1 -11 -2 -11 0 0 -3 -11 -4 -11 -4 -11 -5 -11 -5 -11 -5 -12 -5 -12 -6 -12 -6 -12 -7 -12 -7 -12 -7 -12 -7 -12 -7 -12 -7 -12 -7 -11 -7 -12 -7 -11 -7 -11 -7 -11 -6 -11 -7 -11 -6 -11 -7 -10 -6 -11 -6 -10 0 0 0 0 0 0 0 0 0 0 ],1687784614.687253
CSI_DATA,STA,08:3A:F2:A8:E0:C1,-39,11,1,5,1,1,1,1,0,0,0,-95,1,1,1,23959737,0,110,0,0,24.1485,384,[110 96 6 0 0 0 0 0 0 0 0 0 8 -22 8 -21 8 -20 9 -19 9 -18 10 -17 10 -15 10 -15 10 -15 9 -14 9 -14 9 -13 8 -12 7 -12 7 -12 7 -11 7 -10 6 -10 5 -10 5 -10 4 -10 4 -10 3 -9 2 -10 1 -10 1 -10 0 0 0 -10 0 -10 -1 -10 -1 -10 -1 -11 -1 -11 -2 -12 -2 -12 -2 -12 -3 -11 -3 -12 -3 -12 -3 -12 -3 -12 -3 -12 -3 -12 -3 -12 -3 -12 -3 -11 -3 -11 -3 -11 -2 -11 -3 -11 -3 -11 -3 -11 -3 -10 0 0 0 0 0 0 0 0 0 0 ],1687784614.698146
CSI_DATA,STA,08:3A:F2:A8:E0:C1,-39,11,1,5,1,1,1,1,0,0,0,-95,1,1,1,23969780,0,110,0,0,24.1586,384,[110 96 6 0 0 0 0 0 0 0 0 0 -23 -12 -21 -13 -21 -12 -20 -13 -19 -13 -17 -13 -16 -14 -15 -13 -15 -13 -14 -13 -14 -12 -13 -12 -13 -12 -13 -11 -12 -10 -12 -9 -11 -8 -11 -8 -11 -7 -11 -7 -10 -6 -10 -6 -10 -5 -11 -4 -11 -3 -11 -3 0 0 -11 -2 -11 -1 -11 -1 -12 0 -12 0 -12 0 -13 0 -13 0 -13 1 -13 1 -13 2 -13 2 -13 2 -13 2 -13 1 -13 2 -13 2 -13 2 -13 1 -13 1 -13 1 -13 1 -12 2 -12 2 -12 1 -11 1 0 0 0 0 0 0 0 0 0 0 ],1687784614.708761
CSI_DATA,STA,08:3A:F2:A8:E0:C1,-38,11,1,4,1,1,1,1,0,0,0,-95,1,1,1,23982905,0,110,0,0,24.1718,384,[110 96 6 0 0 0 0 0 0 0 0 0 -22 -6 -22 -6 -21 -6 -21 -8 -19 -8 -18 -8 -17 -8 -16 -8 -16 -8 -15 -7 -15 -8 -15 -7 -14 -7 -14 -7 -13 -7 -13 -5 -11 -5 -11 -5 -11 -4 -10 -4 -10 -3 -10 -3 -10 -2 -10 -1 -11 -1 -10 0 0 0 -10 1 -10 1 -11 2 -10 3 -11 3 -11 3 -11 3 -11 3 -11 4 -10 4 -11 5 -11 4 -11 4 -11 5 -11 4 -11 5 -11 5 -11 5 -10 4 -10 4 -11 4 -11 4 -10 4 -10 5 -10 4 -9 4 0 0 0 0 0 0 0 0 0 0 ],1687784614.721684
CSI_DATA,STA,08:3A:F2:A8:E0:C1,-39,11,1,5,1,1,1,1,0,0,0,-95,1,1,1,23990173,0,110,0,0,24.1788,384,[110 96 6 0 0 0 0 0 0 0 0 0 -3 24 -4 24 -4 23 -5 22 -5 21 -6 20 -7 20 -7 18 -7 18 -7 16 -7 16 -7 15 -6 15 -6 14 -5 13 -5 13 -5 12 -3 12 -3 11 -3 11 -2 10 -2 10 -1 10 0 10 0 10 1 10 0 0 2 10 3 10 3 10 4 10 4 10 4 11 4 11 5 10 5 11 5 11 6 11 5 11 6 11 6 11 6 11 6 10 6 11 6 10 6 11 5 10 5 11 5 10 5 10 6 9 4 10 5 9 0 0 0 0 0 0 0 0 0 0 ],1687784614.728584
CSI_DATA,STA,08:3A:F2:A8:E0:C1,-39,11,1,5,1,1,1,1,0,0,0,-95,1,1,1,24003513,0,110,0,0,24.1922,384,[110 96 6 0 0 0 0 0 0 0 0 0 11 -21 11 -20 10 -19 11 -18 11 -17 11 -16 11 -15 11 -14 11 -14 11 -12 10 -12 11 -11 9 -11 9 -11 8 -10 8 -10 7 -10 7 -10 6 -9 6 -9 5 -9 4 -9 4 -9 3 -9 3 -9 2 -10 0 0 1 -10 0 -10 0 -10 0 -11 0 -11 0 -11 0 -11 -1 -11 -1 -12 -1 -12 -2 -12 -1 -12 -2 -12 -2 -12 -2 -12 -2 -12 -2 -12 -2 -12 -2 -12 -2 -12 -1 -12 -1 -11 -1 -11 -2 -11 -1 -11 -2 -10 0 0 0 0 0 0 0 0 0 0 ],1687784614.741764
CSI_DATA,STA,08:3A:F2:A8:E0:C1,-39,11,1,5,1,1,1,1,0,0,0,-95,1,1,1,24010449,0,110,0,0,24.1991,384,[110 96 6 0 0 0 0 0 0 0 0 0 -19 17 -19 16 -19 15 -20 14 -19 12 -18 12 -18 10 -17 10 -17 9 -16 9 -16 9 -15 8 -14 7 -14 7 -13 7 -13 7 -12 7 -11 6 -10 7 -10 7 -9 7 -8 7 -7 7 -7 7 -6 8 -6 9 0 0 -6 10 -4 10 -4 10 -4 10 -4 10 -4 11 -4 11 -4 12 -3 12 -3 12 -2 12 -3 12 -3 13 -3 13 -3 12 -3 13 -3 12 -3 12 -3 12 -3 12 -3 12 -3 12 -3 11 -2 11 -3 11 -2 10 0 0 0 0 0 0 0 0 0 0 ],1687784614.7487411
CSI_DATA,STA,08:3A:F2:A8:E0:C1,-39,11,1,5,1,1,1,1,0,0,0,-95,1,1,1,24019857,0,110,0,0,24.2086,384,[110 96 6 0 0 0 0 0 0 0 0 0 22 3 21 3 21 4 20 4 20 5 17 5 17 5 16 6 16 5 15 5 15 5 14 5 13 5 13 5 12 4 12 4 10 3 11 3 10 2 10 2 10 1 9 1 9 0 9 0 9 -1 9 -2 0 0 9 -2 9 -3 9 -3 9 -4 9 -4 9 -5 10 -5 10 -5 10 -6 10 -6 10 -6 10 -6 10 -6 10 -6 10 -6 9 -6 10 -6 9 -6 9 -6 9 -6 9 -5 9 -5 9 -6 8 -6 9 -5 8 -5 0 0 0 0 0 0 0 0 0 0 ],1687784614.7575161
CSI_DATA,STA,08:3A:F2:A8:E0:C1,-39,11,1,5,1,1,1,1,0,0,0,-95,1,1,1,24029845,0,110,0,0,24.2186,384,[110 96 6 0 0 0 0 0 0 0 0 0 17 -15 18 -14 17 -13 18 -12 17 -11 16 -10 16 -9 16 -8 15 -8 14 -7 14 -7 14 -7 13 -6 12 -6 11 -6 11 -6 10 -6 9 -6 9 -6 9 -6 8 -6 7 -6 7 -6 6 -7 6 -7 6 -8 0 0 5 -9 4 -9 4 -10 4 -9 4 -10 4 -11 4 -11 3 -11 3 -11 3 -11 3 -12 3 -12 3 -11 3 -12 3 -12 2 -12 3 -12 3 -12 3 -11 2 -11 3 -11 3 -11 3 -10 2 -11 2 -10 2 -10 0 0 0 0 0 0 0 0 0 0 ],1687784614.7680352
CSI_DATA,STA,08:3A:F2:A8:E0:C1,-39,11,1,5,1,1,1,1,0,0,0,-95,1,1,1,24041331,0,110,0,0,24.2301,384,[110 96 6 0 0 0 0 0 0 0 0 0 -11 -24 -10 -22 -10 -23 -8 -22 -8 -22 -6 -20 -5 -20 -4 -19 -4 -19 -4 -18 -4 -18 -3 -17 -4 -16 -4 -16 -4 -15 -4 -14 -4 -13 -4 -13 -4 -12 -5 -11 -5 -11 -5 -10 -5 -10 -6 -10 -7 -9 -7 -8 0 0 -8 -8 -9 -8 -9 -7 -10 -7 -10 -7 -10 -7 -11 -7 -11 -7 -11 -7 -11 -7 -12 -6 -12 -7 -12 -7 -12 -6 -12 -7 -12 -6 -12 -7 -12 -6 -11 -6 -11 -6 -11 -6 -11 -6 -11 -6 -11 -5 -11 -6 -10 -5 0 0 0 0 0 0 0 0 0 0 ],1687784614.779758
CSI_DATA,STA,08:3A:F2:A8:E0:C1,-39,11,1,5,1,1,1,1,0,0,0,-95,1,1,1,24049322,0,110,0,0,24.2381,384,[110 96 6 0 0 0 0 0 0 0 0 0 19 -12 18 -11 19 -10 19 -9 18 -9 17 -8 17 -7 16 -6 16 -6 15 -5 15 -6 14 -5 14 -5 13 -4 12 -4 12 -5 11 -4 10 -5 9 -5 9 -5 8 -5 8 -5 8 -6 7 -7 7 -7 6 -7 0 0 6 -8 5 -8 5 -8 5 -9 5 -9 5 -10 5 -10 4 -11 4 -10 4 -11 4 -11 4 -11 4 -11 4 -11 4 -11 4 -11 4 -12 4 -11 4 -11 4 -11 4 -11 4 -10 4 -10 3 -11 4 -10 3 -9 0 0 0 0 0 0 0 0 0 0 ],1687784614.78817
CSI_DATA,STA,08:3A:F2:A8:E0:C1,-39,11,1,5,1,1,1,1,0,0,0,-95,1,1,1,24059761,0,110,0,0,24.2485,384,[110 96 6 0 0 0 0 0 0 0 0 0 -25 -6 -24 -6 -24 -6 -23 -8 -22 -8 -20 -8 -19 -8 -18 -8 -17 -9 -17 -8 -16 -8 -16 -8 -15 -8 -15 -7 -14 -7 -14 -6 -12 -6 -12 -4 -12 -5 -12 -4 -11 -4 -11 -3 -11 -2 -11 -1 -11 -1 -11 0 0 0 -12 1 -11 1 -11 2 -11 3 -12 3 -12 3 -12 3 -12 3 -12 4 -12 5 -12 5 -13 5 -13 5 -12 5 -12 4 -12 5 -13 5 -12 5 -12 4 -12 4 -12 4 -12 4 -12 4 -11 5 -11 4 -10 4 0 0 0 0 0 0 0 0 0 0 ],1687784614.7982562
CSI_DATA,STA,08:3A:F2:A8:E0:C1,-39,11,1,5,1,1,1,1,0,0,0,-95,1,1,1,24070997,0,110,0,0,24.2598,384,[110 96 6 0 0 0 0 0 0 0 0 0 19 -16 19 -16 18 -14 19 -13 17 -12 18 -11 17 -10 17 -10 16 -9 15 -8 16 -8 15 -8 14 -7 13 -7 13 -7 12 -6 12 -7 10 -6 10 -6 9 -7 9 -7 8 -7 7 -7 7 -8 6 -8 6 -9 0 0 5 -10 5 -9 5 -10 4 -11 4 -11 4 -12 4 -12 3 -12 4 -12 3 -12 3 -12 4 -13 3 -13 3 -13 4 -12 4 -13 4 -13 3 -13 3 -12 3 -12 3 -12 4 -12 3 -12 3 -12 3 -11 3 -11 0 0 0 0 0 0 0 0 0 0 ],1687784614.8102982
CSI_DATA,STA,08:3A:F2:A8:E0:C1,-40,11,1,6,1,1,1,1,0,0,0,-95,1,1,1,24079879,0,110,0,0,24.2688,384,[110 96 6 0 0 0 0 0 0 0 0 0 -4 25 -5 24 -5 23 -5 22 -6 21 -7 20 -6 19 -7 18 -7 18 -6 17 -7 16 -7 15 -6 15 -5 14 -5 13 -5 13 -4 12 -4 12 -3 11 -2 11 -2 10 -1 11 -1 10 0 10 1 10 1 10 0 0 2 10 3 10 3 9 4 10 5 10 5 10 5 10 6 10 6 10 6 10 6 10 6 11 7 11 6 10 7 10 7 10 7 10 7 10 7 10 7 9 6 10 6 10 6 9 6 9 6 9 6 8 0 0 0 0 0 0 0 0 0 0 ],1687784614.818443
CSI_DATA,STA,08:3A:F2:A8:E0:C1,-40,11,1,6,1,1,1,1,0,0,0,-95,1,1,1,24091240,0,110,0,0,24.28,384,[110 96 6 0 0 0 0 0 0 0 0 0 -23 1 -23 1 -22 0 -22 -1 -21 -1 -20 -2 -18 -2 -18 -2 -17 -3 -17 -3 -16 -3 -15 -3 -15 -3 -14 -3 -14 -3 -13 -2 -12 -2 -12 -1 -12 -1 -11 -1 -11 -1 -10 0 -10 1 -10 1 -9 2 -10 3 0 0 -9 4 -9 4 -9 4 -9 5 -9 5 -9 5 -10 5 -9 6 -9 6 -9 7 -9 7 -10 7 -10 7 -10 7 -9 7 -9 7 -10 7 -9 7 -9 6 -9 6 -9 6 -9 6 -9 6 -8 6 -9 6 -8 6 0 0 0 0 0 0 0 0 0 0 ],1687784614.831365
CSI_DATA,STA,08:3A:F2:A8:E0:C1,-40,11,1,6,1,1,1,1,0,0,0,-95,1,1,1,24106008,0,110,0,0,24.2948,384,[110 96 6 0 0 0 0 0 0 0 0 0 -16 -21 -15 -21 -15 -20 -13 -20 -12 -19 -10 -19 -9 -19 -9 -18 -8 -18 -8 -17 -8 -17 -7 -16 -7 -15 -7 -14 -7 -14 -7 -13 -6 -12 -6 -12 -7 -11 -7 -10 -7 -10 -7 -9 -7 -9 -8 -8 -9 -8 -9 -7 0 0 -9 -6 -10 -6 -10 -6 -11 -5 -11 -5 -11 -5 -12 -5 -12 -5 -12 -5 -12 -5 -13 -4 -13 -5 -13 -4 -13 -5 -12 -5 -13 -5 -13 -5 -12 -5 -12 -5 -12 -5 -12 -5 -12 -5 -12 -5 -12 -4 -12 -4 -11 -4 0 0 0 0 0 0 0 0 0 0 ],1687784614.847192
CSI_DATA,STA,08:3A:F2:A8:E0:C1,-39,11,1,5,1,1,1,1,0,0,0,-95,1,1,1,24114589,0,110,0,0,24.3032,384,[110 96 6 0 0 0 0 0 0 0 0 0 -23 4 -22 3 -22 3 -21 2 -21 1 -19 0 -18 0 -18 -1 -18 -1 -17 -1 -16 -1 -16 -1 -15 -1 -14 -1 -13 -1 -13 0 -12 0 -12 0 -10 0 -11 0 -10 1 -10 1 -10 2 -9 2 -9 3 -9 3 0 0 -9 4 -9 5 -8 5 -8 6 -8 6 -8 6 -9 7 -8 7 -8 8 -8 8 -8 8 -8 8 -9 8 -8 8 -9 8 -8 8 -8 8 -8 7 -8 8 -8 7 -8 7 -8 7 -8 7 -7 7 -7 7 -7 7 0 0 0 0 0 0 0 0 0 0 ],1687784614.8532548
CSI_DATA,STA,08:3A:F2:A8:E0:C1,-40,11,1,6,1,1,1,1,0,0,0,-95,1,1,1,24120866,0,110,0,0,24.3095,384,[110 96 6 0 0 0 0 0 0 0 0 0 -20 16 -20 14 -20 14 -19 13 -19 12 -19 10 -18 10 -18 9 -18 9 -17 8 -17 8 -16 7 -15 6 -14 6 -13 6 -13 7 -12 6 -11 6 -11 6 -10 6 -9 7 -9 7 -8 7 -8 7 -7 8 -7 8 0 0 -6 9 -5 9 -5 9 -4 10 -5 11 -4 11 -4 11 -4 11 -4 11 -4 12 -4 12 -4 12 -4 12 -4 12 -4 12 -3 12 -4 12 -4 12 -4 12 -3 12 -4 11 -4 12 -4 11 -3 11 -4 11 -3 10 0 0 0 0 0 0 0 0 0 0 ],1687784614.85954
CSI_DATA,STA,08:3A:F2:A8:E0:C1,-39,11,1,5,1,1,1,1,0,0,0,-95,1,1,1,24131377,0,110,0,0,24.3201,384,[110 96 6 0 0 0 0 0 0 0 0 0 22 -4 21 -3 21 -3 21 -1 19 -1 19 0 18 0 17 0 16 1 15 1 15 1 15 1 14 1 14 1 13 1 12 0 11 0 10 -1 10 -1 10 -1 9 -1 9 -2 9 -2 9 -3 9 -3 8 -4 0 0 8 -5 8 -5 8 -6 7 -6 8 -7 8 -7 8 -7 8 -8 8 -8 8 -8 8 -8 8 -8 8 -8 8 -9 8 -8 8 -9 8 -9 8 -8 8 -8 7 -8 8 -7 8 -8 7 -8 7 -8 7 -7 7 -7 0 0 0 0 0 0 0 0 0 0 ],1687784614.869906
CSI_DATA,STA,08:3A:F2:A8:E0:C1,-40,11,1,6,1,1,1,1,0,0,0,-95,1,1,1,24139692,0,110,0,0,24.3284,384,[110 96 6 0 0 0 0 0 0 0 0 0 16 -16 16 -15 16 -15 16 -13 16 -13 15 -11 15 -11 15 -10 15 -10 14 -9 14 -8 13 -8 13 -7 12 -7 11 -7 11 -8 10 -7 9 -7 8 -7 8 -7 7 -7 7 -7 6 -8 5 -8 5 -8 5 -9 0 0 4 -9 3 -9 3 -9 3 -10 3 -10 3 -11 2 -11 2 -12 2 -11 2 -12 2 -12 2 -12 2 -12 2 -12 1 -12 1 -12 2 -12 2 -12 2 -12 1 -12 2 -11 1 -11 2 -11 1 -11 2 -11 1 -10 0 0 0 0 0 0 0 0 0 0 ],1687784614.878727
CSI_DATA,STA,08:3A:F2:A8:E0:C1,-40,11,1,6,1,1,1,1,0,0,0,-95,1,1,1,24151377,0,110,0,0,24.3401,384,[110 96 6 0 0 0 0 0 0 0 0 0 -12 -20 -11 -19 -12 -20 -10 -19 -10 -19 -8 -18 -7 -18 -6 -18 -6 -17 -6 -16 -5 -16 -5 -15 -5 -14 -5 -14 -5 -12 -5 -13 -4 -11 -5 -12 -5 -10 -5 -10 -6 -10 -6 -9 -6 -9 -7 -8 -7 -8 -7 -7 0 0 -7 -6 -9 -6 -8 -6 -9 -6 -10 -6 -10 -6 -10 -6 -11 -6 -10 -5 -11 -5 -11 -5 -11 -5 -11 -5 -11 -5 -11 -6 -11 -5 -11 -6 -11 -5 -11 -5 -11 -5 -10 -6 -10 -5 -10 -5 -10 -5 -10 -5 -9 -5 0 0 0 0 0 0 0 0 0 0 ],1687784614.890838
CSI_DATA,STA,08:3A:F2:A8:E0:C1,-39,11,1,5,1,1,1,1,0,0,0,-95,1,1,1,24160700,0,110,0,0,24.3495,384,[110 96 6 0 0 0 0 0 0 0 0 0 6 -28 6 -26 6 -26 7 -25 7 -24 8 -22 8 -21 9 -20 8 -20 9 -19 9 -18 8 -17 7 -16 7 -15 7 -15 5 -15 5 -14 4 -14 3 -13 3 -13 3 -12 1 -13 1 -12 0 -12 0 -12 -1 -12 0 0 -2 -12 -3 -12 -4 -12 -4 -12 -4 -13 -5 -13 -5 -13 -6 -14 -6 -13 -6 -14 -6 -13 -6 -14 -7 -13 -6 -13 -7 -14 -7 -13 -7 -14 -7 -13 -6 -13 -6 -13 -6 -13 -6 -13 -6 -13 -6 -12 -6 -12 -6 -11 0 0 0 0 0 0 0 0 0 0 ],1687784614.899571
CSI_DATA,STA,08:3A:F2:A8:E0:C1,-40,11,1,6,1,1,1,1,0,0,0,-95,1,1,1,24169782,0,110,0,0,24.3585,384,[110 96 6 0 0 0 0 0 0 0 0 0 9 -22 10 -21 9 -20 10 -19 10 -18 10 -17 10 -16 10 -15 10 -15 10 -13 10 -13 10 -13 9 -12 8 -11 8 -11 7 -11 7 -10 6 -10 5 -10 5 -9 4 -9 4 -10 3 -9 2 -10 3 -9 2 -10 0 0 1 -10 0 -10 0 -11 -1 -11 -1 -11 -1 -11 -1 -11 -2 -12 -1 -12 -2 -12 -2 -12 -2 -12 -2 -12 -2 -12 -2 -12 -2 -12 -2 -12 -2 -12 -2 -12 -2 -12 -2 -12 -2 -11 -2 -11 -2 -11 -2 -11 -2 -10 0 0 0 0 0 0 0 0 0 0 ],1687784614.912534
CSI_DATA,STA,08:3A:F2:A8:E0:C1,-38,11,1,4,1,1,1,1,0,0,0,-95,1,1,1,24182419,0,110,0,0,24.3713,384,[110 96 6 0 0 0 0 0 0 0 0 0 9 23 8 23 8 22 6 23 5 21 4 20 2 20 2 19 1 19 2 17 2 18 2 17 2 16 2 15 1 14 1 14 1 13 2 12 3 11 2 11 3 10 3 10 3 9 5 9 5 9 6 8 0 0 6 8 7 8 8 8 8 7 8 8 9 8 9 8 9 7 9 8 9 7 10 7 10 8 10 8 10 8 10 8 10 7 11 7 10 7 10 7 9 6 9 7 9 8 9 7 9 6 9 7 9 6 0 0 0 0 0 0 0 0 0 0 ],1687784614.921442
CSI_DATA,STA,08:3A:F2:A8:E0:C1,-40,11,1,6,1,1,1,1,0,0,0,-95,1,1,1,24189989,0,110,0,0,24.3788,384,[110 96 6 0 0 0 0 0 0 0 0 0 -2 -26 -1 -25 -1 -25 0 -24 1 -23 2 -22 2 -21 3 -20 2 -20 2 -18 3 -18 3 -17 2 -16 2 -16 2 -15 1 -14 1 -14 0 -13 0 -12 -1 -13 -1 -12 -2 -11 -2 -11 -4 -11 -3 -11 -4 -10 0 0 -5 -10 -6 -10 -6 -10 -7 -10 -7 -10 -7 -10 -8 -11 -8 -11 -8 -10 -8 -10 -9 -10 -9 -10 -9 -10 -9 -10 -9 -10 -9 -10 -9 -10 -9 -10 -9 -10 -9 -10 -8 -10 -9 -10 -8 -10 -9 -9 -8 -10 -8 -9 0 0 0 0 0 0 0 0 0 0 ],1687784614.929455
CSI_DATA,STA,08:3A:F2:A8:E0:C1,-40,11,1,6,1,1,1,1,0,0,0,-95,1,1,1,24201349,0,110,0,0,24.3901,384,[110 96 6 0 0 0 0 0 0 0 0 0 -4 -26 -2 -25 -2 -23 -1 -24 0 -22 0 -22 1 -21 2 -20 2 -20 1 -18 2 -18 1 -17 1 -16 0 -16 1 -15 1 -14 1 -14 0 -13 -1 -13 -1 -12 -1 -11 -2 -11 -2 -11 -4 -11 -4 -11 -4 -10 0 0 -5 -10 -6 -10 -6 -10 -7 -9 -8 -10 -7 -10 -8 -10 -8 -10 -8 -10 -8 -10 -9 -10 -9 -10 -9 -10 -9 -10 -9 -10 -9 -10 -9 -10 -9 -10 -8 -10 -9 -10 -8 -10 -8 -10 -8 -9 -8 -9 -8 -9 -8 -9 0 0 0 0 0 0 0 0 0 0 ],1687784614.9393752
CSI_DATA,STA,08:3A:F2:A8:E0:C1,-39,11,1,5,1,1,1,1,0,0,0,-95,1,1,1,24211230,0,110,0,0,24.4,384,[110 96 6 0 0 0 0 0 0 0 0 0 -21 -15 -20 -15 -19 -15 -19 -16 -17 -15 -16 -15 -14 -15 -14 -14 -13 -14 -13 -14 -12 -13 -12 -12 -12 -12 -12 -12 -11 -11 -11 -10 -10 -9 -10 -9 -10 -8 -10 -8 -9 -7 -9 -7 -10 -5 -10 -4 -11 -4 -11 -3 0 0 -11 -3 -11 -2 -11 -2 -11 -1 -12 -1 -12 -1 -13 -1 -13 0 -13 0 -13 0 -13 1 -13 1 -13 1 -13 1 -13 0 -13 1 -13 1 -13 1 -13 0 -13 1 -13 0 -13 0 -12 1 -12 1 -12 1 -11 1 0 0 0 0 0 0 0 0 0 0 ],1687784614.9496288
CSI_DATA,STA,08:3A:F2:A8:E0:C1,-39,11,1,5,1,1,1,1,0,0,0,-95,1,1,1,24221058,0,110,0,0,24.4098,384,[110 96 6 0 0 0 0 0 0 0 0 0 17 -15 17 -13 17 -13 17 -12 17 -11 16 -10 16 -8 15 -8 15 -8 14 -7 14 -7 13 -7 13 -6 12 -7 11 -6 11 -6 10 -6 9 -7 8 -6 8 -6 8 -6 7 -7 7 -7 5 -7 5 -8 5 -8 0 0 4 -8 4 -9 3 -9 3 -10 3 -10 3 -10 3 -11 3 -11 3 -11 2 -11 2 -12 2 -12 2 -11 2 -12 2 -12 2 -11 2 -12 2 -11 2 -11 2 -11 3 -11 3 -11 2 -11 1 -11 2 -10 1 -10 0 0 0 0 0 0 0 0 0 0 ],1687784614.959049
CSI_DATA,STA,08:3A:F2:A8:E0:C1,-40,11,1,6,1,1,1,1,0,0,0,-95,1,1,1,24229680,0,110,0,0,24.4184,384,[110 96 6 0 0 0 0 0 0 0 0 0 24 -6 23 -6 23 -5 23 -3 22 -3 21 -2 20 -2 19 -1 18 -1 18 -1 17 0 16 0 16 0 15 0 15 0 14 -1 13 -1 12 -2 12 -2 11 -2 11 -2 10 -3 10 -4 10 -4 9 -4 9 -6 0 0 9 -7 9 -7 8 -7 8 -7 8 -8 8 -9 8 -9 8 -9 8 -10 8 -10 8 -10 9 -9 9 -10 9 -10 8 -10 8 -10 8 -10 8 -10 8 -10 8 -9 8 -10 8 -9 8 -9 8 -9 7 -9 7 -8 0 0 0 0 0 0 0 0 0 0 ],1687784614.967448
CSI_DATA,STA,08:3A:F2:A8:E0:C1,-38,11,1,4,1,1,1,1,0,0,0,-95,1,1,1,24242655,0,110,0,0,24.4314,384,[110 96 6 0 0 0 0 0 0 0 0 0 -22 7 -22 6 -22 6 -22 4 -20 4 -19 2 -18 2 -18 2 -18 1 -17 1 -17 2 -16 1 -15 1 -15 1 -14 0 -14 1 -12 1 -12 1 -11 1 -11 2 -11 1 -10 2 -9 3 -9 4 -9 4 -9 5 0 0 -9 6 -8 6 -8 7 -7 7 -8 7 -8 7 -8 8 -8 8 -8 8 -7 8 -7 9 -8 9 -8 9 -7 9 -8 9 -7 9 -8 9 -7 9 -7 9 -7 8 -7 8 -7 8 -7 8 -6 8 -7 8 -6 8 0 0 0 0 0 0 0 0 0 0 ],1687784614.9806862
CSI_DATA,STA,08:3A:F2:A8:E0:C1,-39,11,1,5,1,1,1,1,0,0,0,-95,1,1,1,24252380,0,110,0,0,24.441,384,[110 96 6 0 0 0 0 0 0 0 0 0 -24 7 -24 6 -23 6 -24 5 -22 4 -21 2 -20 2 -20 2 -19 1 -18 1 -18 1 -17 0 -16 0 -16 0 -15 0 -14 1 -14 1 -13 2 -12 1 -12 2 -11 2 -11 3 -10 3 -9 4 -10 4 -10 5 0 0 -9 6 -8 6 -8 7 -8 8 -8 8 -8 8 -8 8 -8 9 -8 9 -8 9 -8 9 -9 9 -8 10 -8 10 -8 9 -8 10 -8 10 -8 10 -7 9 -7 9 -8 9 -8 9 -7 8 -7 9 -7 8 -7 8 0 0 0 0 0 0 0 0 0 0 ],1687784614.991234
CSI_DATA,STA,08:3A:F2:A8:E0:C1,-39,11,1,5,1,1,1,1,0,0,0,-95,1,1,1,24261173,0,110,0,0,24.45,384,[110 96 6 0 0 0 0 0 0 0 0 0 -24 -8 -23 -9 -23 -9 -22 -10 -21 -10 -18 -10 -18 -11 -17 -10 -16 -11 -16 -10 -15 -9 -15 -9 -15 -9 -14 -8 -13 -8 -13 -7 -12 -7 -11 -6 -12 -6 -11 -5 -11 -5 -11 -5 -10 -3 -11 -2 -11 -1 -11 0 0 0 -11 0 -11 1 -11 1 -11 2 -12 2 -12 2 -12 2 -12 3 -12 3 -12 3 -12 4 -12 4 -12 4 -12 4 -12 4 -12 4 -12 4 -12 4 -12 4 -12 4 -12 3 -12 3 -12 4 -11 4 -11 3 -11 4 0 0 0 0 0 0 0 0 0 0 ],1687784614.999392
CSI_DATA,STA,08:3A:F2:A8:E0:C1,-39,11,1,5,1,1,1,1,0,0,0,-95,1,1,1,24271190,0,110,0,0,24.4599,384,[110 96 6 0 0 0 0 0 0 0 0 0 -21 13 -21 12 -22 12 -21 10 -20 9 -20 8 -19 7 -18 6 -18 6 -17 5 -17 5 -16 5 -16 5 -15 5 -14 4 -13 5 -12 5 -12 5 -11 5 -11 5 -10 5 -9 5 -9 6 -8 7 -8 7 -7 7 0 0 -7 8 -6 8 -6 9 -6 9 -6 10 -6 10 -6 10 -5 10 -5 11 -5 11 -5 12 -5 11 -5 12 -5 12 -5 11 -4 12 -5 12 -4 11 -4 11 -4 11 -5 11 -5 11 -4 11 -4 11 -4 10 -4 10 0 0 0 0 0 0 0 0 0 0 ],1687784615.0092852
CSI_DATA,STA,08:3A:F2:A8:E0:C1,-40,11,1,6,1,1,1,1,0,0,0,-95,1,1,1,24280253,0,110,0,0,24.4695,384,[110 96 6 0 0 0 0 0 0 0 0 0 19 2 19 3 18 4 17 4 17 4 16 4 15 5 14 5 14 5 13 4 13 4 12 4 12 4 11 4 10 4 11 3 9 3 9 3 9 2 8 2 8 1 8 1 8 0 8 -1 8 -1 8 -2 0 0 8 -3 8 -3 8 -3 8 -4 8 -4 8 -4 8 -4 8 -5 8 -5 8 -5 8 -6 8 -6 8 -6 8 -6 8 -6 8 -6 8 -6 8 -6 8 -5 8 -6 8 -5 8 -5 7 -6 7 -6 7 -5 7 -5 0 0 0 0 0 0 0 0 0 0 ],1687784615.0187058
CSI_DATA,STA,08:3A:F2:A8:E0:C1,-39,11,1,5,1,1,1,1,0,0,0,-95,1,1,1,24292878,0,110,0,0,24.4816,384,[110 96 6 0 0 0 0 0 0 0 0 0 14 -18 14 -17 14 -15 15 -15 14 -14 14 -13 13 -12 13 -11 13 -11 12 -10 12 -10 12 -9 11 -8 11 -9 10 -8 9 -8 9 -8 8 -8 7 -8 7 -8 6 -8 6 -8 5 -8 4 -8 4 -8 4 -9 0 0 3 -9 2 -9 2 -10 2 -10 2 -10 2 -11 1 -11 1 -11 1 -11 1 -11 1 -12 1 -12 1 -12 1 -12 1 -12 1 -12 1 -12 1 -12 1 -11 0 -11 1 -11 1 -11 1 -11 0 -11 1 -10 0 -10 0 0 0 0 0 0 0 0 0 0 ],1687784615.031251
CSI_DATA,STA,08:3A:F2:A8:E0:C1,-40,11,1,6,1,1,1,1,0,0,0,-95,1,1,1,24299861,0,110,0,0,24.4885,384,[110 96 6 0 0 0 0 0 0 0 0 0 22 -4 21 -3 22 -3 21 -2 20 -1 18 -1 18 0 17 0 17 0 16 1 15 1 15 1 14 1 14 1 13 0 13 0 11 0 11 -1 11 -1 10 -1 10 -2 9 -2 9 -2 9 -3 9 -4 8 -4 0 0 8 -5 8 -5 8 -6 8 -7 7 -7 8 -7 8 -7 8 -8 8 -8 7 -8 8 -9 8 -8 8 -9 8 -9 8 -9 8 -9 8 -9 8 -9 8 -8 7 -9 8 -8 8 -8 7 -8 7 -8 7 -8 6 -8 0 0 0 0 0 0 0 0 0 0 ],1687784615.037874
CSI_DATA,STA,08:3A:F2:A8:E0:C1,-38,11,1,4,1,1,1,1,0,0,0,-95,1,1,1,24315103,0,110,0,0,24.5039,384,[110 96 6 0 0 0 0 0 0 0 0 0 9 -25 9 -23 9 -23 10 -22 10 -20 10 -19 11 -18 10 -17 10 -17 10 -16 10 -16 10 -15 9 -14 8 -14 8 -13 7 -13 6 -12 6 -12 5 -11 4 -11 4 -11 3 -11 3 -11 1 -11 1 -11 1 -11 0 0 -1 -12 -2 -12 -2 -12 -3 -12 -2 -12 -3 -13 -3 -13 -3 -13 -4 -13 -4 -12 -5 -13 -4 -13 -4 -13 -4 -13 -4 -13 -5 -13 -5 -14 -5 -12 -4 -13 -5 -12 -4 -13 -4 -12 -4 -12 -5 -12 -4 -12 -4 -11 0 0 0 0 0 0 0 0 0 0 ],1687784615.053677
CSI_DATA,STA,08:3A:F2:A8:E0:C1,-40,11,1,6,1,1,1,1,0,0,0,-95,1,1,1,24323781,0,110,0,0,24.5124,384,[110 96 6 0 0 0 0 0 0 0 0 0 -19 -14 -18 -14 -17 -14 -16 -14 -15 -14 -14 -14 -13 -14 -12 -14 -11 -13 -11 -13 -11 -12 -10 -12 -10 -12 -10 -11 -9 -10 -9 -10 -9 -9 -8 -8 -9 -8 -8 -8 -8 -7 -8 -7 -8 -6 -9 -5 -9 -4 -9 -4 0 0 -10 -3 -10 -3 -10 -2 -10 -2 -11 -2 -11 -2 -11 -2 -11 -2 -12 -1 -12 -1 -12 -1 -12 -1 -12 -1 -12 0 -12 -1 -12 -1 -12 -1 -12 -1 -12 -1 -12 -1 -12 -1 -11 -1 -11 -1 -11 0 -11 -1 -10 -1 0 0 0 0 0 0 0 0 0 0 ],1687784615.0617652
CSI_DATA,STA,08:3A:F2:A8:E0:C1,-40,11,1,6,1,1,1,1,0,0,0,-95,1,1,1,24330706,0,110,0,0,24.5193,384,[110 96 6 0 0 0 0 0 0 0 0 0 7 -22 8 -21 8 -20 8 -19 8 -18 9 -17 9 -16 9 -16 9 -15 8 -14 9 -14 8 -13 7 -13 7 -12 7 -12 6 -12 5 -11 5 -10 4 -10 4 -10 3 -10 3 -10 2 -10 1 -10 1 -10 0 -10 0 0 0 -10 -1 -10 -1 -10 -2 -10 -2 -11 -2 -11 -3 -11 -3 -12 -3 -11 -3 -11 -4 -11 -4 -12 -4 -12 -4 -12 -4 -12 -4 -12 -4 -12 -4 -11 -4 -11 -4 -11 -4 -11 -4 -11 -3 -11 -4 -10 -3 -10 -4 -10 0 0 0 0 0 0 0 0 0 0 ],1687784615.068365
CSI_DATA,STA,08:3A:F2:A8:E0:C1,-40,11,1,6,1,1,1,1,0,0,0,-95,1,1,1,24339848,0,110,0,0,24.5286,384,[110 96 6 0 0 0 0 0 0 0 0 0 -20 -17 -18 -17 -18 -17 -17 -17 -16 -17 -14 -17 -13 -17 -12 -16 -12 -16 -11 -15 -11 -14 -10 -14 -10 -14 -10 -13 -10 -12 -10 -11 -9 -10 -8 -9 -9 -9 -9 -9 -9 -8 -9 -8 -10 -6 -10 -6 -10 -5 -10 -4 0 0 -10 -4 -11 -3 -11 -3 -11 -2 -12 -2 -12 -2 -13 -3 -13 -2 -13 -2 -13 -2 -13 -1 -13 -1 -14 -1 -13 -1 -13 -1 -14 -1 -13 -1 -13 -1 -13 -1 -13 -1 -13 -1 -13 -1 -13 -1 -12 0 -12 -1 -11 -1 0 0 0 0 0 0 0 0 0 0 ],1687784615.078509
CSI_DATA,STA,08:3A:F2:A8:E0:C1,-40,11,1,6,1,1,1,1,0,0,0,-95,1,1,1,24349781,0,110,0,0,24.5385,384,[110 96 6 0 0 0 0 0 0 0 0 0 21 7 20 8 19 8 18 9 18 9 16 9 16 9 14 9 14 9 13 9 13 9 12 9 11 9 11 7 11 7 11 6 9 6 9 5 9 5 9 4 9 4 9 3 9 3 9 2 9 2 9 1 0 0 9 0 9 -1 9 -1 9 -1 10 -2 10 -2 10 -2 10 -2 11 -3 11 -3 11 -3 11 -3 11 -3 11 -3 11 -3 11 -4 11 -4 11 -3 10 -3 10 -3 10 -3 10 -3 10 -3 10 -3 10 -2 9 -3 0 0 0 0 0 0 0 0 0 0 ],1687784615.087611
CSI_DATA,STA,08:3A:F2:A8:E0:C1,-40,11,1,6,1,1,1,1,0,0,0,-95,1,1,1,24361363,0,110,0,0,24.5501,384,[110 96 6 0 0 0 0 0 0 0 0 0 14 -19 14 -18 13 -17 14 -16 13 -15 13 -14 14 -12 13 -12 13 -12 12 -11 12 -11 12 -10 11 -10 10 -9 10 -9 9 -9 9 -9 8 -9 7 -8 7 -8 6 -8 5 -8 4 -9 4 -9 3 -9 3 -9 0 0 2 -10 1 -10 1 -10 1 -10 0 -11 1 -11 1 -11 0 -12 0 -11 -1 -11 -1 -12 -1 -12 -1 -12 -1 -12 -1 -12 -1 -12 -1 -12 -1 -12 -1 -12 -1 -11 0 -12 -1 -11 -1 -11 -1 -11 -1 -11 -1 -10 0 0 0 0 0 0 0 0 0 0 ],1687784615.1003609
CSI_DATA,STA,08:3A:F2:A8:E0:C1,-40,11,1,6,1,1,1,1,0,0,0,-95,1,1,1,24371229,0,110,0,0,24.56,384,[110 96 6 0 0 0 0 0 0 0 0 0 -10 23 -10 22 -10 22 -10 20 -11 19 -11 18 -11 17 -11 16 -11 16 -11 15 -11 14 -10 13 -9 13 -9 12 -8 11 -8 12 -7 10 -7 11 -6 10 -5 10 -5 10 -4 9 -4 9 -2 10 -2 10 -2 10 0 0 -1 10 0 10 1 10 1 10 1 11 1 11 2 11 2 11 2 11 2 12 3 11 2 12 3 12 3 12 3 12 3 12 3 12 3 11 3 11 3 11 2 12 2 11 2 11 3 11 2 11 2 10 0 0 0 0 0 0 0 0 0 0 ],1687784615.109757
CSI_DATA,STA,08:3A:F2:A8:E0:C1,-40,11,1,6,1,1,1,1,0,0,0,-95,1,1,1,24381931,0,110,0,0,24.5718,384,[110 96 6 0 0 0 0 0 0 0 0 0 21 -6 20 -5 19 -4 20 -3 18 -3 18 -2 17 -1 16 -1 16 -1 15 -1 15 -1 14 -1 13 -1 12 -1 13 -1 12 -1 11 -1 10 -2 10 -2 9 -2 8 -2 8 -3 8 -4 7 -4 8 -5 7 -5 0 0 7 -6 7 -6 7 -7 6 -7 6 -7 6 -8 7 -8 6 -9 6 -9 6 -9 6 -9 6 -9 6 -9 6 -10 6 -9 6 -10 6 -9 6 -9 6 -9 5 -9 6 -9 6 -9 5 -9 5 -9 5 -9 5 -8 0 0 0 0 0 0 0 0 0 0 ],1687784615.121973
CSI_DATA,STA,08:3A:F2:A8:E0:C1,-39,11,1,5,1,1,1,1,0,0,0,-95,1,1,1,24391362,0,110,0,0,24.58,384,[110 96 6 0 0 0 0 0 0 0 0 0 21 -6 21 -5 20 -5 20 -4 19 -3 19 -3 18 -2 17 -2 17 -1 15 -1 16 -1 15 -1 14 -1 13 -1 12 -1 12 -1 11 -1 10 -2 10 -2 10 -2 9 -2 9 -3 9 -4 8 -5 8 -5 8 -5 0 0 7 -6 7 -6 7 -7 7 -7 7 -8 7 -8 7 -8 7 -9 7 -9 6 -9 6 -9 7 -9 7 -9 7 -10 7 -9 6 -10 7 -10 6 -10 7 -9 6 -9 7 -9 6 -9 6 -9 6 -9 6 -8 5 -8 0 0 0 0 0 0 0 0 0 0 ],1687784615.129792
CSI_DATA,STA,08:3A:F2:A8:E0:C1,-39,11,1,5,1,1,1,1,0,0,0,-95,1,1,1,24401226,0,110,0,0,24.59,384,[110 96 6 0 0 0 0 0 0 0 0 0 -13 24 -14 23 -14 22 -14 21 -15 20 -14 18 -15 17 -14 16 -14 16 -14 14 -14 15 -13 14 -12 12 -12 12 -11 11 -10 12 -10 11 -9 10 -8 10 -7 10 -7 10 -6 10 -6 10 -4 11 -4 11 -3 11 0 0 -2 11 -1 12 0 11 0 12 0 12 0 13 0 13 0 13 0 13 0 14 1 13 1 14 1 14 1 14 1 14 2 13 1 14 1 13 1 13 1 13 0 13 0 13 0 12 1 12 1 12 1 11 0 0 0 0 0 0 0 0 0 0 ],1687784615.139605
CSI_DATA,STA,08:3A:F2:A8:E0:C1,-40,11,1,6,1,1,1,1,0,0,0,-95,1,1,1,24413226,0,110,0,0,24.6019,384,[110 96 6 0 0 0 0 0 0 0 0 0 -4 -26 -3 -25 -2 -25 -1 -23 0 -23 0 -21 1 -21 2 -20 2 -20 1 -19 2 -18 2 -18 1 -16 1 -16 1 -15 1 -15 1 -14 1 -14 0 -12 -1 -12 -2 -12 -2 -12 -2 -11 -3 -11 -3 -11 -4 -10 0 0 -4 -10 -6 -10 -6 -10 -6 -10 -7 -10 -7 -10 -7 -11 -8 -11 -7 -11 -9 -11 -9 -11 -8 -11 -9 -11 -8 -11 -8 -11 -8 -11 -9 -12 -8 -11 -8 -11 -8 -11 -8 -11 -8 -11 -7 -11 -8 -10 -7 -10 -8 -9 0 0 0 0 0 0 0 0 0 0 ],1687784615.151594
CSI_DATA,STA,08:3A:F2:A8:E0:C1,-40,11,1,6,1,1,1,1,0,0,0,-95,1,1,1,24422235,0,110,0,0,24.6109,384,[110 96 6 0 0 0 0 0 0 0 0 0 -23 2 -22 1 -22 1 -22 0 -21 -1 -19 -1 -19 -1 -18 -2 -17 -2 -17 -2 -16 -2 -16 -2 -15 -2 -14 -2 -14 -2 -13 -1 -12 -1 -12 -1 -12 -1 -11 0 -10 0 -10 0 -10 1 -9 2 -9 3 -9 3 0 0 -9 4 -9 5 -8 5 -9 6 -9 6 -9 6 -9 6 -9 6 -9 7 -9 7 -9 8 -9 8 -9 8 -9 8 -9 8 -8 8 -9 8 -8 7 -9 7 -8 7 -8 7 -8 7 -8 7 -8 7 -8 6 -7 7 0 0 0 0 0 0 0 0 0 0 ],1687784615.16084
CSI_DATA,STA,08:3A:F2:A8:E0:C1,-39,11,1,5,1,1,1,1,0,0,0,-95,1,1,1,24432819,0,110,0,0,24.6216,384,[110 96 6 0 0 0 0 0 0 0 0 0 12 21 11 21 11 20 9 20 8 19 7 19 6 18 5 17 4 18 5 16 5 16 4 16 5 15 5 14 4 14 3 13 4 12 3 11 5 10 4 10 5 9 5 9 5 8 7 7 7 7 7 7 0 0 7 6 8 6 9 6 8 5 9 6 10 5 10 6 10 5 11 6 10 5 11 4 11 5 11 5 11 5 11 5 11 5 11 5 11 4 11 5 10 5 10 5 10 5 10 4 10 4 10 5 9 4 0 0 0 0 0 0 0 0 0 0 ],1687784615.170771
CSI_DATA,STA,08:3A:F2:A8:E0:C1,-39,11,1,5,1,1,1,1,0,0,0,-95,1,1,1,24441044,0,110,0,0,24.6297,384,[110 96 6 0 0 0 0 0 0 0 0 0 -13 21 -14 20 -14 19 -15 18 -14 16 -14 16 -14 14 -14 13 -14 13 -13 12 -13 12 -12 12 -12 11 -11 10 -11 9 -10 10 -9 9 -9 9 -8 9 -7 8 -7 8 -6 8 -5 9 -5 9 -5 9 -3 10 0 0 -3 10 -2 10 -2 10 -1 10 -1 11 -1 11 -1 11 -1 11 -1 12 -1 12 0 12 0 12 0 13 0 13 0 12 1 12 0 12 0 12 0 12 0 11 -1 11 -1 11 0 11 0 11 0 11 0 10 0 0 0 0 0 0 0 0 0 0 ],1687784615.179502
CSI_DATA,STA,08:3A:F2:A8:E0:C1,-40,11,1,6,1,1,1,1,0,0,0,-95,1,1,1,24449848,0,110,0,0,24.6386,384,[110 96 6 0 0 0 0 0 0 0 0 0 21 7 20 8 20 7 19 8 18 8 16 8 15 9 14 9 14 9 13 8 13 8 12 8 12 8 12 7 11 7 11 6 10 5 9 4 9 4 9 4 9 4 9 3 9 2 9 1 9 1 9 0 0 0 9 -1 9 -1 10 -2 10 -2 10 -2 10 -2 10 -2 11 -3 11 -3 10 -3 10 -4 11 -3 11 -4 11 -4 11 -4 11 -4 11 -4 11 -4 10 -3 10 -4 10 -3 10 -3 10 -3 10 -4 9 -3 9 -4 0 0 0 0 0 0 0 0 0 0 ],1687784615.18784
CSI_DATA,STA,08:3A:F2:A8:E0:C1,-39,11,1,5,1,1,1,1,0,0,0,-95,1,1,1,24461178,0,110,0,0,24.6499,384,[110 96 6 0 0 0 0 0 0 0 0 0 -4 25 -4 23 -5 23 -6 21 -6 21 -6 19 -7 19 -6 18 -7 18 -7 17 -7 16 -7 15 -7 14 -6 14 -6 13 -5 13 -4 12 -4 12 -3 11 -3 11 -2 10 -2 10 -1 10 0 10 0 10 1 10 0 0 2 10 3 10 3 9 4 10 4 10 5 10 5 11 5 10 5 10 5 11 6 10 5 11 6 11 6 11 6 11 6 10 7 11 6 10 6 10 6 10 6 10 5 10 5 10 5 9 5 9 5 9 0 0 0 0 0 0 0 0 0 0 ],1687784615.1988358
CSI_DATA,STA,08:3A:F2:A8:E0:C1,-39,11,1,5,1,1,1,1,0,0,0,-95,1,1,1,24470962,0,110,0,0,24.6597,384,[110 96 6 0 0 0 0 0 0 0 0 0 6 24 5 24 5 22 3 23 3 20 1 21 1 19 0 19 0 19 0 17 0 17 0 16 0 16 1 15 1 15 0 13 0 13 1 12 2 11 2 11 2 10 3 10 3 9 4 9 4 9 5 8 0 0 6 8 7 8 7 8 7 7 8 8 9 8 8 8 9 7 9 7 9 7 10 7 10 8 10 7 10 7 9 7 10 7 10 7 10 7 10 7 9 6 9 7 9 7 8 7 9 6 9 6 8 6 0 0 0 0 0 0 0 0 0 0 ],1687784615.2085261
CSI_DATA,STA,08:3A:F2:A8:E0:C1,-39,11,1,5,1,1,1,1,0,0,0,-95,1,1,1,24479874,0,110,0,0,24.6687,384,[110 96 6 0 0 0 0 0 0 0 0 0 16 19 15 19 15 18 13 18 12 17 10 18 9 17 8 17 8 17 8 16 8 15 7 15 7 14 7 13 7 12 6 12 6 11 6 10 7 10 7 9 6 8 7 8 7 7 7 6 8 6 8 5 0 0 9 5 10 5 10 4 10 4 10 4 11 4 11 4 12 4 12 3 12 3 12 2 12 3 12 3 12 3 12 3 12 3 12 2 12 2 12 2 11 2 11 3 11 3 11 2 11 2 11 2 10 2 0 0 0 0 0 0 0 0 0 0 ],1687784615.2174149
CSI_DATA,STA,08:3A:F2:A8:E0:C1,-39,11,1,5,1,1,1,1,0,0,0,-95,1,1,1,24490947,0,110,0,0,24.6799,384,[110 96 6 0 0 0 0 0 0 0 0 0 -3 -23 -2 -22 -3 -22 -1 -21 -1 -20 0 -20 1 -19 1 -18 1 -17 1 -17 2 -16 2 -16 1 -15 1 -14 1 -14 1 -13 0 -12 0 -12 -1 -11 -1 -11 -1 -11 -2 -10 -2 -10 -3 -10 -3 -9 -3 -9 0 0 -4 -9 -5 -9 -6 -9 -6 -9 -6 -9 -7 -9 -7 -9 -7 -10 -7 -9 -8 -9 -8 -9 -8 -10 -8 -9 -8 -9 -8 -9 -8 -9 -8 -10 -8 -9 -8 -9 -8 -9 -8 -9 -7 -8 -7 -9 -8 -8 -7 -8 -7 -8 0 0 0 0 0 0 0 0 0 0 ],1687784615.229573
CSI_DATA,STA,08:3A:F2:A8:E0:C1,-39,11,1,5,1,1,1,1,0,0,0,-95,1,1,1,24501327,0,110,0,0,24.6901,384,[110 96 6 0 0 0 0 0 0 0 0 0 -22 6 -22 6 -21 4 -22 3 -19 3 -19 2 -18 1 -17 1 -17 0 -16 0 -16 1 -16 0 -15 0 -14 0 -14 0 -13 0 -12 1 -11 1 -11 1 -10 1 -10 1 -10 2 -9 2 -9 3 -9 4 -9 4 0 0 -9 5 -8 5 -8 6 -7 6 -8 7 -8 7 -8 7 -8 7 -8 8 -8 8 -8 8 -8 8 -8 8 -8 9 -8 8 -8 9 -8 8 -8 8 -7 8 -8 7 -8 8 -8 8 -7 7 -7 8 -7 7 -7 7 0 0 0 0 0 0 0 0 0 0 ],1687784615.239508
CSI_DATA,STA,08:3A:F2:A8:E0:C1,-39,11,1,5,1,1,1,1,0,0,0,-95,1,1,1,24515801,0,110,0,0,24.7046,384,[110 96 6 0 0 0 0 0 0 0 0 0 3 -25 4 -25 4 -23 5 -24 5 -21 6 -21 7 -19 7 -19 7 -19 5 -17 6 -17 5 -16 5 -15 5 -15 5 -14 4 -13 4 -13 3 -12 2 -12 2 -12 1 -11 1 -11 0 -11 -1 -11 -1 -11 -2 -11 0 0 -3 -11 -4 -11 -4 -11 -4 -10 -5 -11 -5 -12 -5 -12 -6 -12 -6 -12 -6 -11 -7 -12 -7 -11 -7 -12 -7 -12 -6 -12 -7 -12 -7 -12 -7 -12 -6 -11 -6 -11 -6 -12 -6 -11 -6 -11 -7 -10 -7 -10 -6 -10 0 0 0 0 0 0 0 0 0 0 ],1687784615.254495
CSI_DATA,STA,08:3A:F2:A8:E0:C1,-39,11,1,5,1,1,1,1,0,0,0,-95,1,1,1,24522854,0,110,0,0,24.7115,384,[110 96 6 0 0 0 0 0 0 0 0 0 25 -2 23 -2 24 -2 23 0 22 0 20 1 20 1 19 1 18 1 18 2 17 2 16 2 16 2 15 2 14 2 14 1 13 1 12 0 11 0 11 -1 10 -1 10 -1 10 -2 10 -3 9 -3 9 -4 0 0 9 -6 9 -6 9 -6 9 -7 9 -7 9 -8 10 -8 8 -8 9 -9 9 -9 9 -9 9 -9 10 -9 9 -9 9 -9 9 -9 9 -10 9 -9 8 -9 8 -9 8 -9 8 -9 8 -9 8 -9 8 -8 7 -8 0 0 0 0 0 0 0 0 0 0 ],1687784615.260011
CSI_DATA,STA,08:3A:F2:A8:E0:C1,-38,11,1,4,1,1,1,1,0,0,0,-95,1,1,1,24531374,0,110,0,0,24.7202,384,[110 96 6 0 0 0 0 0 0 0 0 0 22 2 22 3 21 3 21 4 19 5 18 5 17 5 16 5 16 5 14 5 15 5 14 5 14 5 13 5 12 5 12 3 11 3 10 2 10 2 10 2 10 2 10 1 9 0 9 -1 9 -1 9 -2 0 0 9 -3 9 -3 10 -4 9 -5 9 -4 9 -5 10 -5 9 -5 10 -6 9 -6 9 -7 10 -6 10 -6 10 -7 10 -6 10 -7 10 -7 9 -7 9 -6 8 -6 9 -6 9 -6 9 -6 8 -7 8 -6 8 -6 0 0 0 0 0 0 0 0 0 0 ],1687784615.269325
CSI_DATA,STA,08:3A:F2:A8:E0:C1,-39,11,1,5,1,1,1,1,0,0,0,-95,1,1,1,24542309,0,110,0,0,24.7311,384,[110 96 6 0 0 0 0 0 0 0 0 0 -23 10 -23 9 -23 9 -23 7 -22 6 -20 5 -20 5 -19 4 -19 4 -18 3 -18 3 -17 3 -16 2 -15 2 -15 2 -14 4 -13 3 -12 3 -12 3 -11 4 -10 4 -10 4 -10 5 -9 5 -9 6 -8 6 0 0 -8 7 -7 8 -7 8 -7 9 -7 9 -7 9 -7 9 -7 10 -7 10 -6 11 -6 11 -7 11 -6 11 -6 11 -6 11 -6 11 -6 11 -6 11 -6 10 -6 10 -6 10 -6 10 -6 10 -5 10 -5 10 -5 10 0 0 0 0 0 0 0 0 0 0 ],1687784615.281079
CSI_DATA,STA,08:3A:F2:A8:E0:C1,-39,11,1,5,1,1,1,1,0,0,0,-95,1,1,1,24550756,0,110,0,0,24.7395,384,[110 96 6 0 0 0 0 0 0 0 0 0 -20 16 -19 15 -19 14 -20 13 -19 12 -18 11 -18 10 -17 9 -17 9 -17 7 -17 7 -16 6 -15 6 -15 6 -13 6 -13 7 -12 6 -11 6 -10 6 -10 6 -9 6 -9 6 -8 7 -8 7 -7 8 -7 8 0 0 -6 9 -5 9 -5 9 -5 10 -5 10 -5 11 -5 11 -5 11 -4 12 -4 11 -4 12 -4 12 -5 12 -4 12 -4 12 -3 12 -4 12 -4 12 -4 11 -4 11 -4 11 -4 11 -5 11 -4 11 -4 11 -4 10 0 0 0 0 0 0 0 0 0 0 ],1687784615.289145
CSI_DATA,STA,08:3A:F2:A8:E0:C1,-39,11,1,5,1,1,1,1,0,0,0,-95,1,1,1,24560626,0,110,0,0,24.7494,384,[110 96 6 0 0 0 0 0 0 0 0 0 -5 -29 -4 -28 -4 -27 -2 -27 -1 -25 -1 -24 1 -23 1 -23 2 -22 1 -20 1 -20 1 -20 0 -18 0 -18 0 -17 0 -16 0 -16 0 -15 -1 -14 -1 -13 -2 -13 -2 -13 -3 -12 -4 -11 -5 -12 -5 -11 0 0 -6 -11 -7 -11 -8 -11 -8 -10 -9 -11 -9 -11 -9 -11 -9 -11 -10 -11 -10 -11 -11 -11 -10 -11 -10 -11 -11 -11 -10 -11 -10 -11 -10 -11 -10 -11 -9 -11 -10 -10 -9 -11 -9 -11 -9 -11 -10 -10 -9 -10 -9 -10 0 0 0 0 0 0 0 0 0 0 ],1687784615.299365
CSI_DATA,STA,08:3A:F2:A8:E0:C1,-39,11,1,5,1,1,1,1,0,0,0,-95,1,1,1,24570732,0,110,0,0,24.7595,384,[110 96 6 0 0 0 0 0 0 0 0 0 10 19 9 20 9 19 8 19 7 18 6 18 5 17 4 16 4 16 4 15 4 15 4 15 4 14 4 13 4 12 3 11 3 11 3 10 4 10 4 9 4 9 4 8 4 7 5 7 6 7 6 6 0 0 7 6 7 5 8 5 8 5 9 5 9 5 9 5 9 5 9 5 9 4 10 4 10 5 10 4 10 5 10 4 10 4 10 4 10 4 10 4 9 4 9 5 9 4 9 4 9 3 9 4 9 3 0 0 0 0 0 0 0 0 0 0 ],1687784615.308407
CSI_DATA,STA,08:3A:F2:A8:E0:C1,-39,11,1,5,1,1,1,1,0,0,0,-95,1,1,1,24580737,0,110,0,0,24.7695,384,[110 96 6 0 0 0 0 0 0 0 0 0 -24 -8 -23 -9 -23 -9 -23 -10 -21 -10 -19 -10 -18 -10 -17 -10 -17 -10 -16 -10 -16 -10 -15 -10 -14 -9 -14 -9 -13 -8 -13 -7 -12 -7 -12 -6 -12 -5 -12 -5 -11 -5 -11 -4 -11 -3 -11 -2 -11 -2 -11 0 0 0 -11 0 -11 1 -11 1 -12 2 -12 2 -12 3 -12 2 -12 3 -12 4 -13 4 -13 4 -13 4 -13 4 -13 4 -13 4 -12 5 -13 5 -12 4 -12 4 -12 4 -12 4 -12 4 -12 4 -11 4 -11 4 -11 4 0 0 0 0 0 0 0 0 0 0 ],1687784615.3187048
CSI_DATA,STA,08:3A:F2:A8:E0:C1,-39,11,1,5,1,1,1,1,0,0,0,-95,1,1,1,24592599,0,110,0,0,24.7815,384,[110 96 6 0 0 0 0 0 0 0 0 0 10 -23 11 -22 11 -21 12 -21 11 -18 12 -18 11 -17 11 -16 11 -15 11 -14 11 -14 11 -13 10 -13 9 -12 9 -12 8 -11 7 -11 7 -11 5 -11 5 -11 4 -10 4 -10 3 -10 2 -10 2 -11 2 -11 0 0 1 -11 0 -11 -1 -12 -1 -11 -1 -12 -2 -12 -2 -12 -2 -12 -2 -13 -3 -13 -3 -13 -2 -13 -2 -13 -3 -13 -3 -13 -3 -13 -3 -13 -3 -13 -3 -12 -3 -12 -3 -13 -3 -13 -3 -12 -3 -12 -3 -12 -2 -11 0 0 0 0 0 0 0 0 0 0 ],1687784615.331383
CSI_DATA,STA,08:3A:F2:A8:E0:C1,-38,11,1,4,1,1,1,1,0,0,0,-95,1,1,1,24603936,0,110,0,0,24.7927,384,[110 96 6 0 0 0 0 0 0 0 0 0 21 7 20 7 20 7 19 8 18 8 16 8 16 8 14 8 14 8 14 8 13 8 13 8 12 7 12 7 10 7 12 5 10 5 9 4 9 4 9 3 9 3 9 2 9 2 9 1 9 1 9 0 0 0 9 -1 9 -2 9 -3 10 -3 10 -3 10 -3 11 -3 10 -3 10 -4 10 -4 10 -5 11 -4 11 -4 10 -4 11 -5 10 -5 11 -5 10 -5 10 -5 9 -5 10 -4 10 -4 10 -4 9 -5 9 -4 9 -4 0 0 0 0 0 0 0 0 0 0 ],1687784615.341378
CSI_DATA,STA,08:3A:F2:A8:E0:C1,-39,11,1,5,1,1,1,1,0,0,0,-95,1,1,1,24610664,0,110,0,0,24.7993,384,[110 96 6 0 0 0 0 0 0 0 0 0 -24 -11 -22 -11 -22 -11 -21 -12 -20 -12 -18 -12 -17 -12 -16 -12 -15 -12 -15 -11 -14 -11 -14 -11 -14 -10 -13 -10 -12 -9 -12 -9 -11 -8 -11 -7 -11 -7 -11 -7 -10 -6 -11 -5 -10 -4 -11 -3 -11 -3 -11 -2 0 0 -11 -1 -12 -1 -11 0 -12 0 -12 0 -12 1 -13 0 -13 0 -13 1 -13 2 -13 2 -13 2 -14 2 -13 2 -13 2 -13 2 -14 2 -13 2 -13 2 -13 1 -13 1 -13 1 -12 2 -12 2 -12 2 -11 2 0 0 0 0 0 0 0 0 0 0 ],1687784615.3484979
CSI_DATA,STA,08:3A:F2:A8:E0:C1,-39,11,1,5,1,1,1,1,0,0,0,-95,1,1,1,24622668,0,110,0,0,24.8114,384,[110 96 6 0 0 0 0 0 0 0 0 0 21 -7 20 -6 20 -5 20 -5 20 -4 18 -3 18 -2 17 -2 17 -1 16 -1 15 -2 14 -2 14 -2 13 -1 12 -1 12 -2 11 -2 10 -2 10 -2 10 -2 9 -2 9 -3 9 -4 8 -4 8 -5 7 -6 0 0 8 -6 7 -6 7 -7 7 -8 7 -8 7 -8 7 -8 7 -9 7 -9 7 -9 7 -9 7 -9 6 -10 7 -9 7 -9 7 -10 7 -10 6 -10 7 -9 6 -9 7 -9 7 -9 6 -8 5 -9 6 -8 5 -8 0 0 0 0 0 0 0 0 0 0 ],1687784615.36078
CSI_DATA,STA,08:3A:F2:A8:E0:C1,-39,11,1,5,1,1,1,1,0,0,0,-95,1,1,1,24630759,0,110,0,0,24.8195,384,[110 96 6 0 0 0 0 0 0 0 0 0 4 25 2 24 2 23 1 23 1 21 0 21 -1 20 -2 19 -2 18 -2 17 -2 17 -2 17 -1 15 -1 15 -1 14 -1 14 -1 13 -1 12 1 11 0 11 1 10 2 10 2 10 3 9 3 10 4 9 0 0 4 9 6 9 6 9 6 8 7 9 7 9 7 9 7 9 8 9 8 9 8 9 9 9 9 9 9 9 9 9 9 9 9 9 9 8 8 8 8 8 8 9 8 9 7 8 8 8 7 8 7 7 0 0 0 0 0 0 0 0 0 0 ],1687784615.3686311
CSI_DATA,STA,08:3A:F2:A8:E0:C1,-39,11,1,5,1,1,1,1,0,0,0,-95,1,1,1,24640971,0,110,0,0,24.8297,384,[110 96 6 0 0 0 0 0 0 0 0 0 23 8 22 9 22 8 21 10 20 9 18 10 16 10 16 10 15 10 15 10 14 9 14 9 13 8 13 8 12 8 11 7 11 6 10 5 10 5 10 5 10 4 10 4 10 3 10 2 10 1 10 0 0 0 10 0 11 0 10 -1 10 -2 11 -2 11 -2 12 -2 12 -3 12 -3 12 -3 12 -4 12 -4 12 -4 13 -3 12 -3 12 -3 12 -4 12 -4 12 -3 11 -3 11 -3 11 -3 11 -3 11 -4 11 -3 10 -3 0 0 0 0 0 0 0 0 0 0 ],1687784615.3792121
CSI_DATA,STA,08:3A:F2:A8:E0:C1,-38,11,1,4,1,1,1,1,0,0,0,-95,1,1,1,24652127,0,110,0,0,24.8409,384,[110 96 6 0 0 0 0 0 0 0 0 0 14 -18 14 -17 14 -17 15 -16 14 -15 14 -14 14 -13 13 -11 13 -11 13 -10 13 -11 12 -10 11 -9 11 -9 10 -8 10 -9 8 -8 8 -8 7 -8 7 -8 6 -7 6 -8 6 -8 5 -9 5 -9 4 -9 0 0 3 -10 2 -10 2 -10 2 -10 2 -11 2 -11 2 -12 2 -12 1 -12 1 -12 0 -12 1 -12 1 -12 1 -12 1 -12 0 -12 1 -13 0 -12 1 -12 0 -11 1 -12 1 -11 1 -11 0 -11 1 -11 0 -10 0 0 0 0 0 0 0 0 0 0 ],1687784615.390877
CSI_DATA,STA,08:3A:F2:A8:E0:C1,-39,11,1,5,1,1,1,1,0,0,0,-95,1,1,1,24660688,0,110,0,0,24.8494,384,[110 96 6 0 0 0 0 0 0 0 0 0 -14 21 -14 20 -14 20 -14 18 -15 17 -14 15 -14 15 -14 13 -14 13 -14 12 -13 12 -13 11 -12 11 -11 11 -11 9 -10 10 -9 9 -9 9 -8 9 -7 9 -7 9 -6 9 -6 9 -5 9 -4 9 -3 10 0 0 -3 10 -2 10 -1 10 -1 11 -1 11 -1 11 -1 12 0 12 0 12 0 12 0 12 1 13 1 13 0 12 0 13 1 12 0 13 1 12 0 12 0 12 0 12 0 12 0 12 1 11 0 11 0 10 0 0 0 0 0 0 0 0 0 0 ],1687784615.400079
CSI_DATA,STA,08:3A:F2:A8:E0:C1,-39,11,1,5,1,1,1,1,0,0,0,-95,1,1,1,24672118,0,110,0,0,24.8609,384,[110 96 6 0 0 0 0 0 0 0 0 0 -20 -16 -19 -16 -19 -15 -18 -16 -17 -15 -15 -16 -14 -15 -13 -15 -13 -15 -12 -14 -11 -14 -11 -14 -11 -13 -10 -13 -10 -12 -10 -11 -9 -10 -9 -9 -10 -9 -10 -8 -9 -8 -9 -7 -9 -6 -10 -6 -10 -5 -10 -4 0 0 -10 -3 -11 -3 -12 -2 -11 -2 -12 -2 -12 -2 -13 -2 -12 -1 -13 -1 -13 -1 -14 0 -13 -1 -13 -1 -14 -1 -13 -1 -13 -1 -13 -1 -13 -1 -13 0 -13 0 -13 -1 -13 -1 -12 -1 -12 0 -12 -1 -12 0 0 0 0 0 0 0 0 0 0 0 ],1687784615.4108238
CSI_DATA,STA,08:3A:F2:A8:E0:C1,-40,11,1,6,1,1,1,1,0,0,0,-95,1,1,1,24680785,0,110,0,0,24.8695,384,[110 96 6 0 0 0 0 0 0 0 0 0 20 13 19 14 19 14 18 14 17 14 15 14 14 14 14 14 13 13 12 13 11 12 11 12 11 12 10 11 10 11 10 9 8 9 8 8 9 8 9 7 9 6 9 6 9 5 9 4 9 4 9 3 0 0 10 2 11 2 10 2 11 1 11 1 12 1 12 0 12 0 12 0 12 0 12 0 13 0 13 0 13 0 13 0 13 0 13 0 13 -1 12 0 12 -1 12 0 11 0 11 0 12 0 11 0 10 0 0 0 0 0 0 0 0 0 0 0 ],1687784615.4186392
CSI_DATA,STA,08:3A:F2:A8:E0:C1,-40,11,1,6,1,1,1,1,0,0,0,-95,1,1,1,24693405,0,110,0,0,24.8823,384,[110 96 6 0 0 0 0 0 0 0 0 0 17 14 15 14 15 14 14 14 14 14 12 13 11 13 10 13 10 13 9 12 9 12 8 12 8 11 8 10 8 10 7 9 7 8 7 8 7 7 7 7 7 6 7 5 7 5 7 5 8 4 8 3 0 0 8 3 9 2 9 2 9 1 10 1 10 1 10 1 10 1 10 1 11 1 11 0 11 1 11 0 11 0 11 0 11 0 11 0 11 0 11 0 10 0 10 1 10 0 10 0 10 0 10 0 9 0 0 0 0 0 0 0 0 0 0 0 ],1687784615.431805
CSI_DATA,STA,08:3A:F2:A8:E0:C1,-40,11,1,6,1,1,1,1,0,0,0,-95,1,1,1,24701925,0,110,0,0,24.8907,384,[110 96 6 0 0 0 0 0 0 0 0 0 1 23 0 22 0 21 -1 20 -1 19 -2 19 -2 18 -3 17 -3 17 -3 16 -3 15 -3 15 -3 14 -2 13 -2 13 -2 13 -1 12 -1 11 -1 10 0 10 0 10 1 9 1 9 2 9 2 9 3 8 0 0 3 8 4 8 5 8 5 8 5 8 6 8 6 8 6 8 6 8 7 8 7 8 7 9 7 8 7 9 7 8 7 8 7 8 7 8 7 8 7 8 7 8 7 8 6 8 7 7 7 7 6 7 0 0 0 0 0 0 0 0 0 0 ],1687784615.439296
CSI_DATA,STA,08:3A:F2:A8:E0:C1,-39,11,1,5,1,1,1,1,0,0,0,-95,1,1,1,24713538,0,110,0,0,24.9023,384,[110 96 6 0 0 0 0 0 0 0 0 0 17 -15 17 -14 17 -13 17 -12 16 -11 16 -10 15 -9 15 -9 15 -8 14 -7 14 -7 13 -7 13 -7 12 -6 11 -6 11 -6 10 -6 9 -6 8 -6 8 -6 8 -6 7 -7 6 -7 6 -7 6 -8 5 -8 0 0 5 -9 4 -9 4 -9 4 -9 3 -10 3 -11 4 -11 3 -11 3 -11 3 -11 2 -11 3 -11 3 -12 3 -12 3 -12 3 -11 3 -12 2 -11 3 -11 2 -11 3 -11 3 -11 3 -11 2 -10 3 -10 2 -10 0 0 0 0 0 0 0 0 0 0 ],1687784615.451457
CSI_DATA,STA,08:3A:F2:A8:E0:C1,-39,11,1,5,1,1,1,1,0,0,0,-95,1,1,1,24724600,0,110,0,0,24.9134,384,[110 96 6 0 0 0 0 0 0 0 0 0 21 -13 21 -12 20 -11 21 -10 20 -9 19 -8 18 -7 17 -6 18 -6 17 -5 16 -6 16 -5 15 -4 14 -5 13 -5 12 -5 12 -4 11 -5 10 -5 10 -5 9 -5 9 -6 8 -6 8 -7 7 -7 7 -8 0 0 7 -9 6 -8 6 -9 6 -10 5 -10 6 -11 6 -11 5 -11 5 -11 5 -11 5 -12 5 -12 5 -12 5 -12 5 -12 5 -12 5 -12 5 -12 5 -12 5 -12 5 -11 5 -11 5 -11 4 -11 5 -10 4 -10 0 0 0 0 0 0 0 0 0 0 ],1687784615.462307
CSI_DATA,STA,08:3A:F2:A8:E0:C1,-40,11,1,6,1,1,1,1,0,0,0,-95,1,1,1,24731701,0,110,0,0,24.9203,384,[110 96 6 0 0 0 0 0 0 0 0 0 -21 -16 -19 -15 -20 -15 -18 -16 -17 -16 -15 -15 -14 -16 -13 -15 -13 -15 -13 -15 -12 -14 -11 -14 -11 -13 -11 -13 -10 -11 -10 -11 -9 -10 -9 -10 -10 -9 -10 -9 -10 -8 -10 -7 -9 -6 -10 -6 -10 -6 -10 -4 0 0 -11 -3 -11 -3 -11 -3 -12 -3 -12 -2 -12 -2 -13 -1 -13 -1 -13 -1 -13 -1 -13 -1 -14 -1 -13 -1 -13 -1 -14 -1 -13 -1 -14 -1 -13 -1 -13 -1 -13 -1 -13 -1 -13 -1 -13 -2 -13 -1 -12 -1 -12 -1 0 0 0 0 0 0 0 0 0 0 ],1687784615.469692
CSI_DATA,STA,08:3A:F2:A8:E0:C1,-40,11,1,6,1,1,1,1,0,0,0,-95,1,1,1,24741798,0,110,0,0,24.9305,384,[110 96 6 0 0 0 0 0 0 0 0 0 -7 -25 -5 -25 -5 -24 -4 -24 -3 -22 -2 -21 -1 -21 0 -20 0 -20 -1 -18 -1 -18 -1 -17 -1 -17 -2 -17 -1 -15 -1 -14 -1 -14 -1 -13 -2 -13 -2 -12 -2 -12 -3 -12 -4 -10 -5 -10 -5 -10 -6 -10 0 0 -6 -9 -7 -9 -7 -9 -8 -9 -8 -9 -8 -10 -9 -9 -9 -9 -9 -10 -10 -9 -11 -8 -10 -9 -11 -9 -10 -9 -10 -9 -11 -9 -10 -9 -10 -9 -9 -10 -10 -9 -9 -9 -9 -9 -9 -9 -10 -8 -9 -8 -9 -8 0 0 0 0 0 0 0 0 0 0 ],1687784615.480331
CSI_DATA,STA,08:3A:F2:A8:E0:C1,-40,11,1,6,1,1,1,1,0,0,0,-95,1,1,1,24753598,0,110,0,0,24.9423,384,[110 96 6 0 0 0 0 0 0 0 0 0 23 -7 22 -5 23 -5 22 -4 22 -4 20 -2 20 -2 19 -2 18 -1 18 -2 17 -2 16 -1 16 -1 15 -1 14 -1 14 -2 12 -2 12 -3 11 -2 11 -3 10 -3 10 -3 10 -4 9 -5 9 -5 8 -6 0 0 8 -7 8 -7 7 -8 7 -9 7 -9 7 -9 8 -9 7 -10 7 -10 7 -10 7 -11 7 -11 7 -11 7 -11 7 -11 7 -11 7 -12 7 -11 7 -11 7 -11 7 -10 7 -10 7 -10 6 -10 6 -10 5 -10 0 0 0 0 0 0 0 0 0 0 ],1687784615.491393
CSI_DATA,STA,08:3A:F2:A8:E0:C1,-40,11,1,6,1,1,1,1,0,0,0,-95,1,1,1,24763091,0,110,0,0,24.9518,384,[110 96 6 0 0 0 0 0 0 0 0 0 22 2 21 3 20 3 20 4 19 4 17 5 17 4 16 5 16 5 14 5 14 5 13 5 13 6 12 5 12 4 11 4 11 3 10 2 10 2 10 1 10 1 9 1 9 0 9 0 9 -1 9 -2 0 0 9 -3 9 -3 9 -4 8 -4 9 -4 9 -5 9 -5 9 -6 9 -6 9 -6 10 -6 10 -6 10 -6 10 -6 10 -6 10 -6 10 -6 10 -6 9 -6 9 -6 9 -6 9 -6 9 -6 9 -6 9 -5 8 -5 0 0 0 0 0 0 0 0 0 0 ],1687784615.500523
CSI_DATA,STA,08:3A:F2:A8:E0:C1,-40,11,1,6,1,1,1,1,0,0,0,-95,1,1,1,24771819,0,110,0,0,24.9606,384,[110 96 6 0 0 0 0 0 0 0 0 0 -13 19 -13 18 -13 17 -13 16 -14 15 -13 14 -13 13 -13 12 -13 12 -12 11 -12 11 -12 10 -11 10 -10 10 -10 9 -9 9 -9 8 -8 8 -7 8 -7 8 -6 8 -6 8 -5 8 -4 8 -4 8 -4 9 0 0 -3 9 -2 9 -2 10 -1 10 -1 10 -1 10 -1 10 0 10 0 11 0 11 0 12 0 11 0 11 0 11 0 11 0 11 0 11 0 11 0 11 0 10 0 11 0 10 0 10 0 10 0 10 0 10 0 0 0 0 0 0 0 0 0 0 ],1687784615.509436
CSI_DATA,STA,08:3A:F2:A8:E0:C1,-38,11,1,4,1,1,1,1,0,0,0,-95,1,1,1,24784381,0,110,0,0,24.9731,384,[110 96 6 0 0 0 0 0 0 0 0 0 15 -17 15 -16 15 -15 16 -14 15 -13 15 -12 15 -11 14 -10 14 -10 13 -10 13 -10 13 -9 12 -9 11 -9 11 -8 10 -8 10 -7 8 -7 7 -7 7 -7 7 -8 7 -8 6 -8 4 -8 5 -9 4 -9 0 0 3 -10 3 -10 2 -10 2 -10 2 -11 2 -11 2 -11 1 -11 1 -12 1 -12 0 -12 1 -12 1 -12 0 -12 1 -12 0 -12 0 -13 0 -12 0 -12 0 -11 1 -12 1 -11 0 -11 0 -11 0 -11 0 -10 0 0 0 0 0 0 0 0 0 0 ],1687784615.522561
CSI_DATA,STA,08:3A:F2:A8:E0:C1,-40,11,1,6,1,1,1,1,0,0,0,-95,1,1,1,24792607,0,110,0,0,24.9817,384,[110 96 6 0 0 0 0 0 0 0 0 0 -18 16 -19 15 -18 14 -19 13 -18 12 -18 11 -18 10 -17 9 -17 9 -16 8 -16 8 -15 7 -15 7 -13 7 -13 7 -12 7 -12 6 -11 6 -10 6 -10 6 -9 6 -8 7 -8 7 -7 7 -7 8 -7 8 0 0 -6 9 -5 9 -4 10 -4 10 -4 11 -3 11 -4 11 -4 11 -4 11 -3 11 -4 12 -4 12 -3 12 -3 12 -3 12 -3 12 -3 12 -3 12 -3 12 -3 11 -4 11 -3 11 -3 11 -3 11 -3 11 -3 10 0 0 0 0 0 0 0 0 0 0 ],1687784615.5307992
CSI_DATA,STA,08:3A:F2:A8:E0:C1,-40,11,1,6,1,1,1,1,0,0,0,-95,1,1,1,24801797,0,110,0,0,24.9905,384,[110 96 6 0 0 0 0 0 0 0 0 0 -18 18 -18 16 -18 16 -18 14 -18 13 -17 13 -17 11 -17 10 -17 10 -16 9 -16 9 -15 9 -14 8 -13 8 -12 8 -12 8 -11 7 -11 7 -10 7 -9 7 -9 7 -8 7 -7 8 -6 8 -6 8 -6 9 0 0 -5 9 -4 10 -4 10 -4 10 -3 11 -3 11 -3 11 -3 11 -3 12 -2 12 -2 12 -2 13 -2 13 -2 13 -2 12 -2 12 -2 13 -2 13 -2 12 -2 12 -2 12 -2 12 -2 11 -2 11 -1 11 -2 10 0 0 0 0 0 0 0 0 0 0 ],1687784615.540246
CSI_DATA,STA,08:3A:F2:A8:E0:C1,-40,11,1,6,1,1,1,1,0,0,0,-95,1,1,1,24811756,0,110,0,0,25.0005,384,[110 96 6 0 0 0 0 0 0 0 0 0 -26 -2 -25 -3 -25 -3 -24 -5 -23 -4 -21 -5 -20 -5 -19 -5 -19 -6 -18 -6 -17 -5 -17 -5 -16 -5 -16 -5 -15 -5 -15 -4 -13 -4 -13 -3 -13 -3 -12 -2 -12 -2 -12 -1 -11 0 -11 0 -11 1 -11 2 0 0 -11 3 -11 3 -10 4 -11 5 -11 5 -11 5 -11 5 -11 6 -11 6 -11 6 -11 6 -12 6 -12 7 -11 7 -11 6 -11 7 -12 7 -11 6 -11 6 -11 6 -11 6 -11 6 -11 6 -10 6 -10 6 -9 6 0 0 0 0 0 0 0 0 0 0 ],1687784615.549664
CSI_DATA,STA,08:3A:F2:A8:E0:C1,-39,11,1,5,1,1,1,1,0,0,0,-95,1,1,1,24823060,0,110,0,0,25.0118,384,[110 96 6 0 0 0 0 0 0 0 0 0 21 -13 21 -13 20 -11 21 -10 19 -9 19 -9 18 -7 17 -7 18 -6 16 -6 17 -6 15 -6 15 -5 14 -5 14 -5 12 -5 12 -5 11 -5 10 -5 10 -5 9 -6 9 -6 8 -6 7 -7 7 -7 7 -8 0 0 7 -9 6 -9 6 -10 5 -10 5 -10 5 -11 6 -11 5 -11 5 -12 5 -12 4 -12 4 -12 4 -12 5 -13 4 -12 4 -13 5 -13 4 -12 5 -12 4 -12 4 -12 5 -11 4 -11 4 -12 4 -11 3 -11 0 0 0 0 0 0 0 0 0 0 ],1687784615.560679
CSI_DATA,STA,08:3A:F2:A8:E0:C1,-39,11,1,5,1,1,1,1,0,0,0,-95,1,1,1,24833011,0,110,0,0,25.0217,384,[110 96 6 0 0 0 0 0 0 0 0 0 11 -23 12 -22 12 -21 12 -20 12 -19 12 -18 12 -17 12 -16 12 -15 12 -14 11 -14 11 -13 10 -12 9 -12 8 -11 8 -12 8 -11 7 -11 6 -10 6 -11 5 -10 4 -10 4 -10 3 -10 2 -11 2 -11 0 0 1 -11 0 -11 -1 -11 -1 -12 -1 -12 -1 -12 -1 -12 -2 -13 -2 -13 -3 -13 -3 -13 -2 -13 -3 -13 -3 -13 -3 -13 -3 -13 -3 -13 -3 -13 -3 -13 -3 -13 -2 -13 -3 -13 -2 -12 -3 -12 -2 -12 -3 -11 0 0 0 0 0 0 0 0 0 0 ],1687784615.574029
CSI_DATA,STA,08:3A:F2:A8:E0:C1,-40,11,1,6,1,1,1,1,0,0,0,-95,1,1,1,24841800,0,110,0,0,25.0305,384,[110 96 6 0 0 0 0 0 0 0 0 0 18 12 17 13 16 13 16 13 15 13 14 13 12 13 12 12 11 12 10 12 10 11 10 11 9 11 9 10 9 10 9 9 8 8 8 7 8 7 8 6 8 6 8 5 8 5 8 4 8 3 9 2 0 0 9 2 9 1 10 1 10 0 10 1 10 0 10 0 11 0 11 0 11 -1 11 -1 11 0 11 -1 11 -1 11 -1 11 -1 12 -1 11 -1 11 -1 11 -1 11 -1 10 -1 10 -1 10 -1 10 -1 10 -1 0 0 0 0 0 0 0 0 0 0 ],1687784615.5796192
CSI_DATA,STA,08:3A:F2:A8:E0:C1,-38,11,1,4,1,1,1,1,0,0,0,-95,1,1,1,24854399,0,110,0,0,25.0431,384,[110 96 6 0 0 0 0 0 0 0 0 0 4 22 3 21 4 21 2 21 2 20 0 18 0 18 0 17 -1 16 -1 16 -1 16 -1 15 -1 14 -1 13 -1 13 0 13 0 11 0 11 1 10 1 10 1 10 2 9 2 9 4 8 3 9 4 8 0 0 5 8 6 8 6 7 7 7 7 7 7 7 7 8 7 7 8 7 8 7 9 7 8 7 9 7 8 7 9 7 9 6 9 7 9 6 9 6 8 6 8 7 8 6 8 6 8 5 8 6 7 5 0 0 0 0 0 0 0 0 0 0 ],1687784615.591866
CSI_DATA,STA,08:3A:F2:A8:E0:C1,-39,11,1,5,1,1,1,1,0,0,0,-95,1,1,1,24863017,0,110,0,0,25.0518,384,[110 96 6 0 0 0 0 0 0 0 0 0 17 18 16 18 15 17 14 18 13 17 12 17 10 17 9 16 9 16 8 15 8 15 7 14 8 13 7 13 7 12 7 11 6 11 6 10 7 9 7 9 7 8 7 7 7 7 8 6 8 6 8 5 0 0 8 5 10 4 10 3 10 3 11 4 11 4 11 4 11 3 11 3 11 3 12 2 12 3 12 2 12 3 12 3 12 2 12 3 12 2 12 3 11 3 11 3 11 3 11 3 11 2 10 3 10 2 0 0 0 0 0 0 0 0 0 0 ],1687784615.600524
CSI_DATA,STA,08:3A:F2:A8:E0:C1,-40,11,1,6,1,1,1,1,0,0,0,-95,1,1,1,24871804,0,110,0,0,25.0605,384,[110 96 6 0 0 0 0 0 0 0 0 0 -12 19 -13 18 -13 18 -13 16 -13 15 -13 14 -12 14 -12 12 -12 13 -12 11 -12 11 -12 10 -11 10 -10 10 -10 9 -9 9 -9 8 -8 8 -7 8 -7 8 -6 8 -5 8 -5 8 -4 9 -4 8 -3 8 0 0 -3 9 -2 9 -1 9 -1 10 -1 10 -1 10 -1 11 0 10 0 11 0 11 0 11 1 11 0 11 0 11 0 11 1 11 0 11 1 11 0 11 1 11 0 11 0 10 0 10 1 10 0 10 0 9 0 0 0 0 0 0 0 0 0 0 ],1687784615.609442
CSI_DATA,STA,08:3A:F2:A8:E0:C1,-39,11,1,5,1,1,1,1,0,0,0,-95,1,1,1,24883003,0,110,0,0,25.0717,384,[110 96 6 0 0 0 0 0 0 0 0 0 -14 -22 -12 -22 -12 -21 -11 -21 -10 -20 -8 -20 -8 -19 -6 -19 -6 -19 -6 -17 -6 -17 -6 -17 -6 -16 -6 -15 -5 -15 -5 -14 -5 -12 -5 -12 -6 -11 -6 -11 -6 -10 -6 -10 -6 -9 -8 -9 -8 -8 -8 -7 0 0 -9 -7 -9 -7 -10 -7 -10 -6 -10 -6 -11 -6 -11 -7 -12 -6 -12 -6 -12 -5 -12 -5 -12 -6 -13 -5 -12 -5 -12 -6 -12 -5 -12 -6 -12 -5 -11 -6 -12 -6 -11 -6 -12 -6 -11 -5 -11 -5 -11 -5 -11 -5 0 0 0 0 0 0 0 0 0 0 ],1687784615.6215181
CSI_DATA,STA,08:3A:F2:A8:E0:C1,-40,11,1,6,1,1,1,1,0,0,0,-95,1,1,1,24895538,0,110,0,0,25.0847,384,[110 96 6 0 0 0 0 0 0 0 0 0 3 24 2 23 2 23 1 22 1 21 -1 20 -1 19 -2 19 -2 18 -2 17 -3 17 -3 16 -2 15 -2 15 -2 13 -2 13 -1 13 -1 12 0 11 0 11 1 10 1 10 2 10 3 10 3 9 3 9 0 0 4 8 5 9 6 8 6 9 6 8 7 8 6 9 7 9 7 9 7 9 7 9 7 9 8 9 8 9 8 9 8 9 8 9 8 9 8 9 8 8 7 9 7 8 7 9 7 8 6 8 6 8 0 0 0 0 0 0 0 0 0 0 ],1687784615.633745
CSI_DATA,STA,08:3A:F2:A8:E0:C1,-40,11,1,6,1,1,1,1,0,0,0,-95,1,1,1,24906147,0,110,0,0,25.0948,384,[110 96 6 0 0 0 0 0 0 0 0 0 7 -23 8 -21 8 -21 9 -19 9 -18 9 -17 9 -16 9 -15 9 -15 8 -14 9 -14 9 -13 8 -12 7 -12 7 -12 6 -11 6 -10 5 -11 4 -10 4 -10 4 -10 3 -10 2 -9 1 -10 1 -10 1 -10 0 0 0 -10 -1 -10 -1 -10 -2 -10 -2 -11 -2 -11 -2 -11 -2 -11 -2 -11 -3 -12 -3 -12 -3 -12 -3 -12 -3 -12 -3 -12 -3 -12 -3 -12 -3 -12 -3 -12 -3 -12 -3 -12 -3 -11 -3 -11 -3 -11 -3 -10 -3 -10 0 0 0 0 0 0 0 0 0 0 ],1687784615.643929
CSI_DATA,STA,08:3A:F2:A8:E0:C1,-39,11,1,5,1,1,1,1,0,0,0,-95,1,1,1,24918497,0,110,0,0,25.1071,384,[110 96 6 0 0 0 0 0 0 0 0 0 -19 -17 -18 -17 -18 -17 -16 -17 -16 -17 -13 -16 -13 -17 -12 -16 -11 -16 -11 -15 -10 -14 -10 -14 -10 -14 -10 -13 -9 -12 -9 -12 -8 -10 -9 -9 -9 -9 -9 -9 -9 -8 -9 -8 -9 -6 -10 -6 -10 -6 -10 -5 0 0 -10 -4 -11 -3 -11 -3 -11 -2 -12 -2 -12 -3 -13 -2 -13 -2 -13 -2 -13 -1 -13 -1 -13 -1 -14 -1 -13 -1 -13 -1 -13 -1 -13 -1 -13 -1 -13 -1 -13 -1 -13 -1 -13 -1 -12 -1 -12 -1 -12 -1 -11 -1 0 0 0 0 0 0 0 0 0 0 ],1687784615.657054
CSI_DATA,STA,08:3A:F2:A8:E0:C1,-38,11,1,4,1,1,1,1,0,0,0,-95,1,1,1,24928343,0,110,0,0,25.117,384,[110 96 6 0 0 0 0 0 0 0 0 0 20 16 18 15 19 15 17 16 17 15 13 15 13 15 11 14 11 14 11 14 10 14 10 14 10 13 10 12 8 12 9 11 8 9 8 9 9 8 8 8 8 7 9 7 8 6 9 5 10 5 9 4 0 0 10 3 11 3 11 2 11 2 11 2 12 2 12 2 12 1 13 1 12 0 12 0 13 1 13 1 13 1 13 1 13 0 13 0 12 0 12 1 12 0 12 1 12 1 12 1 11 0 11 1 10 0 0 0 0 0 0 0 0 0 0 0 ],1687784615.6660988
CSI_DATA,STA,08:3A:F2:A8:E0:C1,-39,11,1,5,1,1,1,1,0,0,0,-95,1,1,1,24936142,0,110,0,0,25.1248,384,[110 96 6 0 0 0 0 0 0 0 0 0 -20 -17 -19 -16 -18 -16 -17 -17 -16 -16 -14 -16 -13 -16 -12 -15 -12 -16 -11 -15 -11 -14 -10 -15 -11 -14 -11 -13 -10 -12 -10 -12 -9 -10 -8 -9 -9 -9 -9 -9 -9 -8 -9 -8 -9 -7 -10 -6 -10 -6 -10 -5 0 0 -11 -4 -11 -4 -11 -3 -12 -2 -12 -3 -12 -2 -13 -3 -13 -2 -13 -2 -13 -2 -13 -1 -14 -2 -14 -1 -13 -1 -13 -2 -14 -1 -13 -1 -13 -1 -12 -1 -13 -1 -12 -1 -13 -2 -12 -1 -12 -1 -12 -2 -11 -1 0 0 0 0 0 0 0 0 0 0 ],1687784615.674499
CSI_DATA,STA,08:3A:F2:A8:E0:C1,-39,11,1,5,1,1,1,1,0,0,0,-95,1,1,1,24947142,0,110,0,0,25.1358,384,[110 96 6 0 0 0 0 0 0 0 0 0 24 1 23 2 23 2 22 3 22 3 20 4 19 4 18 4 18 5 17 5 16 5 16 5 15 5 14 4 14 4 13 3 12 3 12 2 11 2 11 1 11 1 11 0 10 0 10 -1 10 -1 10 -3 0 0 10 -4 10 -4 10 -5 10 -5 10 -5 10 -6 11 -6 10 -6 10 -7 10 -7 10 -7 11 -7 11 -7 11 -7 10 -7 10 -7 11 -7 10 -7 10 -7 10 -7 10 -6 10 -7 10 -6 9 -7 10 -6 9 -6 0 0 0 0 0 0 0 0 0 0 ],1687784615.685287
CSI_DATA,STA,08:3A:F2:A8:E0:C1,-40,11,1,6,1,1,1,1,0,0,0,-95,1,1,1,24953712,0,110,0,0,25.1423,384,[110 96 6 0 0 0 0 0 0 0 0 0 -5 -23 -4 -22 -4 -22 -3 -21 -3 -20 -1 -20 -1 -19 0 -19 0 -18 -1 -17 0 -17 0 -16 -1 -15 -1 -15 -1 -14 0 -13 -1 -12 -1 -12 -2 -11 -2 -11 -2 -11 -3 -10 -3 -9 -4 -9 -4 -9 -5 -9 0 0 -6 -9 -6 -8 -7 -8 -7 -8 -8 -8 -8 -8 -8 -9 -9 -8 -8 -8 -9 -8 -10 -8 -10 -8 -9 -8 -9 -8 -9 -8 -9 -8 -9 -8 -9 -8 -9 -8 -9 -7 -9 -8 -9 -7 -9 -7 -9 -6 -9 -7 -8 -7 0 0 0 0 0 0 0 0 0 0 ],1687784615.692668
CSI_DATA,STA,08:3A:F2:A8:E0:C1,-40,11,1,6,1,1,1,1,0,0,0,-95,1,1,1,24961876,0,110,0,0,25.1506,384,[110 96 6 0 0 0 0 0 0 0 0 0 20 9 19 10 19 10 18 10 17 10 15 10 15 10 13 10 13 10 13 10 12 9 11 10 11 9 11 9 10 8 10 7 9 6 9 6 9 5 9 5 9 4 9 4 9 3 9 2 9 2 9 1 0 0 9 0 10 0 10 -1 10 -1 10 -1 10 -2 10 -2 10 -2 11 -2 10 -2 11 -3 11 -3 11 -3 11 -3 11 -3 11 -3 11 -3 10 -3 11 -3 10 -3 10 -2 10 -3 10 -3 10 -3 9 -3 9 -3 0 0 0 0 0 0 0 0 0 0 ],1687784615.700455
CSI_DATA,STA,08:3A:F2:A8:E0:C1,-40,11,1,6,1,1,1,1,0,0,0,-95,1,1,1,24971798,0,110,0,0,25.1605,384,[110 96 6 0 0 0 0 0 0 0 0 0 22 1 22 3 20 3 21 4 19 4 19 4 17 5 16 5 16 5 14 5 15 5 14 4 14 4 13 4 13 4 12 3 11 3 11 2 11 2 10 1 10 1 9 0 9 0 9 -1 9 -1 9 -2 0 0 9 -3 8 -3 9 -4 9 -4 9 -5 9 -5 10 -5 9 -6 9 -6 9 -6 9 -6 9 -6 9 -7 10 -7 9 -6 9 -7 9 -7 9 -7 9 -6 9 -6 9 -6 9 -6 8 -6 8 -6 8 -6 8 -6 0 0 0 0 0 0 0 0 0 0 ],1687784615.710189
CSI_DATA,STA,08:3A:F2:A8:E0:C1,-40,11,1,6,1,1,1,1,0,0,0,-95,1,1,1,24981778,0,110,0,0,25.1705,384,[110 96 6 0 0 0 0 0 0 0 0 0 -9 -22 -7 -22 -7 -21 -7 -21 -6 -20 -4 -19 -3 -19 -2 -18 -2 -18 -3 -17 -3 -17 -2 -16 -3 -15 -3 -15 -3 -14 -3 -13 -3 -12 -3 -12 -4 -11 -4 -11 -4 -11 -4 -10 -4 -9 -6 -9 -6 -9 -6 -8 0 0 -7 -8 -8 -8 -8 -7 -8 -8 -9 -7 -9 -7 -9 -8 -9 -7 -9 -7 -10 -8 -10 -7 -10 -7 -11 -7 -10 -7 -10 -7 -10 -7 -10 -7 -10 -7 -10 -7 -10 -7 -9 -7 -10 -7 -9 -6 -10 -6 -9 -6 -9 -6 0 0 0 0 0 0 0 0 0 0 ],1687784615.721432
CSI_DATA,STA,08:3A:F2:A8:E0:C1,-40,11,1,6,1,1,1,1,0,0,0,-95,1,1,1,24991696,0,110,0,0,25.1805,384,[110 96 6 0 0 0 0 0 0 0 0 0 -4 -23 -3 -23 -3 -22 -2 -22 -1 -21 -1 -20 0 -19 0 -19 1 -18 1 -17 1 -17 1 -16 1 -15 0 -15 0 -14 0 -13 0 -13 0 -12 -1 -12 -1 -11 -2 -11 -2 -10 -3 -10 -3 -10 -4 -10 -4 -9 0 0 -5 -9 -6 -9 -6 -9 -6 -9 -7 -9 -7 -9 -8 -9 -8 -9 -8 -9 -8 -9 -8 -9 -8 -9 -9 -9 -9 -9 -8 -9 -9 -9 -9 -9 -8 -9 -8 -9 -8 -8 -8 -9 -8 -8 -8 -9 -8 -8 -8 -8 -7 -8 0 0 0 0 0 0 0 0 0 0 ],1687784615.73021
CSI_DATA,STA,08:3A:F2:A8:E0:C1,-40,11,1,6,1,1,1,1,0,0,0,-95,1,1,1,25001998,0,110,0,0,25.1909,384,[110 96 6 0 0 0 0 0 0 0 0 0 -1 25 -3 24 -2 23 -4 23 -4 21 -5 21 -5 20 -5 19 -6 19 -4 17 -5 17 -5 16 -4 15 -3 15 -4 14 -4 13 -3 13 -3 12 -2 12 -1 11 -1 11 0 10 0 10 1 10 2 10 2 10 0 0 3 10 4 10 4 10 5 9 5 9 6 9 6 10 6 10 6 10 7 10 7 10 7 10 8 10 8 10 7 9 7 10 7 10 7 9 7 9 7 9 7 9 7 10 6 9 7 8 7 9 7 8 0 0 0 0 0 0 0 0 0 0 ],1687784615.740143
CSI_DATA,STA,08:3A:F2:A8:E0:C1,-40,11,1,6,1,1,1,1,0,0,0,-95,1,1,1,25013196,0,110,0,0,25.2019,384,[110 96 6 0 0 0 0 0 0 0 0 0 -14 18 -14 17 -14 16 -14 15 -14 14 -14 13 -14 12 -13 11 -13 11 -12 10 -12 10 -12 10 -11 9 -11 9 -11 9 -10 8 -9 8 -8 7 -8 8 -7 7 -7 7 -7 7 -6 8 -5 8 -4 8 -4 9 0 0 -3 9 -3 9 -2 9 -2 9 -2 10 -2 10 -2 10 -2 10 -1 11 -1 10 0 11 -1 11 0 11 -1 11 -1 11 -1 11 0 11 0 11 -1 11 -1 10 -1 10 -1 10 -1 10 0 10 0 9 0 9 0 0 0 0 0 0 0 0 0 0 ],1687784615.7529678
CSI_DATA,STA,08:3A:F2:A8:E0:C1,-40,11,1,6,1,1,1,1,0,0,0,-95,1,1,1,25021856,0,110,0,0,25.2106,384,[110 96 6 0 0 0 0 0 0 0 0 0 -22 -9 -21 -10 -20 -10 -20 -10 -19 -10 -17 -10 -16 -10 -15 -10 -15 -10 -14 -9 -14 -9 -13 -9 -13 -9 -13 -8 -12 -8 -11 -7 -11 -7 -10 -6 -11 -6 -10 -5 -10 -5 -10 -4 -10 -3 -10 -3 -10 -2 -11 -1 0 0 -10 0 -10 0 -11 1 -10 1 -11 2 -11 1 -11 1 -11 2 -11 2 -11 2 -11 3 -12 3 -12 3 -12 3 -12 3 -12 3 -11 3 -12 3 -11 3 -11 3 -11 2 -11 3 -11 3 -10 3 -10 2 -10 3 0 0 0 0 0 0 0 0 0 0 ],1687784615.760431
CSI_DATA,STA,08:3A:F2:A8:E0:C1,-39,11,1,5,1,1,1,1,0,0,0,-95,1,1,1,25033059,0,110,0,0,25.2218,384,[110 96 6 0 0 0 0 0 0 0 0 0 -14 -22 -12 -22 -12 -21 -11 -21 -10 -20 -8 -20 -7 -20 -7 -19 -6 -19 -6 -17 -6 -17 -6 -17 -6 -15 -6 -15 -6 -14 -6 -13 -5 -13 -5 -12 -6 -11 -6 -11 -6 -10 -6 -10 -7 -9 -8 -8 -8 -8 -8 -8 0 0 -9 -7 -10 -7 -10 -6 -10 -6 -11 -6 -11 -6 -11 -6 -11 -6 -12 -5 -12 -5 -12 -5 -12 -5 -12 -5 -12 -5 -12 -5 -12 -4 -13 -5 -13 -5 -12 -5 -12 -5 -11 -5 -11 -5 -11 -5 -11 -4 -11 -5 -11 -4 0 0 0 0 0 0 0 0 0 0 ],1687784615.772844
CSI_DATA,STA,08:3A:F2:A8:E0:C1,-40,11,1,6,1,1,1,1,0,0,0,-95,1,1,1,25041778,0,110,0,0,25.2305,384,[110 96 6 0 0 0 0 0 0 0 0 0 -10 -19 -9 -19 -9 -18 -8 -18 -7 -18 -5 -17 -5 -17 -4 -16 -4 -16 -4 -15 -4 -15 -4 -14 -3 -14 -4 -13 -3 -12 -4 -12 -3 -11 -3 -11 -4 -10 -4 -10 -4 -9 -4 -9 -5 -8 -5 -8 -5 -8 -6 -7 0 0 -6 -7 -7 -6 -7 -6 -8 -6 -8 -6 -9 -6 -8 -7 -9 -6 -9 -6 -9 -6 -10 -6 -9 -6 -9 -6 -9 -6 -9 -6 -9 -6 -9 -6 -9 -6 -9 -6 -9 -6 -9 -6 -9 -6 -9 -5 -9 -5 -8 -6 -8 -5 0 0 0 0 0 0 0 0 0 0 ],1687784615.782899
CSI_DATA,STA,08:3A:F2:A8:E0:C1,-39,11,1,5,1,1,1,1,0,0,0,-95,1,1,1,25054687,0,110,0,0,25.2434,384,[110 96 6 0 0 0 0 0 0 0 0 0 24 -2 24 -1 23 0 23 1 21 1 21 1 19 2 18 2 18 3 17 2 17 3 16 3 15 2 15 2 14 2 13 1 12 1 12 1 11 0 11 0 11 0 10 -1 10 -2 10 -3 10 -3 10 -4 0 0 10 -5 9 -5 9 -6 9 -7 9 -7 9 -8 9 -8 9 -8 9 -8 9 -9 9 -9 9 -9 9 -9 9 -9 9 -9 9 -10 9 -9 9 -9 8 -9 8 -9 9 -8 8 -9 8 -8 7 -9 8 -8 7 -8 0 0 0 0 0 0 0 0 0 0 ],1687784615.79216
CSI_DATA,STA,08:3A:F2:A8:E0:C1,-40,11,1,6,1,1,1,1,0,0,0,-95,1,1,1,25069353,0,110,0,0,25.2583,384,[110 96 6 0 0 0 0 0 0 0 0 0 -11 23 -11 23 -11 20 -12 20 -11 18 -12 18 -12 16 -12 16 -12 15 -11 14 -11 14 -11 13 -10 12 -10 12 -9 12 -9 11 -9 11 -7 10 -7 10 -6 10 -5 9 -5 9 -4 9 -3 10 -3 10 -3 10 0 0 -1 10 -1 10 0 11 0 11 1 11 1 11 1 12 1 12 1 12 2 12 2 12 2 12 2 13 2 13 1 12 2 12 2 12 2 12 2 12 2 11 1 12 1 11 1 11 2 10 2 11 2 10 0 0 0 0 0 0 0 0 0 0 ],1687784615.807283
CSI_DATA,STA,08:3A:F2:A8:E0:C1,-40,11,1,6,1,1,1,1,0,0,0,-95,1,1,1,25077507,0,110,0,0,25.2661,384,[110 96 6 0 0 0 0 0 0 0 0 0 -18 15 -17 13 -17 13 -17 12 -17 11 -17 10 -16 9 -16 9 -16 8 -15 7 -15 7 -14 6 -13 6 -13 6 -12 6 -11 6 -11 6 -10 6 -9 6 -9 6 -8 6 -7 6 -7 6 -7 7 -6 7 -6 7 0 0 -5 8 -4 9 -4 8 -4 9 -4 9 -3 10 -4 10 -3 10 -3 10 -3 10 -3 11 -3 10 -3 11 -3 11 -3 11 -2 11 -2 10 -3 10 -3 11 -2 10 -3 10 -3 10 -3 10 -2 10 -3 9 -3 9 0 0 0 0 0 0 0 0 0 0 ],1687784615.815351
CSI_DATA,STA,08:3A:F2:A8:E0:C1,-40,11,1,6,1,1,1,1,0,0,0,-95,1,1,1,25084033,0,110,0,0,25.2727,384,[110 96 6 0 0 0 0 0 0 0 0 0 -17 -16 -16 -17 -15 -16 -15 -17 -13 -16 -12 -16 -11 -16 -10 -16 -10 -15 -10 -14 -9 -14 -9 -13 -9 -13 -9 -12 -8 -12 -8 -11 -7 -10 -7 -9 -8 -9 -8 -9 -8 -8 -8 -8 -8 -7 -9 -6 -9 -6 -9 -5 0 0 -9 -4 -9 -4 -10 -4 -10 -3 -11 -3 -11 -3 -11 -3 -12 -3 -11 -2 -12 -2 -12 -2 -12 -2 -12 -2 -12 -2 -12 -2 -12 -2 -12 -2 -12 -2 -12 -2 -11 -2 -11 -2 -11 -2 -11 -2 -11 -1 -11 -2 -10 -2 0 0 0 0 0 0 0 0 0 0 ],1687784615.8225012
CSI_DATA,STA,08:3A:F2:A8:E0:C1,-40,11,1,6,1,1,1,1,0,0,0,-95,1,1,1,25091988,0,110,0,0,25.2808,384,[110 96 6 0 0 0 0 0 0 0 0 0 5 -26 6 -25 5 -24 6 -23 7 -21 7 -21 7 -20 7 -19 7 -19 7 -17 8 -17 7 -16 6 -15 6 -15 5 -14 5 -14 4 -13 4 -13 3 -12 3 -12 2 -12 1 -11 1 -11 0 -11 0 -11 -1 -11 0 0 -2 -11 -3 -11 -4 -11 -4 -11 -4 -12 -5 -12 -5 -12 -6 -12 -5 -12 -5 -12 -6 -12 -6 -13 -6 -12 -6 -12 -6 -12 -6 -12 -6 -13 -6 -12 -6 -12 -6 -12 -6 -12 -6 -11 -5 -11 -6 -11 -5 -11 -5 -10 0 0 0 0 0 0 0 0 0 0 ],1687784615.830357
CSI_DATA,STA,08:3A:F2:A8:E0:C1,-39,11,1,5,1,1,1,1,0,0,0,-95,1,1,1,25102264,0,110,0,0,25.2911,384,[110 96 6 0 0 0 0 0 0 0 0 0 2 -26 2 -24 2 -24 4 -23 4 -22 5 -21 6 -20 6 -19 6 -18 5 -17 6 -18 6 -17 5 -16 4 -15 4 -14 4 -14 3 -13 2 -13 2 -12 2 -12 1 -12 0 -11 0 -11 -1 -11 -1 -11 -2 -11 0 0 -3 -11 -4 -11 -4 -11 -5 -11 -5 -11 -5 -12 -5 -12 -6 -12 -6 -12 -6 -11 -7 -12 -7 -12 -7 -12 -6 -12 -7 -12 -7 -11 -7 -12 -7 -12 -6 -11 -6 -11 -6 -12 -6 -11 -6 -11 -7 -10 -6 -11 -6 -10 0 0 0 0 0 0 0 0 0 0 ],1687784615.840231
CSI_DATA,STA,08:3A:F2:A8:E0:C1,-39,11,1,5,1,1,1,1,0,0,0,-95,1,1,1,25111893,0,110,0,0,25.3006,384,[110 96 6 0 0 0 0 0 0 0 0 0 16 -17 16 -15 15 -14 16 -13 15 -12 15 -12 15 -11 14 -10 14 -9 13 -9 13 -9 13 -9 12 -8 12 -8 11 -7 10 -7 10 -7 9 -7 8 -7 8 -7 7 -7 6 -7 6 -7 5 -8 5 -8 5 -9 0 0 4 -9 3 -9 3 -10 3 -10 2 -10 2 -11 2 -11 2 -11 2 -11 1 -11 1 -12 2 -12 1 -12 2 -12 2 -12 1 -12 1 -12 1 -12 1 -12 1 -12 2 -11 1 -11 1 -11 1 -11 1 -11 1 -10 0 0 0 0 0 0 0 0 0 0 ],1687784615.849232
CSI_DATA,STA,08:3A:F2:A8:E0:C1,-39,11,1,5,1,1,1,1,0,0,0,-95,1,1,1,25121802,0,110,0,0,25.3105,384,[110 96 6 0 0 0 0 0 0 0 0 0 -26 -1 -24 -2 -25 -2 -23 -3 -23 -3 -21 -5 -20 -5 -19 -6 -19 -5 -18 -6 -18 -5 -17 -5 -16 -5 -16 -4 -15 -5 -14 -3 -13 -3 -13 -3 -12 -2 -12 -2 -12 -2 -12 -1 -11 0 -12 0 -11 1 -11 2 0 0 -11 3 -11 4 -10 4 -11 5 -11 5 -11 5 -12 5 -12 5 -11 6 -12 6 -11 7 -12 6 -12 6 -11 7 -11 6 -11 7 -12 7 -11 6 -11 6 -11 6 -11 6 -11 6 -11 6 -10 6 -10 5 -10 6 0 0 0 0 0 0 0 0 0 0 ],1687784615.8593001
CSI_DATA,STA,08:3A:F2:A8:E0:C1,-39,11,1,5,1,1,1,1,0,0,0,-95,1,1,1,25131746,0,110,0,0,25.3205,384,[110 96 6 0 0 0 0 0 0 0 0 0 16 19 15 19 14 19 13 19 12 18 11 18 9 17 8 17 8 16 8 16 7 15 7 15 7 14 7 13 7 13 7 12 6 11 6 10 7 9 7 9 6 9 7 8 7 7 8 7 8 6 9 5 0 0 9 5 10 4 10 4 10 3 11 4 11 4 11 4 11 3 12 3 12 3 12 2 12 3 12 2 12 3 12 3 12 2 12 2 12 2 12 3 11 2 12 3 11 3 11 2 11 2 11 2 10 2 0 0 0 0 0 0 0 0 0 0 ],1687784615.868897
CSI_DATA,STA,08:3A:F2:A8:E0:C1,-38,11,1,4,1,1,1,1,0,0,0,-95,1,1,1,25142976,0,110,0,0,25.3317,384,[110 96 6 0 0 0 0 0 0 0 0 0 -10 24 -11 22 -10 22 -12 21 -11 20 -11 18 -12 17 -12 16 -12 16 -11 14 -12 15 -11 14 -10 13 -9 13 -9 12 -9 12 -8 11 -7 11 -6 10 -6 10 -5 9 -4 10 -4 10 -3 10 -3 10 -2 10 0 0 -1 11 0 11 1 11 1 12 1 12 2 12 1 13 2 12 2 12 3 12 3 12 2 12 3 13 3 12 3 13 4 12 4 13 3 12 3 12 3 11 3 12 2 12 2 12 3 11 2 11 3 10 0 0 0 0 0 0 0 0 0 0 ],1687784615.8803551
CSI_DATA,STA,08:3A:F2:A8:E0:C1,-39,11,1,5,1,1,1,1,0,0,0,-95,1,1,1,25151724,0,110,0,0,25.3405,384,[110 96 6 0 0 0 0 0 0 0 0 0 -1 25 -2 24 -2 23 -3 23 -4 21 -5 21 -6 20 -6 19 -6 18 -5 17 -5 17 -5 16 -5 15 -4 14 -5 13 -4 13 -4 13 -3 12 -2 12 -2 11 -2 11 -1 10 0 10 1 10 1 10 1 10 0 0 2 10 3 10 4 10 4 10 4 10 4 11 5 11 5 11 5 10 6 10 6 10 6 11 6 11 6 11 6 11 6 11 6 11 6 10 6 10 5 10 5 11 5 11 5 10 6 9 5 10 5 9 0 0 0 0 0 0 0 0 0 0 ],1687784615.889162
CSI_DATA,STA,08:3A:F2:A8:E0:C1,-39,11,1,5,1,1,1,1,0,0,0,-95,1,1,1,25161757,0,110,0,0,25.3505,384,[110 96 6 0 0 0 0 0 0 0 0 0 -25 5 -25 4 -24 3 -24 2 -23 2 -22 1 -21 0 -20 0 -19 -1 -19 -1 -18 -1 -17 0 -17 0 -17 0 -15 -1 -15 0 -14 0 -13 1 -13 1 -12 1 -12 1 -11 2 -11 3 -10 3 -11 3 -10 5 0 0 -10 5 -9 6 -9 7 -9 8 -9 8 -9 8 -10 8 -9 8 -9 9 -9 9 -9 10 -9 9 -9 10 -9 10 -9 9 -9 10 -9 10 -9 9 -9 9 -9 9 -9 9 -9 9 -8 8 -8 9 -8 8 -8 8 0 0 0 0 0 0 0 0 0 0 ],1687784615.899199
CSI_DATA,STA,08:3A:F2:A8:E0:C1,-39,11,1,5,1,1,1,1,0,0,0,-95,1,1,1,25172149,0,110,0,0,25.3609,384,[110 96 6 0 0 0 0 0 0 0 0 0 -14 -19 -13 -19 -13 -18 -12 -19 -10 -18 -9 -18 -8 -18 -8 -17 -7 -17 -7 -16 -6 -15 -7 -15 -6 -14 -6 -14 -6 -13 -6 -12 -5 -12 -5 -11 -6 -10 -6 -10 -6 -9 -7 -9 -6 -8 -8 -7 -8 -7 -8 -6 0 0 -9 -6 -9 -6 -9 -6 -9 -5 -10 -5 -10 -5 -10 -5 -11 -5 -11 -5 -11 -4 -12 -4 -12 -4 -12 -5 -12 -4 -11 -5 -11 -4 -12 -4 -11 -4 -11 -4 -11 -4 -11 -4 -11 -4 -10 -4 -10 -3 -10 -4 -10 -4 0 0 0 0 0 0 0 0 0 0 ],1687784615.910215
CSI_DATA,STA,08:3A:F2:A8:E0:C1,-39,11,1,5,1,1,1,1,0,0,0,-95,1,1,1,25183355,0,110,0,0,25.3721,384,[110 96 6 0 0 0 0 0 0 0 0 0 20 8 19 9 19 9 18 10 17 9 15 9 15 10 14 10 13 9 13 9 12 9 12 9 11 8 11 8 10 7 10 6 10 6 9 5 9 5 9 5 9 4 9 4 8 3 9 2 9 2 9 1 0 0 9 0 9 0 10 -1 9 -2 10 -2 10 -2 10 -2 10 -2 10 -3 10 -3 10 -3 11 -3 11 -3 11 -3 11 -3 11 -4 10 -4 10 -4 10 -3 10 -3 10 -3 10 -3 10 -3 9 -4 9 -3 9 -3 0 0 0 0 0 0 0 0 0 0 ],1687784615.9212108
CSI_DATA,STA,08:3A:F2:A8:E0:C1,-39,11,1,5,1,1,1,1,0,0,0,-95,1,1,1,25191798,0,110,0,0,25.3805,384,[110 96 6 0 0 0 0 0 0 0 0 0 -10 -24 -10 -24 -9 -23 -8 -23 -7 -22 -6 -21 -5 -21 -4 -20 -4 -20 -3 -18 -3 -18 -3 -18 -3 -16 -4 -16 -3 -16 -3 -14 -3 -14 -3 -13 -4 -12 -4 -12 -5 -11 -5 -11 -5 -10 -6 -9 -6 -9 -7 -9 0 0 -8 -9 -8 -8 -9 -8 -9 -8 -10 -8 -10 -8 -10 -8 -11 -8 -11 -8 -11 -8 -11 -8 -11 -8 -12 -8 -11 -8 -11 -8 -11 -7 -12 -8 -11 -8 -11 -7 -11 -7 -11 -8 -11 -8 -10 -8 -10 -7 -10 -7 -9 -7 0 0 0 0 0 0 0 0 0 0 ],1687784615.930341
CSI_DATA,STA,08:3A:F2:A8:E0:C1,-38,11,1,4,1,1,1,1,0,0,0,-95,1,1,1,25204051,0,110,0,0,25.3929,384,[110 96 6 0 0 0 0 0 0 0 0 0 -26 1 -24 0 -25 0 -26 -2 -24 -2 -21 -3 -21 -3 -19 -3 -19 -4 -19 -4 -18 -4 -18 -4 -17 -4 -17 -4 -15 -4 -15 -3 -13 -3 -13 -2 -13 -2 -13 -1 -12 -1 -12 -1 -11 0 -11 0 -12 1 -11 2 0 0 -11 4 -11 4 -11 5 -11 5 -11 4 -11 5 -12 6 -11 6 -11 6 -11 6 -11 7 -12 6 -12 7 -12 7 -12 6 -11 7 -12 7 -11 7 -11 7 -10 6 -11 6 -11 6 -11 5 -10 6 -10 5 -10 5 0 0 0 0 0 0 0 0 0 0 ],1687784615.9418392
CSI_DATA,STA,08:3A:F2:A8:E0:C1,-38,11,1,3,1,1,1,1,0,0,0,-95,1,1,1,25215973,0,110,0,0,25.4046,384,[110 96 6 0 0 0 0 0 0 0 0 0 -25 5 -25 4 -24 3 -25 2 -23 1 -22 0 -21 -1 -20 -1 -20 -2 -19 -2 -18 -1 -18 -1 -17 -2 -16 -1 -16 -2 -15 0 -14 0 -13 0 -13 0 -12 0 -11 0 -12 1 -11 2 -11 3 -11 4 -11 4 0 0 -10 5 -10 6 -10 6 -9 7 -10 7 -10 7 -11 7 -10 8 -10 8 -9 8 -9 9 -10 9 -10 9 -10 9 -10 8 -10 9 -10 9 -9 9 -9 8 -9 8 -10 8 -10 8 -10 8 -8 8 -9 7 -8 8 0 0 0 0 0 0 0 0 0 0 ],1687784615.9533188
CSI_DATA,STA,08:3A:F2:A8:E0:C1,-39,11,1,5,1,1,1,1,0,0,0,-95,1,1,1,25223931,0,110,0,0,25.4126,384,[110 96 6 0 0 0 0 0 0 0 0 0 9 -24 10 -23 9 -22 10 -21 10 -20 10 -18 11 -17 11 -17 11 -16 10 -15 10 -15 10 -14 9 -13 8 -14 8 -12 7 -12 7 -11 6 -12 5 -11 5 -11 4 -10 3 -11 3 -11 1 -11 1 -11 1 -11 0 0 0 -11 -1 -11 -2 -11 -2 -11 -2 -12 -2 -12 -3 -12 -3 -12 -3 -13 -3 -13 -4 -12 -4 -13 -4 -13 -4 -13 -4 -13 -4 -12 -4 -13 -4 -12 -4 -12 -4 -12 -3 -12 -3 -12 -3 -12 -4 -11 -4 -12 -4 -11 0 0 0 0 0 0 0 0 0 0 ],1687784615.962214
CSI_DATA,STA,08:3A:F2:A8:E0:C1,-39,11,1,5,1,1,1,1,0,0,0,-95,1,1,1,25234146,0,110,0,0,25.423,384,[110 96 6 0 0 0 0 0 0 0 0 0 9 23 8 23 8 21 6 22 5 20 4 20 3 20 2 19 2 19 3 17 2 17 2 16 3 15 3 15 2 14 2 13 2 13 2 11 3 11 3 11 3 10 4 10 4 8 5 8 6 8 6 8 0 0 6 8 7 7 8 7 8 6 9 7 9 7 9 7 9 7 10 7 9 6 10 6 10 7 11 6 11 6 10 6 10 6 11 6 10 6 10 6 10 6 10 6 10 6 10 6 9 5 9 5 9 5 0 0 0 0 0 0 0 0 0 0 ],1687784615.971925
CSI_DATA,STA,08:3A:F2:A8:E0:C1,-39,11,1,5,1,1,1,1,0,0,0,-95,1,1,1,25243962,0,110,0,0,25.4327,384,[110 96 6 0 0 0 0 0 0 0 0 0 11 23 10 21 9 22 8 21 7 20 6 20 4 19 4 19 4 18 4 17 3 17 3 17 4 16 4 15 3 14 3 14 3 12 3 11 4 11 4 10 4 10 4 10 5 9 6 8 6 8 6 7 0 0 7 7 8 7 8 7 8 7 9 6 9 6 9 7 10 6 10 7 10 6 10 6 10 7 11 6 11 6 10 6 10 6 11 6 10 5 10 6 10 6 10 6 9 6 9 6 10 5 9 6 9 5 0 0 0 0 0 0 0 0 0 0 ],1687784615.981376
CSI_DATA,STA,08:3A:F2:A8:E0:C1,-39,11,1,5,1,1,1,1,0,0,0,-95,1,1,1,25251084,0,110,0,0,25.4398,384,[110 96 6 0 0 0 0 0 0 0 0 0 -23 10 -23 9 -23 8 -23 7 -22 6 -21 6 -21 5 -19 4 -19 3 -18 3 -18 3 -18 3 -17 3 -16 2 -15 2 -15 3 -13 3 -12 3 -12 3 -12 3 -11 3 -10 4 -10 4 -9 6 -9 6 -9 6 0 0 -8 7 -8 7 -7 8 -7 9 -8 9 -7 9 -8 10 -7 10 -7 10 -7 10 -7 11 -7 11 -7 11 -7 11 -7 11 -6 11 -6 11 -6 11 -6 11 -6 10 -7 10 -7 10 -6 10 -6 10 -6 9 -6 9 0 0 0 0 0 0 0 0 0 0 ],1687784615.9884312
CSI_DATA,STA,08:3A:F2:A8:E0:C1,-39,11,1,5,1,1,1,1,0,0,0,-95,1,1,1,25263293,0,110,0,0,25.452,384,[110 96 6 0 0 0 0 0 0 0 0 0 6 -22 7 -21 7 -20 8 -20 8 -19 8 -18 9 -17 9 -16 9 -15 8 -14 7 -14 7 -14 7 -13 6 -12 6 -12 6 -12 6 -11 5 -11 4 -10 4 -10 3 -10 3 -10 2 -9 0 -10 1 -10 0 -10 0 0 -1 -10 -1 -10 -2 -10 -2 -10 -2 -10 -3 -11 -2 -11 -3 -11 -3 -11 -4 -11 -5 -11 -4 -11 -4 -11 -4 -11 -4 -11 -5 -11 -4 -11 -4 -11 -4 -11 -4 -11 -4 -11 -3 -11 -4 -11 -5 -10 -4 -10 -4 -10 0 0 0 0 0 0 0 0 0 0 ],1687784616.0011451
CSI_DATA,STA,08:3A:F2:A8:E0:C1,-39,11,1,5,1,1,1,1,0,0,0,-95,1,1,1,25271795,0,110,0,0,25.4605,384,[110 96 6 0 0 0 0 0 0 0 0 0 -21 9 -21 8 -21 8 -20 6 -20 6 -19 5 -18 4 -18 4 -17 3 -16 3 -16 3 -16 3 -15 2 -14 3 -13 3 -13 3 -12 3 -11 3 -11 3 -10 3 -10 3 -9 4 -9 4 -8 5 -8 5 -8 6 0 0 -7 7 -6 7 -6 8 -6 8 -6 8 -6 9 -6 9 -6 9 -5 9 -5 9 -5 10 -5 10 -5 11 -5 10 -5 10 -5 10 -5 10 -5 10 -5 10 -5 9 -5 10 -5 10 -5 9 -4 9 -4 9 -4 9 0 0 0 0 0 0 0 0 0 0 ],1687784616.009311
CSI_DATA,STA,08:3A:F2:A8:E0:C1,-38,11,1,4,1,1,1,1,0,0,0,-95,1,1,1,25283046,0,110,0,0,25.4718,384,[110 96 6 0 0 0 0 0 0 0 0 0 -8 21 -9 20 -9 20 -10 19 -10 17 -10 16 -10 15 -10 14 -10 14 -10 13 -10 14 -9 13 -9 12 -8 12 -8 11 -8 11 -7 10 -6 9 -5 9 -5 9 -5 9 -4 9 -4 8 -2 9 -3 9 -2 9 0 0 -1 9 0 9 0 10 1 10 1 10 1 10 1 11 1 10 2 11 2 10 3 11 2 11 3 11 3 11 2 11 3 11 2 11 3 10 2 11 2 10 2 11 2 10 2 10 3 9 2 10 2 9 0 0 0 0 0 0 0 0 0 0 ],1687784616.020604
CSI_DATA,STA,08:3A:F2:A8:E0:C1,-39,11,1,5,1,1,1,1,0,0,0,-95,1,1,1,25291787,0,110,0,0,25.4805,384,[110 96 6 0 0 0 0 0 0 0 0 0 22 -1 21 0 21 1 20 1 20 2 18 3 18 3 17 3 16 3 16 3 15 3 15 3 14 3 13 3 12 3 12 2 11 1 11 1 10 1 10 0 9 1 9 0 9 -1 9 -2 9 -2 9 -3 0 0 9 -4 9 -4 8 -5 8 -5 8 -5 9 -6 9 -6 9 -6 9 -7 9 -7 8 -7 9 -7 9 -7 9 -7 9 -8 8 -8 9 -8 8 -8 9 -7 8 -7 9 -7 9 -7 8 -7 7 -7 8 -7 7 -7 0 0 0 0 0 0 0 0 0 0 ],1687784616.029362
CSI_DATA,STA,08:3A:F2:A8:E0:C1,-38,11,1,4,1,1,1,1,0,0,0,-95,1,1,1,25307037,0,110,0,0,25.4959,384,[110 96 6 0 0 0 0 0 0 0 0 0 23 -11 23 -10 23 -9 22 -8 22 -7 20 -6 20 -5 19 -5 19 -5 18 -3 18 -3 17 -3 16 -3 15 -3 14 -3 14 -4 12 -4 12 -4 11 -4 11 -4 10 -5 10 -5 9 -5 9 -6 8 -7 8 -7 0 0 8 -8 7 -9 7 -9 7 -10 7 -10 6 -11 7 -11 6 -11 6 -12 6 -12 6 -12 6 -12 6 -12 6 -12 6 -12 5 -12 6 -13 5 -12 6 -12 4 -12 5 -12 5 -11 6 -11 5 -11 5 -11 4 -11 0 0 0 0 0 0 0 0 0 0 ],1687784616.045355
CSI_DATA,STA,08:3A:F2:A8:E0:C1,-39,11,1,5,1,1,1,1,0,0,0,-95,1,1,1,25314250,0,110,0,0,25.5029,384,[110 96 6 0 0 0 0 0 0 0 0 0 13 -19 13 -18 13 -18 13 -16 14 -16 13 -14 13 -13 12 -12 13 -12 12 -11 12 -11 12 -10 11 -9 10 -10 10 -9 9 -9 8 -9 8 -9 7 -8 6 -9 6 -8 5 -9 5 -9 4 -9 4 -9 3 -9 0 0 2 -10 1 -10 1 -10 1 -10 0 -10 0 -11 0 -11 0 -11 0 -12 -1 -12 -1 -12 0 -12 -1 -12 -1 -12 -1 -13 -1 -12 -1 -13 -1 -12 -1 -12 -1 -11 -1 -12 -1 -11 -1 -12 -1 -11 -1 -11 -1 -10 0 0 0 0 0 0 0 0 0 0 ],1687784616.052305
CSI_DATA,STA,08:3A:F2:A8:E0:C1,-39,11,1,5,1,1,1,1,0,0,0,-95,1,1,1,25323415,0,110,0,0,25.5122,384,[110 96 6 0 0 0 0 0 0 0 0 0 -12 22 -12 21 -12 20 -13 20 -13 17 -13 17 -12 16 -12 15 -13 14 -11 14 -12 13 -11 13 -10 12 -10 12 -9 11 -9 11 -9 11 -7 9 -7 10 -6 9 -5 9 -5 9 -4 9 -3 9 -3 10 -2 10 0 0 -1 10 -1 11 0 11 0 10 1 11 1 11 1 11 1 11 1 12 2 11 2 12 2 12 2 13 2 12 2 12 2 12 3 12 2 11 2 11 2 11 2 11 2 11 2 11 3 10 2 11 3 10 0 0 0 0 0 0 0 0 0 0 ],1687784616.061332
CSI_DATA,STA,08:3A:F2:A8:E0:C1,-39,11,1,5,1,1,1,1,0,0,0,-95,1,1,1,25336226,0,110,0,0,25.525,384,[110 96 6 0 0 0 0 0 0 0 0 0 -13 -23 -12 -22 -11 -22 -9 -21 -9 -21 -7 -20 -6 -20 -6 -19 -5 -19 -5 -18 -4 -17 -4 -17 -5 -16 -5 -16 -5 -14 -4 -14 -3 -13 -4 -13 -5 -12 -5 -12 -5 -11 -5 -11 -6 -9 -7 -9 -7 -9 -7 -8 0 0 -7 -8 -9 -8 -9 -8 -10 -7 -10 -7 -10 -8 -10 -8 -11 -7 -11 -7 -11 -7 -12 -7 -11 -7 -12 -7 -11 -7 -11 -8 -11 -7 -12 -7 -11 -7 -11 -7 -11 -7 -10 -7 -11 -7 -11 -7 -10 -6 -10 -7 -10 -6 0 0 0 0 0 0 0 0 0 0 ],1687784616.074233
CSI_DATA,STA,08:3A:F2:A8:E0:C1,-38,11,1,4,1,1,1,1,0,0,0,-95,1,1,1,25344550,0,110,0,0,25.5332,384,[110 96 6 0 0 0 0 0 0 0 0 0 -9 -25 -7 -25 -7 -24 -5 -24 -4 -23 -4 -22 -2 -22 -2 -20 -1 -20 -2 -19 -2 -19 -2 -18 -2 -17 -2 -16 -2 -15 -2 -15 -2 -14 -2 -14 -3 -12 -3 -12 -3 -12 -4 -11 -4 -11 -6 -10 -6 -11 -6 -9 0 0 -7 -10 -8 -9 -9 -9 -9 -8 -9 -9 -10 -9 -10 -10 -10 -9 -11 -9 -11 -8 -12 -8 -11 -9 -11 -8 -11 -8 -11 -9 -12 -8 -11 -9 -11 -8 -11 -8 -11 -8 -11 -8 -10 -8 -10 -8 -11 -7 -10 -8 -10 -7 0 0 0 0 0 0 0 0 0 0 ],1687784616.082158
CSI_DATA,STA,08:3A:F2:A8:E0:C1,-39,11,1,5,1,1,1,1,0,0,0,-95,1,1,1,25353329,0,110,0,0,25.542,384,[110 96 6 0 0 0 0 0 0 0 0 0 -15 -21 -14 -21 -13 -20 -13 -21 -11 -19 -10 -20 -8 -19 -7 -18 -7 -19 -7 -17 -7 -17 -6 -16 -7 -15 -7 -14 -6 -14 -6 -13 -6 -13 -6 -12 -7 -11 -6 -10 -6 -10 -7 -9 -6 -9 -8 -8 -8 -8 -8 -7 0 0 -9 -7 -9 -6 -10 -6 -11 -5 -11 -5 -11 -5 -11 -5 -12 -5 -12 -5 -12 -5 -13 -4 -13 -5 -13 -4 -13 -4 -13 -4 -13 -4 -13 -5 -13 -4 -12 -5 -12 -4 -12 -5 -12 -5 -11 -5 -11 -4 -11 -4 -11 -4 0 0 0 0 0 0 0 0 0 0 ],1687784616.091383
CSI_DATA,STA,08:3A:F2:A8:E0:C1,-39,11,1,5,1,1,1,1,0,0,0,-95,1,1,1,25363337,0,110,0,0,25.5521,384,[110 96 6 0 0 0 0 0 0 0 0 0 -12 22 -13 20 -13 20 -13 19 -13 18 -13 16 -13 15 -13 14 -13 14 -13 13 -12 13 -11 13 -10 12 -10 11 -10 10 -10 11 -8 10 -8 10 -7 9 -7 9 -6 9 -5 9 -4 9 -3 9 -3 9 -3 10 0 0 -2 10 -1 11 0 10 0 11 0 11 1 11 0 12 1 11 1 12 2 12 3 12 2 12 2 12 2 12 2 12 3 12 2 12 3 11 2 11 2 11 2 12 2 11 2 11 3 10 2 10 2 10 0 0 0 0 0 0 0 0 0 0 ],1687784616.101233
CSI_DATA,STA,08:3A:F2:A8:E0:C1,-39,11,1,5,1,1,1,1,0,0,0,-95,1,1,1,25371753,0,110,0,0,25.5605,384,[110 96 6 0 0 0 0 0 0 0 0 0 7 21 6 21 6 20 4 20 4 19 3 18 2 18 1 17 1 17 1 16 1 15 1 15 1 14 1 14 1 12 1 13 0 11 1 11 2 10 2 10 2 9 3 9 2 9 4 8 4 8 5 7 0 0 5 7 6 7 6 7 7 7 7 7 7 7 7 7 8 7 8 7 8 6 8 6 9 7 9 7 9 7 9 7 8 7 9 7 9 6 8 6 8 6 8 7 8 6 8 7 8 5 7 6 7 6 0 0 0 0 0 0 0 0 0 0 ],1687784616.109257
CSI_DATA,STA,08:3A:F2:A8:E0:C1,-39,11,1,5,1,1,1,1,0,0,0,-95,1,1,1,25383142,0,110,0,0,25.5719,384,[110 96 6 0 0 0 0 0 0 0 0 0 20 14 19 14 18 14 17 15 16 14 14 14 13 14 13 14 12 14 12 13 11 12 11 13 10 12 11 11 10 11 9 9 9 9 8 8 9 7 9 7 9 7 9 6 9 5 9 4 9 4 9 3 0 0 10 2 10 2 11 1 10 0 11 0 11 0 12 0 12 -1 12 -1 12 -1 12 -1 12 -1 13 -1 13 -1 12 -1 12 -2 12 -2 12 -2 12 -1 11 -2 12 -1 12 -1 11 -1 11 -2 11 -1 10 -1 0 0 0 0 0 0 0 0 0 0 ],1687784616.121224
CSI_DATA,STA,08:3A:F2:A8:E0:C1,-39,11,1,5,1,1,1,1,0,0,0,-95,1,1,1,25393508,0,110,0,0,25.5823,384,[110 96 6 0 0 0 0 0 0 0 0 0 -19 16 -20 15 -19 14 -19 13 -19 12 -18 11 -18 10 -17 9 -17 9 -17 8 -17 8 -16 8 -14 7 -14 7 -13 6 -13 7 -12 6 -11 7 -10 7 -9 7 -9 7 -8 7 -8 7 -7 8 -7 8 -6 8 0 0 -5 9 -4 10 -4 10 -4 10 -4 10 -3 11 -3 11 -3 11 -3 12 -3 12 -2 12 -3 12 -2 12 -2 12 -2 12 -2 12 -2 12 -2 12 -2 12 -2 11 -2 11 -2 12 -2 11 -1 11 -2 11 -1 10 0 0 0 0 0 0 0 0 0 0 ],1687784616.13116
CSI_DATA,STA,08:3A:F2:A8:E0:C1,-38,11,1,4,1,1,1,1,0,0,0,-95,1,1,1,25403035,0,110,0,0,25.5918,384,[110 96 6 0 0 0 0 0 0 0 0 0 -15 22 -15 20 -15 20 -16 18 -16 17 -15 15 -15 15 -15 13 -15 13 -15 12 -14 12 -14 11 -13 10 -13 11 -12 9 -11 10 -10 9 -10 9 -8 9 -8 8 -7 8 -7 9 -6 9 -5 9 -5 10 -4 10 0 0 -4 11 -2 11 -2 11 -1 11 -2 11 -1 11 -1 12 -1 12 0 12 0 12 0 13 0 13 0 13 0 13 0 13 1 12 0 14 1 12 1 12 1 12 0 12 0 12 0 12 1 11 0 11 0 11 0 0 0 0 0 0 0 0 0 0 ],1687784616.141589
CSI_DATA,STA,08:3A:F2:A8:E0:C1,-39,11,1,5,1,1,1,1,0,0,0,-95,1,1,1,25413249,0,110,0,0,25.6021,384,[110 96 6 0 0 0 0 0 0 0 0 0 5 24 4 23 4 23 2 22 1 21 1 20 0 20 -1 19 0 19 -1 18 -1 17 -1 17 -1 16 0 15 -1 14 0 14 0 13 0 12 1 11 1 11 1 10 2 10 2 10 3 9 4 9 4 9 0 0 5 9 6 9 6 8 7 8 7 8 7 8 7 9 8 8 8 8 8 8 9 8 9 8 9 8 9 8 9 8 9 8 9 8 9 8 9 8 9 7 8 8 8 8 8 7 8 7 8 7 8 7 0 0 0 0 0 0 0 0 0 0 ],1687784616.150506
CSI_DATA,STA,08:3A:F2:A8:E0:C1,-39,11,1,5,1,1,1,1,0,0,0,-95,1,1,1,25423296,0,110,0,0,25.612,384,[110 96 6 0 0 0 0 0 0 0 0 0 21 7 19 7 20 8 18 8 18 8 15 8 15 9 14 9 14 8 14 9 13 8 12 8 11 8 11 7 11 6 11 5 10 5 10 5 9 4 9 4 9 3 9 3 9 2 8 1 9 1 9 0 0 0 9 -1 9 -1 9 -2 10 -2 9 -2 10 -3 10 -3 10 -3 10 -4 10 -4 10 -4 10 -4 10 -4 10 -4 11 -4 10 -4 11 -5 10 -4 10 -4 9 -4 10 -4 10 -4 10 -4 9 -4 9 -4 8 -4 0 0 0 0 0 0 0 0 0 0 ],1687784616.1611981
CSI_DATA,STA,08:3A:F2:A8:E0:C1,-39,11,1,5,1,1,1,1,0,0,0,-95,1,1,1,25431784,0,110,0,0,25.6205,384,[110 96 6 0 0 0 0 0 0 0 0 0 22 -5 21 -4 22 -4 20 -3 20 -2 18 -1 18 -1 17 -1 17 -1 16 0 15 0 15 0 14 1 14 1 13 0 13 -1 11 0 11 -1 10 -1 10 -2 9 -2 9 -2 9 -3 8 -3 9 -4 8 -5 0 0 8 -5 8 -6 7 -6 8 -7 7 -7 8 -7 8 -8 7 -8 7 -8 8 -8 7 -9 8 -8 8 -8 7 -8 7 -9 7 -9 8 -9 7 -9 7 -8 7 -9 7 -8 7 -8 7 -8 6 -8 7 -8 6 -8 0 0 0 0 0 0 0 0 0 0 ],1687784616.1692228
CSI_DATA,STA,08:3A:F2:A8:E0:C1,-39,11,1,5,1,1,1,1,0,0,0,-95,1,1,1,25441698,0,110,0,0,25.6304,384,[110 96 6 0 0 0 0 0 0 0 0 0 -9 -22 -9 -21 -9 -21 -7 -21 -6 -20 -5 -19 -4 -19 -4 -18 -4 -18 -3 -17 -3 -17 -2 -16 -3 -15 -3 -15 -3 -14 -3 -13 -3 -12 -3 -12 -4 -11 -4 -11 -4 -10 -5 -10 -4 -9 -5 -8 -6 -9 -6 -8 0 0 -7 -8 -8 -7 -8 -7 -8 -7 -9 -7 -9 -7 -9 -7 -10 -7 -10 -7 -10 -7 -10 -7 -10 -7 -10 -7 -10 -7 -10 -7 -11 -6 -10 -7 -10 -6 -10 -6 -10 -6 -10 -6 -10 -6 -9 -7 -10 -6 -9 -6 -9 -5 0 0 0 0 0 0 0 0 0 0 ],1687784616.179839
CSI_DATA,STA,08:3A:F2:A8:E0:C1,-39,11,1,5,1,1,1,1,0,0,0,-95,1,1,1,25454316,0,110,0,0,25.6431,384,[110 96 6 0 0 0 0 0 0 0 0 0 -15 -21 -14 -22 -13 -21 -12 -21 -10 -20 -9 -20 -8 -19 -8 -19 -7 -19 -7 -17 -7 -17 -6 -17 -6 -15 -6 -15 -6 -14 -6 -13 -5 -12 -5 -12 -7 -11 -6 -11 -6 -10 -7 -10 -7 -9 -8 -8 -8 -8 -8 -8 0 0 -9 -7 -10 -6 -10 -6 -10 -6 -11 -6 -11 -6 -11 -6 -12 -6 -12 -5 -12 -5 -13 -4 -12 -5 -13 -5 -13 -5 -12 -5 -12 -5 -13 -5 -13 -5 -12 -5 -12 -4 -12 -5 -12 -5 -11 -5 -11 -4 -11 -5 -11 -4 0 0 0 0 0 0 0 0 0 0 ],1687784616.192157
CSI_DATA,STA,08:3A:F2:A8:E0:C1,-38,11,1,4,1,1,1,1,0,0,0,-95,1,1,1,25463032,0,110,0,0,25.6516,384,[110 96 6 0 0 0 0 0 0 0 0 0 -23 4 -22 3 -22 2 -22 1 -21 1 -19 0 -19 -1 -18 -1 -18 -1 -17 -2 -17 -2 -17 -2 -16 -2 -15 -2 -14 -1 -14 -1 -12 -1 -12 0 -11 0 -11 0 -11 0 -10 1 -10 1 -9 2 -10 3 -9 4 0 0 -9 5 -9 5 -9 5 -8 6 -9 6 -9 6 -9 6 -9 7 -9 7 -8 7 -8 8 -9 8 -9 8 -8 8 -9 8 -8 8 -9 8 -8 8 -8 8 -8 7 -8 7 -9 7 -8 7 -8 7 -8 7 -7 7 0 0 0 0 0 0 0 0 0 0 ],1687784616.200185
CSI_DATA,STA,08:3A:F2:A8:E0:C1,-39,11,1,5,1,1,1,1,0,0,0,-95,1,1,1,25473209,0,110,0,0,25.662,384,[110 96 6 0 0 0 0 0 0 0 0 0 21 11 20 12 19 12 19 13 18 12 16 12 15 12 14 12 13 13 13 12 12 11 12 11 12 11 11 10 11 10 10 9 9 8 9 7 9 7 9 6 9 6 9 5 9 4 9 4 9 4 9 2 0 0 10 1 10 1 10 0 10 0 11 0 11 0 12 -1 12 -1 12 -1 11 -1 12 -2 12 -1 12 -1 12 -2 12 -1 12 -2 12 -2 12 -2 12 -2 11 -2 12 -1 11 -1 11 -1 11 -2 11 -1 10 -1 0 0 0 0 0 0 0 0 0 0 ],1687784616.2114098
CSI_DATA,STA,08:3A:F2:A8:E0:C1,-39,11,1,5,1,1,1,1,0,0,0,-95,1,1,1,25481774,0,110,0,0,25.6705,384,[110 96 6 0 0 0 0 0 0 0 0 0 22 3 22 4 20 4 21 5 19 5 17 6 16 6 16 6 15 6 15 6 14 5 14 5 13 5 13 5 12 5 11 4 11 4 10 3 10 3 10 3 9 2 9 2 9 1 9 0 9 0 9 -1 0 0 9 -2 9 -2 9 -3 9 -3 9 -3 10 -4 10 -4 10 -4 10 -4 10 -4 10 -5 10 -5 10 -5 11 -5 10 -5 10 -5 10 -5 10 -5 10 -5 9 -5 10 -4 10 -4 9 -5 9 -5 9 -4 8 -5 0 0 0 0 0 0 0 0 0 0 ],1687784616.219289
CSI_DATA,STA,08:3A:F2:A8:E0:C1,-39,11,1,5,1,1,1,1,0,0,0,-95,1,1,1,25493210,0,110,0,0,25.682,384,[110 96 6 0 0 0 0 0 0 0 0 0 -20 -12 -19 -12 -19 -13 -17 -13 -16 -13 -14 -13 -14 -13 -12 -13 -12 -13 -12 -12 -11 -12 -11 -11 -11 -11 -10 -10 -10 -10 -10 -9 -9 -8 -9 -8 -9 -8 -9 -7 -9 -6 -9 -6 -9 -5 -9 -4 -9 -4 -9 -3 0 0 -9 -3 -10 -2 -10 -2 -10 -1 -11 -1 -11 -1 -11 -1 -11 -1 -11 0 -12 0 -12 0 -12 0 -12 0 -12 0 -12 0 -12 1 -12 0 -11 0 -11 0 -11 0 -11 0 -11 0 -11 0 -11 1 -11 0 -10 0 0 0 0 0 0 0 0 0 0 0 ],1687784616.231338
CSI_DATA,STA,08:3A:F2:A8:E0:C1,-39,11,1,5,1,1,1,1,0,0,0,-95,1,1,1,25503329,0,110,0,0,25.6922,384,[110 96 6 0 0 0 0 0 0 0 0 0 -23 -12 -21 -12 -22 -12 -21 -12 -20 -12 -17 -13 -16 -13 -15 -13 -14 -13 -15 -13 -14 -12 -13 -12 -13 -11 -13 -11 -12 -10 -12 -9 -10 -8 -10 -8 -11 -7 -10 -7 -10 -6 -10 -6 -10 -5 -11 -4 -11 -4 -10 -3 0 0 -11 -2 -11 -1 -11 -1 -11 0 -12 -1 -12 0 -12 0 -13 0 -13 1 -13 1 -13 2 -13 1 -13 1 -13 2 -13 1 -13 2 -13 1 -13 1 -12 1 -13 1 -13 1 -12 1 -12 1 -12 2 -12 1 -11 1 0 0 0 0 0 0 0 0 0 0 ],1687784616.241642
CSI_DATA,STA,08:3A:F2:A8:E0:C1,-39,11,1,5,1,1,1,1,0,0,0,-95,1,1,1,25512132,0,110,0,0,25.701,384,[110 96 6 0 0 0 0 0 0 0 0 0 14 20 13 20 12 19 11 20 10 18 8 19 8 18 6 18 6 17 6 16 5 16 5 16 5 15 5 14 5 13 5 12 5 12 4 11 5 10 5 10 5 9 6 9 5 8 7 7 7 7 7 6 0 0 8 6 8 5 9 5 9 5 10 5 10 5 10 5 11 5 11 4 11 4 11 4 12 4 11 4 12 4 11 4 11 4 11 4 11 4 11 4 11 4 10 5 10 4 10 4 10 4 10 4 10 3 0 0 0 0 0 0 0 0 0 0 ],1687784616.249522
CSI_DATA,STA,08:3A:F2:A8:E0:C1,-39,11,1,5,1,1,1,1,0,0,0,-95,1,1,1,25520924,0,110,0,0,25.7097,384,[110 96 6 0 0 0 0 0 0 0 0 0 13 19 11 17 12 19 9 17 10 18 7 16 7 16 6 16 6 16 6 15 5 14 5 14 5 13 5 13 4 11 5 12 4 10 5 10 5 9 5 9 5 8 5 8 5 7 6 6 6 6 6 5 0 0 7 5 8 5 8 4 9 4 8 4 9 4 10 4 10 4 10 4 10 3 10 3 10 3 11 3 10 3 11 3 10 3 11 3 10 2 10 3 10 3 10 3 10 3 10 3 9 2 9 3 9 2 0 0 0 0 0 0 0 0 0 0 ],1687784616.258178
CSI_DATA,STA,08:3A:F2:A8:E0:C1,-38,11,1,4,1,1,1,1,0,0,0,-95,1,1,1,25531989,0,110,0,0,25.7207,384,[110 96 6 0 0 0 0 0 0 0 0 0 2 25 1 25 1 23 -1 25 -1 21 -2 22 -3 20 -3 20 -4 19 -2 17 -3 18 -3 17 -2 16 -2 16 -2 15 -3 14 -2 13 -2 12 -1 12 0 12 0 11 0 11 1 10 2 10 2 11 3 10 0 0 4 10 4 10 6 10 6 9 6 10 7 10 7 10 7 9 7 10 7 9 8 10 8 10 8 10 9 10 7 10 8 10 8 10 9 9 8 9 7 9 7 9 7 10 7 8 7 8 7 9 7 8 0 0 0 0 0 0 0 0 0 0 ],1687784616.269172
CSI_DATA,STA,08:3A:F2:A8:E0:C1,-38,11,1,4,1,1,1,1,0,0,0,-95,1,1,1,25542253,0,110,0,0,25.731,384,[110 96 6 0 0 0 0 0 0 0 0 0 -23 0 -22 -1 -23 -1 -22 -2 -22 -3 -19 -3 -19 -4 -17 -4 -17 -4 -17 -5 -16 -4 -16 -4 -15 -4 -14 -4 -13 -4 -14 -3 -12 -2 -12 -2 -11 -2 -11 -2 -10 -2 -11 -1 -10 0 -10 1 -10 1 -10 2 0 0 -10 3 -10 3 -9 4 -10 5 -10 4 -10 5 -10 5 -10 5 -10 6 -10 6 -10 7 -10 6 -10 6 -10 7 -10 6 -9 6 -10 7 -9 6 -9 6 -9 6 -10 6 -10 6 -10 6 -9 6 -9 5 -8 5 0 0 0 0 0 0 0 0 0 0 ],1687784616.2801878
CSI_DATA,STA,08:3A:F2:A8:E0:C1,-39,11,1,5,1,1,1,1,0,0,0,-95,1,1,1,25550748,0,110,0,0,25.7395,384,[110 96 6 0 0 0 0 0 0 0 0 0 -1 -24 0 -23 0 -22 1 -22 1 -20 2 -20 3 -19 3 -18 3 -18 2 -16 3 -16 3 -16 2 -15 2 -15 2 -14 2 -13 2 -12 1 -12 0 -12 0 -11 -1 -11 -1 -11 -2 -10 -2 -10 -3 -10 -3 -10 0 0 -4 -9 -5 -9 -5 -9 -6 -9 -6 -9 -6 -10 -6 -10 -7 -10 -7 -10 -8 -9 -8 -9 -8 -9 -8 -9 -8 -9 -8 -9 -8 -9 -8 -9 -8 -9 -8 -9 -8 -9 -7 -9 -7 -9 -7 -9 -8 -8 -7 -8 -7 -8 0 0 0 0 0 0 0 0 0 0 ],1687784616.288394
CSI_DATA,STA,08:3A:F2:A8:E0:C1,-39,11,1,5,1,1,1,1,0,0,0,-95,1,1,1,25560696,0,110,0,0,25.7494,384,[110 96 6 0 0 0 0 0 0 0 0 0 -20 -12 -20 -12 -19 -11 -18 -13 -17 -12 -16 -12 -15 -12 -14 -12 -13 -12 -13 -11 -12 -12 -11 -11 -11 -11 -11 -10 -10 -10 -10 -9 -10 -8 -9 -7 -10 -7 -9 -6 -9 -6 -10 -6 -9 -4 -9 -4 -10 -4 -10 -3 0 0 -10 -2 -10 -1 -10 -1 -10 0 -11 0 -11 0 -12 0 -11 0 -12 1 -12 1 -12 1 -12 1 -12 1 -12 1 -12 1 -12 1 -12 1 -12 1 -11 1 -12 1 -11 1 -11 1 -11 1 -11 1 -10 1 -10 1 0 0 0 0 0 0 0 0 0 0 ],1687784616.298938
CSI_DATA,STA,08:3A:F2:A8:E0:C1,-39,11,1,5,1,1,1,1,0,0,0,-95,1,1,1,25574698,0,110,0,0,25.7634,384,[110 96 6 0 0 0 0 0 0 0 0 0 8 -22 9 -21 9 -20 9 -19 9 -18 10 -17 10 -16 9 -16 9 -15 9 -14 9 -14 9 -13 8 -12 8 -12 7 -11 7 -11 6 -11 6 -10 5 -10 4 -10 4 -9 3 -10 3 -9 2 -10 2 -10 1 -10 0 0 0 -10 0 -10 -1 -10 -1 -10 -2 -11 -2 -11 -2 -11 -3 -11 -2 -11 -3 -11 -3 -11 -2 -12 -3 -12 -3 -12 -3 -12 -3 -12 -3 -12 -3 -12 -3 -11 -3 -11 -3 -12 -3 -11 -3 -11 -3 -11 -2 -11 -3 -10 0 0 0 0 0 0 0 0 0 0 ],1687784616.312653
CSI_DATA,STA,08:3A:F2:A8:E0:C1,-38,11,1,4,1,1,1,1,0,0,0,-95,1,1,1,25582824,0,110,0,0,25.7714,384,[110 96 6 0 0 0 0 0 0 0 0 0 25 2 24 3 23 4 24 5 22 5 20 6 19 6 18 6 17 6 17 6 16 6 16 5 15 5 15 5 14 5 14 4 12 4 11 3 12 3 11 2 11 2 11 1 10 1 11 -1 11 -1 10 -3 0 0 11 -3 10 -3 11 -4 10 -5 10 -5 11 -5 12 -5 11 -6 12 -6 10 -7 11 -8 11 -7 11 -7 11 -7 11 -6 11 -7 11 -8 10 -7 11 -7 10 -7 10 -6 11 -6 10 -6 9 -7 10 -6 9 -6 0 0 0 0 0 0 0 0 0 0 ],1687784616.320023
CSI_DATA,STA,08:3A:F2:A8:E0:C1,-39,11,1,5,1,1,1,1,0,0,0,-95,1,1,1,25590859,0,110,0,0,25.7796,384,[110 96 6 0 0 0 0 0 0 0 0 0 -22 -9 -20 -9 -21 -9 -19 -10 -19 -10 -16 -10 -16 -10 -15 -10 -15 -10 -14 -10 -14 -9 -13 -9 -13 -9 -12 -9 -12 -8 -12 -7 -10 -6 -10 -6 -10 -6 -10 -5 -10 -5 -10 -4 -10 -4 -10 -2 -10 -2 -10 -1 0 0 -10 0 -10 0 -10 0 -11 2 -10 1 -11 2 -11 2 -11 2 -11 2 -11 3 -11 3 -11 3 -11 3 -11 3 -12 3 -11 3 -12 3 -11 3 -11 3 -11 3 -11 3 -11 3 -11 3 -10 3 -10 3 -10 3 0 0 0 0 0 0 0 0 0 0 ],1687784616.329447
CSI_DATA,STA,08:3A:F2:A8:E0:C1,-39,11,1,5,1,1,1,1,0,0,0,-95,1,1,1,25600725,0,110,0,0,25.7895,384,[110 96 6 0 0 0 0 0 0 0 0 0 24 -6 23 -5 23 -5 22 -3 22 -3 21 -3 20 -1 19 -1 19 0 18 0 17 -1 17 -1 16 0 15 -1 14 0 14 -1 13 -1 12 -2 11 -2 11 -2 10 -2 11 -3 10 -4 9 -5 9 -5 9 -6 0 0 8 -7 8 -7 8 -8 8 -8 7 -8 8 -9 8 -9 8 -9 8 -10 7 -10 7 -11 8 -10 8 -11 8 -11 8 -11 7 -11 8 -11 7 -10 7 -10 7 -10 7 -10 7 -10 7 -10 6 -10 6 -9 6 -9 0 0 0 0 0 0 0 0 0 0 ],1687784616.338248
CSI_DATA,STA,08:3A:F2:A8:E0:C1,-39,11,1,5,1,1,1,1,0,0,0,-95,1,1,1,25611859,0,110,0,0,25.8011,384,[110 96 6 0 0 0 0 0 0 0 0 0 -27 -6 -26 -7 -26 -7 -25 -8 -23 -9 -22 -9 -20 -9 -20 -9 -19 -10 -19 -9 -17 -8 -17 -8 -17 -8 -16 -8 -15 -7 -15 -6 -14 -6 -13 -5 -13 -5 -13 -4 -12 -4 -12 -3 -12 -2 -12 -2 -12 -1 -12 1 0 0 -12 2 -12 2 -12 3 -12 3 -12 3 -13 4 -13 4 -13 5 -13 5 -12 5 -13 5 -13 5 -13 6 -13 6 -13 5 -13 6 -13 6 -12 6 -13 6 -13 5 -12 5 -13 5 -12 5 -12 6 -12 5 -11 5 0 0 0 0 0 0 0 0 0 0 ],1687784616.350223
CSI_DATA,STA,08:3A:F2:A8:E0:C1,-39,11,1,5,1,1,1,1,0,0,0,-95,1,1,1,25620327,0,110,0,0,25.8091,384,[110 96 6 0 0 0 0 0 0 0 0 0 22 1 21 3 21 2 20 3 19 4 18 4 17 4 16 4 16 4 15 4 15 5 14 4 13 4 13 4 12 4 12 2 11 2 10 2 10 1 10 1 9 1 10 0 9 -1 9 -1 9 -2 9 -3 0 0 9 -4 8 -4 8 -4 8 -5 9 -6 9 -6 9 -6 9 -7 9 -7 9 -6 9 -7 9 -7 9 -7 9 -7 9 -7 9 -7 9 -8 9 -8 8 -7 8 -8 8 -7 8 -7 8 -7 7 -7 8 -6 7 -7 0 0 0 0 0 0 0 0 0 0 ],1687784616.357507
CSI_DATA,STA,08:3A:F2:A8:E0:C1,-39,11,1,5,1,1,1,1,0,0,0,-95,1,1,1,25630761,0,110,0,0,25.8195,384,[110 96 6 0 0 0 0 0 0 0 0 0 -16 20 -16 18 -16 17 -17 16 -17 15 -16 14 -16 13 -16 11 -16 12 -15 11 -14 11 -14 10 -14 9 -12 9 -12 9 -12 9 -11 8 -9 8 -9 8 -9 8 -8 7 -7 8 -7 8 -5 9 -5 9 -5 9 0 0 -4 10 -3 10 -3 10 -2 11 -2 11 -2 11 -2 12 -2 12 -1 12 -1 12 -1 13 -1 13 -1 13 -1 12 -1 13 0 12 0 13 0 12 -1 12 -1 12 -1 12 -2 12 -1 11 0 11 0 11 0 11 0 0 0 0 0 0 0 0 0 0 ],1687784616.368204
CSI_DATA,STA,08:3A:F2:A8:E0:C1,-39,11,1,5,1,1,1,1,0,0,0,-95,1,1,1,25642066,0,110,0,0,25.8308,384,[110 96 6 0 0 0 0 0 0 0 0 0 -6 -23 -6 -22 -5 -22 -4 -21 -4 -20 -2 -20 -2 -19 -1 -18 -1 -18 -1 -17 -1 -17 -1 -16 -2 -15 -1 -15 -1 -14 -1 -13 -1 -12 -2 -11 -2 -11 -3 -11 -3 -11 -3 -10 -3 -9 -5 -9 -5 -9 -5 -9 0 0 -6 -8 -7 -8 -7 -8 -8 -7 -8 -8 -8 -8 -9 -8 -9 -8 -9 -8 -9 -7 -10 -7 -10 -8 -10 -7 -10 -8 -10 -8 -10 -7 -10 -7 -10 -7 -10 -7 -10 -7 -10 -7 -9 -7 -9 -7 -9 -6 -9 -7 -9 -6 0 0 0 0 0 0 0 0 0 0 ],1687784616.380353
CSI_DATA,STA,08:3A:F2:A8:E0:C1,-39,11,1,5,1,1,1,1,0,0,0,-95,1,1,1,25650645,0,110,0,0,25.8394,384,[110 96 6 0 0 0 0 0 0 0 0 0 -22 -6 -22 -7 -21 -7 -21 -8 -19 -8 -18 -9 -17 -8 -16 -8 -16 -9 -15 -8 -15 -8 -14 -8 -13 -8 -13 -8 -12 -7 -12 -6 -11 -6 -10 -5 -11 -5 -10 -4 -10 -4 -10 -3 -10 -3 -10 -2 -10 -1 -10 0 0 0 -10 0 -10 1 -10 1 -10 2 -11 2 -11 3 -11 3 -11 3 -11 3 -11 3 -11 4 -12 4 -11 4 -11 4 -11 3 -11 4 -11 4 -11 4 -11 4 -11 4 -11 3 -11 4 -11 3 -10 4 -10 3 -10 3 0 0 0 0 0 0 0 0 0 0 ],1687784616.388366
CSI_DATA,STA,08:3A:F2:A8:E0:C1,-38,11,1,4,1,1,1,1,0,0,0,-95,1,1,1,25662217,0,110,0,0,25.8509,384,[110 96 6 0 0 0 0 0 0 0 0 0 8 -22 9 -21 8 -20 10 -20 9 -18 9 -17 10 -16 9 -15 9 -15 9 -14 9 -14 9 -14 8 -13 8 -12 7 -11 7 -12 6 -10 6 -10 4 -10 5 -10 4 -10 3 -10 3 -10 1 -9 1 -10 1 -10 0 0 0 -10 -1 -11 -1 -11 -2 -11 -2 -11 -2 -12 -2 -12 -2 -12 -3 -11 -3 -11 -4 -12 -4 -12 -4 -12 -4 -11 -4 -12 -4 -12 -4 -12 -4 -11 -4 -11 -4 -11 -3 -12 -4 -11 -3 -11 -4 -11 -4 -11 -4 -9 0 0 0 0 0 0 0 0 0 0 ],1687784616.4002628
CSI_DATA,STA,08:3A:F2:A8:E0:C1,-38,11,1,4,1,1,1,1,0,0,0,-95,1,1,1,25671975,0,110,0,0,25.8607,384,[110 96 6 0 0 0 0 0 0 0 0 0 16 14 16 15 14 14 15 16 13 14 11 15 10 14 10 14 9 14 9 13 9 13 9 13 9 12 8 12 8 11 7 10 7 10 6 8 7 8 6 8 7 7 7 6 6 6 8 5 8 5 8 4 0 0 8 3 9 3 9 3 9 2 10 2 10 2 10 2 10 2 11 2 10 1 11 1 11 1 12 1 12 1 11 2 11 1 11 1 11 0 11 1 10 1 11 1 10 2 10 1 10 0 10 1 9 0 0 0 0 0 0 0 0 0 0 0 ],1687784616.409471
CSI_DATA,STA,08:3A:F2:A8:E0:C1,-39,11,1,5,1,1,1,1,0,0,0,-95,1,1,1,25680682,0,110,0,0,25.8694,384,[110 96 6 0 0 0 0 0 0 0 0 0 22 -4 22 -3 21 -2 21 -1 19 -1 19 0 17 0 17 0 17 1 15 1 15 1 15 1 14 1 14 1 13 1 12 0 12 0 10 -1 10 -1 10 -1 9 -1 9 -2 9 -2 8 -3 9 -4 8 -5 0 0 8 -5 7 -5 8 -6 7 -6 7 -7 8 -7 8 -7 7 -8 8 -8 7 -8 7 -9 8 -9 8 -9 8 -9 8 -8 7 -9 7 -9 7 -9 7 -9 7 -9 7 -8 7 -9 7 -8 6 -8 7 -8 6 -8 0 0 0 0 0 0 0 0 0 0 ],1687784616.4183471
CSI_DATA,STA,08:3A:F2:A8:E0:C1,-39,11,1,5,1,1,1,1,0,0,0,-95,1,1,1,25690708,0,110,0,0,25.8794,384,[110 96 6 0 0 0 0 0 0 0 0 0 21 13 20 13 20 13 19 14 18 13 16 14 14 13 14 12 13 13 13 12 12 12 12 12 12 11 11 10 10 10 10 9 9 8 9 7 9 7 9 6 9 6 9 5 9 5 9 4 10 3 10 2 0 0 10 1 10 1 11 0 11 0 11 0 12 0 12 0 12 -1 12 -1 12 -2 12 -2 12 -1 13 -2 12 -1 13 -1 12 -2 12 -2 12 -2 12 -1 11 -2 12 -2 12 -1 12 -2 11 -2 11 -2 10 -2 0 0 0 0 0 0 0 0 0 0 ],1687784616.428389
CSI_DATA,STA,08:3A:F2:A8:E0:C1,-39,11,1,5,1,1,1,1,0,0,0,-95,1,1,1,25700670,0,110,0,0,25.8894,384,[110 96 6 0 0 0 0 0 0 0 0 0 -15 18 -15 17 -14 16 -15 15 -14 14 -14 13 -14 12 -14 11 -14 11 -13 10 -13 9 -13 9 -12 8 -11 8 -11 8 -10 8 -9 8 -9 8 -8 8 -7 7 -7 7 -6 8 -6 8 -5 8 -5 8 -4 8 0 0 -3 9 -2 9 -2 9 -2 10 -1 10 -1 10 -1 11 -1 10 0 11 0 11 0 11 0 11 0 11 0 11 0 11 1 11 0 11 1 11 0 11 1 11 0 11 0 10 0 10 1 10 0 10 0 9 0 0 0 0 0 0 0 0 0 0 ],1687784616.438473
CSI_DATA,STA,08:3A:F2:A8:E0:C1,-38,11,1,4,1,1,1,1,0,0,0,-95,1,1,1,25714197,0,110,0,0,25.904,384,[110 96 6 0 0 0 0 0 0 0 0 0 -22 1 -22 0 -22 0 -21 -1 -20 -2 -19 -2 -18 -2 -17 -3 -17 -4 -16 -3 -16 -3 -15 -3 -15 -4 -14 -3 -14 -3 -13 -2 -12 -2 -11 -1 -11 -1 -11 -1 -10 -1 -10 0 -10 0 -10 1 -10 2 -9 3 0 0 -9 4 -9 4 -9 4 -9 5 -9 5 -9 5 -10 5 -9 5 -9 6 -9 6 -9 7 -9 7 -9 7 -9 7 -9 6 -9 7 -9 7 -8 7 -9 7 -9 6 -9 6 -9 6 -8 6 -8 6 -8 6 -8 6 0 0 0 0 0 0 0 0 0 0 ],1687784616.453469
CSI_DATA,STA,08:3A:F2:A8:E0:C1,-39,11,1,5,1,1,1,1,0,0,0,-95,1,1,1,25722241,0,110,0,0,25.9109,384,[110 96 6 0 0 0 0 0 0 0 0 0 19 10 18 11 18 11 17 12 16 12 14 11 13 11 12 11 12 11 12 10 11 10 11 10 11 9 11 9 10 8 9 7 9 7 8 6 9 6 8 5 8 5 8 4 8 4 8 3 9 2 9 1 0 0 9 1 9 0 10 -1 9 -1 10 -1 10 -1 11 -1 10 -2 11 -2 10 -2 10 -3 11 -2 11 -3 11 -3 11 -3 10 -3 11 -3 10 -3 11 -2 10 -2 10 -2 10 -2 10 -2 9 -3 10 -3 9 -3 0 0 0 0 0 0 0 0 0 0 ],1687784616.4594188
CSI_DATA,STA,08:3A:F2:A8:E0:C1,-38,11,1,4,1,1,1,1,0,0,0,-95,1,1,1,25732577,0,110,0,0,25.9213,384,[110 96 6 0 0 0 0 0 0 0 0 0 19 -13 18 -11 19 -11 19 -10 18 -9 17 -7 17 -7 16 -6 16 -6 16 -6 15 -5 14 -5 14 -4 13 -4 12 -4 13 -5 11 -4 10 -5 9 -5 9 -4 9 -5 8 -5 8 -6 7 -6 7 -7 6 -7 0 0 6 -8 5 -9 5 -9 5 -10 5 -9 5 -10 5 -10 5 -10 5 -11 4 -11 4 -11 4 -11 5 -11 4 -11 5 -12 4 -11 4 -12 3 -11 4 -11 3 -11 4 -11 4 -10 4 -11 3 -11 4 -10 3 -10 0 0 0 0 0 0 0 0 0 0 ],1687784616.4706812
CSI_DATA,STA,08:3A:F2:A8:E0:C1,-39,11,1,5,1,1,1,1,0,0,0,-95,1,1,1,25744075,0,110,0,0,25.9328,384,[110 96 6 0 0 0 0 0 0 0 0 0 -10 23 -10 22 -10 22 -11 21 -11 19 -11 18 -11 17 -12 16 -12 16 -11 15 -11 14 -10 13 -9 13 -9 13 -9 11 -8 11 -8 11 -7 11 -5 10 -5 10 -5 10 -4 10 -4 10 -3 9 -3 10 -2 10 0 0 -1 10 0 11 1 10 1 11 1 11 1 11 1 12 2 12 2 12 2 12 3 12 3 12 3 12 3 12 3 12 3 12 3 12 3 11 3 12 3 11 2 12 2 12 2 11 3 11 2 11 3 10 0 0 0 0 0 0 0 0 0 0 ],1687784616.481588
CSI_DATA,STA,08:3A:F2:A8:E0:C1,-38,11,1,4,1,1,1,1,0,0,0,-95,1,1,1,25752069,0,110,0,0,25.9407,384,[110 96 6 0 0 0 0 0 0 0 0 0 -25 -8 -24 -9 -24 -9 -24 -10 -22 -10 -19 -10 -18 -11 -17 -11 -16 -11 -16 -10 -16 -10 -16 -9 -15 -9 -15 -8 -14 -9 -14 -7 -13 -7 -12 -6 -12 -6 -11 -5 -11 -5 -11 -5 -11 -3 -12 -2 -12 -1 -12 0 0 0 -12 0 -12 1 -12 1 -12 2 -12 2 -12 2 -13 2 -13 2 -13 3 -13 4 -13 5 -13 4 -13 4 -13 4 -13 3 -13 4 -14 4 -12 4 -12 4 -12 3 -13 3 -13 3 -12 4 -11 5 -12 3 -11 3 0 0 0 0 0 0 0 0 0 0 ],1687784616.490397
CSI_DATA,STA,08:3A:F2:A8:E0:C1,-39,11,1,5,1,1,1,1,0,0,0,-95,1,1,1,25760782,0,110,0,0,25.9495,384,[110 96 6 0 0 0 0 0 0 0 0 0 -19 14 -19 12 -18 12 -19 11 -18 10 -17 9 -17 8 -16 7 -16 6 -15 6 -15 6 -15 6 -14 5 -13 5 -13 5 -12 5 -11 5 -10 5 -10 5 -9 5 -9 5 -8 5 -8 6 -7 6 -7 7 -6 7 0 0 -6 7 -5 8 -5 8 -5 8 -4 9 -5 9 -5 9 -5 10 -5 10 -4 10 -4 10 -4 10 -4 11 -4 11 -4 11 -4 11 -4 11 -4 10 -4 10 -4 10 -4 10 -4 10 -4 10 -3 9 -4 9 -3 9 0 0 0 0 0 0 0 0 0 0 ],1687784616.498542
CSI_DATA,STA,08:3A:F2:A8:E0:C1,-39,11,1,5,1,1,1,1,0,0,0,-95,1,1,1,25772486,0,110,0,0,25.9612,384,[110 96 6 0 0 0 0 0 0 0 0 0 18 -18 18 -17 17 -16 18 -15 17 -14 17 -13 17 -11 16 -11 16 -10 15 -9 15 -9 14 -9 13 -8 13 -8 12 -8 11 -8 11 -7 9 -8 9 -8 8 -8 8 -7 8 -8 7 -8 6 -8 6 -8 5 -9 0 0 5 -10 4 -10 3 -11 3 -11 3 -11 3 -12 3 -12 3 -12 3 -12 2 -13 2 -13 2 -13 2 -13 2 -13 2 -13 2 -13 2 -13 2 -14 2 -13 2 -13 3 -13 2 -12 3 -12 1 -12 2 -12 1 -11 0 0 0 0 0 0 0 0 0 0 ],1687784616.510307
CSI_DATA,STA,08:3A:F2:A8:E0:C1,-38,11,1,4,1,1,1,1,0,0,0,-95,1,1,1,25782040,0,110,0,0,25.9708,384,[110 96 6 0 0 0 0 0 0 0 0 0 18 -18 18 -17 18 -17 19 -15 18 -15 17 -13 17 -12 16 -12 17 -11 15 -10 16 -10 15 -10 14 -8 13 -8 12 -8 12 -9 11 -8 10 -8 9 -8 9 -7 8 -8 8 -8 7 -8 6 -9 6 -10 5 -10 0 0 5 -11 4 -11 3 -11 3 -12 3 -12 3 -12 3 -13 2 -13 2 -13 2 -13 2 -13 2 -13 2 -14 1 -13 2 -14 1 -13 2 -14 1 -13 2 -13 1 -13 2 -13 2 -13 2 -13 1 -12 2 -12 1 -12 0 0 0 0 0 0 0 0 0 0 ],1687784616.519569
CSI_DATA,STA,08:3A:F2:A8:E0:C1,-39,11,1,5,1,1,1,1,0,0,0,-95,1,1,1,25791569,0,110,0,0,25.9803,384,[110 96 6 0 0 0 0 0 0 0 0 0 8 24 7 23 7 23 6 23 5 21 3 21 2 20 1 19 2 18 1 18 2 17 1 17 2 16 2 15 1 14 2 13 1 13 2 11 3 11 3 11 3 11 3 10 4 9 5 9 6 9 6 8 0 0 6 7 7 7 8 7 8 7 9 7 9 7 9 7 9 7 10 7 10 6 10 6 10 7 10 7 10 6 10 6 11 6 11 6 11 6 10 6 10 6 10 7 9 6 10 6 10 5 9 5 9 5 0 0 0 0 0 0 0 0 0 0 ],1687784616.528598
CSI_DATA,STA,08:3A:F2:A8:E0:C1,-39,11,1,5,1,1,1,1,0,0,0,-95,1,1,1,25800671,0,110,0,0,25.9894,384,[110 96 6 0 0 0 0 0 0 0 0 0 -2 -26 -1 -25 -1 -24 0 -24 1 -22 2 -22 2 -21 3 -20 3 -19 2 -18 2 -18 2 -18 2 -17 2 -16 2 -15 1 -14 2 -14 1 -13 0 -13 0 -12 -1 -12 -1 -12 -2 -10 -3 -11 -3 -11 -3 -11 0 0 -5 -11 -5 -10 -6 -10 -6 -10 -6 -10 -7 -11 -7 -11 -8 -11 -8 -11 -8 -10 -9 -10 -8 -11 -9 -11 -9 -11 -8 -10 -9 -11 -9 -11 -9 -11 -8 -11 -8 -10 -8 -11 -8 -10 -8 -10 -8 -9 -8 -10 -7 -9 0 0 0 0 0 0 0 0 0 0 ],1687784616.5386062
CSI_DATA,STA,08:3A:F2:A8:E0:C1,-38,11,1,4,1,1,1,1,0,0,0,-95,1,1,1,25817435,0,110,0,0,26.0064,384,[110 96 6 0 0 0 0 0 0 0 0 0 16 -15 17 -15 16 -13 17 -13 15 -11 16 -11 15 -10 15 -9 15 -8 13 -8 14 -8 13 -8 12 -7 12 -7 11 -7 11 -7 10 -6 9 -6 8 -7 8 -7 7 -6 7 -7 6 -7 6 -8 6 -8 5 -9 0 0 4 -10 3 -9 3 -10 3 -10 3 -10 3 -11 3 -11 2 -11 2 -11 1 -11 1 -12 1 -12 2 -12 2 -12 2 -11 1 -12 1 -12 1 -12 1 -11 1 -11 2 -11 2 -11 1 -11 0 -11 1 -10 0 -10 0 0 0 0 0 0 0 0 0 0 ],1687784616.5555131
CSI_DATA,STA,08:3A:F2:A8:E0:C1,-39,11,1,5,1,1,1,1,0,0,0,-95,1,1,1,25824875,0,110,0,0,26.0135,384,[110 96 6 0 0 0 0 0 0 0 0 0 -21 14 -20 13 -21 12 -20 10 -20 10 -19 9 -19 8 -18 7 -18 7 -18 6 -17 6 -17 5 -15 5 -15 5 -14 4 -14 5 -12 5 -12 5 -11 5 -11 5 -10 5 -10 5 -9 6 -8 7 -8 7 -7 7 0 0 -7 8 -6 9 -6 9 -6 10 -6 10 -5 10 -6 10 -6 11 -5 11 -5 11 -5 12 -6 12 -5 12 -5 12 -5 12 -4 11 -5 12 -5 11 -5 11 -5 11 -6 10 -5 11 -5 11 -4 10 -5 10 -4 10 0 0 0 0 0 0 0 0 0 0 ],1687784616.5624619
CSI_DATA,STA,08:3A:F2:A8:E0:C1,-38,11,1,4,1,1,1,1,0,0,0,-95,1,1,1,25834266,0,110,0,0,26.0229,384,[110 96 6 0 0 0 0 0 0 0 0 0 -21 10 -20 9 -21 9 -20 7 -20 7 -18 5 -18 4 -17 3 -17 4 -17 3 -16 3 -16 3 -15 3 -14 2 -13 2 -14 3 -11 3 -12 3 -11 3 -11 3 -10 3 -10 3 -9 4 -8 5 -9 5 -8 6 0 0 -8 6 -7 7 -7 7 -7 8 -7 8 -7 8 -7 9 -7 9 -7 9 -7 9 -6 10 -7 9 -6 10 -6 9 -7 10 -6 10 -7 10 -6 9 -6 9 -6 8 -6 9 -7 8 -6 9 -5 9 -6 8 -6 8 0 0 0 0 0 0 0 0 0 0 ],1687784616.571424
CSI_DATA,STA,08:3A:F2:A8:E0:C1,-39,11,1,5,1,1,1,1,0,0,0,-95,1,1,1,25840948,0,110,0,0,26.0296,384,[110 96 6 0 0 0 0 0 0 0 0 0 -21 -3 -20 -4 -20 -5 -19 -5 -18 -6 -17 -5 -16 -6 -15 -6 -15 -6 -14 -6 -14 -6 -13 -6 -12 -6 -12 -5 -11 -6 -11 -4 -10 -4 -10 -3 -10 -3 -10 -3 -9 -3 -9 -2 -9 -1 -9 -1 -9 -1 -9 0 0 0 -9 1 -9 2 -9 2 -9 3 -9 3 -9 3 -10 3 -9 3 -9 4 -10 4 -10 4 -9 4 -10 4 -10 4 -10 4 -9 5 -10 4 -9 4 -9 4 -9 4 -9 4 -9 4 -9 4 -8 4 -8 3 -8 4 0 0 0 0 0 0 0 0 0 0 ],1687784616.578324
CSI_DATA,STA,08:3A:F2:A8:E0:C1,-39,11,1,5,1,1,1,1,0,0,0,-95,1,1,1,25852316,0,110,0,0,26.0411,384,[110 96 6 0 0 0 0 0 0 0 0 0 -15 17 -15 16 -15 15 -15 14 -15 13 -14 13 -14 12 -14 10 -14 11 -14 9 -14 9 -13 8 -12 8 -12 8 -11 7 -10 8 -10 7 -9 7 -8 7 -8 7 -7 7 -6 7 -6 7 -5 7 -5 7 -5 8 0 0 -4 8 -3 9 -3 9 -3 9 -3 9 -2 10 -2 10 -2 10 -2 10 -2 11 -2 11 -2 11 -2 11 -2 11 -2 11 -1 11 -1 11 -1 11 -1 11 -1 10 -2 11 -2 10 -2 10 -1 10 -1 10 -1 9 0 0 0 0 0 0 0 0 0 0 ],1687784616.590417
CSI_DATA,STA,08:3A:F2:A8:E0:C1,-38,11,1,4,1,1,1,1,0,0,0,-95,1,1,1,25862241,0,110,0,0,26.051,384,[110 96 6 0 0 0 0 0 0 0 0 0 -26 5 -25 4 -25 4 -25 2 -24 2 -21 1 -21 0 -20 -1 -20 -1 -19 -1 -19 0 -18 -1 -17 -1 -16 0 -15 -1 -16 1 -14 0 -13 0 -12 1 -12 1 -12 1 -11 2 -11 2 -10 3 -11 4 -10 5 0 0 -10 6 -9 7 -8 7 -9 8 -9 8 -9 8 -10 9 -9 9 -9 9 -8 10 -8 10 -9 10 -9 10 -8 10 -9 10 -8 10 -9 11 -7 10 -8 10 -7 10 -8 9 -8 10 -8 9 -7 10 -7 9 -7 9 0 0 0 0 0 0 0 0 0 0 ],1687784616.600343
CSI_DATA,STA,08:3A:F2:A8:E0:C1,-39,11,1,5,1,1,1,1,0,0,0,-95,1,1,1,25870872,0,110,0,0,26.0596,384,[110 96 6 0 0 0 0 0 0 0 0 0 1 -26 2 -25 2 -24 4 -23 4 -22 4 -21 5 -20 5 -19 5 -19 5 -18 6 -18 5 -17 4 -16 4 -15 4 -14 4 -14 3 -13 3 -13 1 -12 2 -12 1 -11 0 -11 0 -11 -1 -11 -1 -11 -2 -11 0 0 -3 -11 -4 -11 -4 -11 -5 -11 -5 -11 -5 -12 -6 -12 -6 -12 -6 -11 -7 -12 -7 -11 -6 -12 -7 -12 -7 -12 -7 -12 -7 -11 -7 -12 -7 -12 -6 -11 -7 -11 -6 -12 -6 -11 -6 -11 -7 -11 -6 -11 -6 -10 0 0 0 0 0 0 0 0 0 0 ],1687784616.6093178
CSI_DATA,STA,08:3A:F2:A8:E0:C1,-38,11,1,4,1,1,1,1,0,0,0,-95,1,1,1,25884033,0,110,0,0,26.0728,384,[110 96 6 0 0 0 0 0 0 0 0 0 -19 -14 -18 -14 -18 -14 -17 -15 -16 -14 -14 -14 -13 -14 -12 -14 -11 -14 -11 -13 -11 -13 -11 -12 -11 -12 -10 -11 -9 -11 -9 -10 -8 -9 -8 -9 -9 -8 -8 -8 -8 -7 -8 -7 -8 -5 -9 -5 -10 -5 -9 -4 0 0 -10 -3 -10 -3 -10 -3 -11 -2 -11 -2 -12 -2 -12 -2 -12 -2 -12 -2 -12 -1 -12 0 -12 0 -12 0 -12 0 -12 -1 -12 0 -13 0 -12 0 -12 0 -11 -1 -11 -1 -12 -1 -11 0 -11 0 -11 -1 -10 0 0 0 0 0 0 0 0 0 0 0 ],1687784616.6224
CSI_DATA,STA,08:3A:F2:A8:E0:C1,-38,11,1,4,1,1,1,1,0,0,0,-95,1,1,1,25893992,0,110,0,0,26.0826,384,[110 96 6 0 0 0 0 0 0 0 0 0 0 -27 1 -25 1 -25 2 -24 3 -23 3 -22 4 -21 5 -20 5 -19 4 -18 5 -19 4 -18 4 -16 4 -16 3 -14 3 -15 3 -14 2 -14 1 -12 1 -12 1 -12 0 -12 0 -11 -2 -11 -2 -12 -2 -11 0 0 -4 -11 -5 -11 -5 -11 -6 -11 -6 -11 -6 -12 -6 -12 -6 -12 -7 -11 -7 -11 -8 -12 -7 -12 -7 -12 -7 -11 -7 -12 -8 -11 -8 -12 -8 -11 -7 -11 -7 -10 -7 -11 -7 -11 -7 -11 -8 -11 -7 -10 -6 -10 0 0 0 0 0 0 0 0 0 0 ],1687784616.6318111
CSI_DATA,STA,08:3A:F2:A8:E0:C1,-39,11,1,5,1,1,1,1,0,0,0,-95,1,1,1,25902465,0,110,0,0,26.0911,384,[110 96 6 0 0 0 0 0 0 0 0 0 -22 8 -21 7 -21 7 -21 5 -20 5 -19 4 -18 3 -17 3 -17 2 -16 2 -16 2 -16 2 -15 2 -14 1 -14 1 -13 2 -12 2 -11 2 -11 2 -11 2 -10 2 -10 3 -9 3 -9 4 -8 4 -8 5 0 0 -8 6 -7 6 -7 6 -7 7 -7 8 -7 7 -8 8 -7 8 -7 8 -7 9 -7 9 -7 9 -7 9 -6 9 -7 9 -6 9 -7 9 -7 9 -7 9 -6 8 -7 8 -7 8 -7 8 -6 8 -6 8 -6 8 0 0 0 0 0 0 0 0 0 0 ],1687784616.6403751
CSI_DATA,STA,08:3A:F2:A8:E0:C1,-39,11,1,5,1,1,1,1,0,0,0,-95,1,1,1,25912422,0,110,0,0,26.1012,384,[110 96 6 0 0 0 0 0 0 0 0 0 -21 -15 -19 -15 -19 -15 -18 -15 -18 -15 -15 -15 -15 -15 -14 -14 -13 -14 -12 -14 -12 -14 -11 -13 -12 -13 -11 -12 -11 -11 -10 -10 -9 -10 -9 -9 -10 -8 -10 -8 -10 -7 -10 -6 -10 -5 -10 -5 -10 -5 -10 -3 0 0 -11 -3 -11 -2 -11 -2 -12 -1 -12 -1 -12 -1 -13 -1 -13 -1 -13 0 -13 0 -13 0 -13 0 -13 0 -13 1 -13 0 -13 1 -13 1 -13 1 -13 1 -13 1 -13 0 -13 0 -13 1 -12 1 -12 0 -11 1 0 0 0 0 0 0 0 0 0 0 ],1687784616.650421
CSI_DATA,STA,08:3A:F2:A8:E0:C1,-39,11,1,5,1,1,1,1,0,0,0,-95,1,1,1,25921010,0,110,0,0,26.1099,384,[110 96 6 0 0 0 0 0 0 0 0 0 24 -5 24 -4 23 -3 23 -2 21 -1 21 -1 20 0 19 0 18 0 17 1 17 1 16 1 15 1 15 1 14 1 13 0 13 0 11 -1 12 -1 11 -2 10 -2 10 -2 10 -3 9 -4 9 -4 9 -5 0 0 9 -6 8 -6 8 -7 8 -7 9 -7 8 -8 8 -8 8 -9 8 -9 8 -9 8 -9 9 -9 9 -9 9 -9 8 -9 8 -10 8 -10 8 -10 8 -9 8 -9 8 -9 8 -9 8 -9 8 -9 7 -8 7 -8 0 0 0 0 0 0 0 0 0 0 ],1687784616.658411
CSI_DATA,STA,08:3A:F2:A8:E0:C1,-39,11,1,5,1,1,1,1,0,0,0,-95,1,1,1,25929954,0,110,0,0,26.1187,384,[110 96 6 0 0 0 0 0 0 0 0 0 -5 -28 -3 -28 -3 -26 -2 -27 -1 -24 0 -25 1 -23 1 -22 2 -21 1 -20 1 -20 1 -20 0 -18 0 -17 1 -17 0 -16 0 -15 0 -14 -1 -14 -2 -13 -2 -12 -2 -12 -3 -12 -5 -12 -5 -12 -5 -11 0 0 -6 -11 -7 -11 -8 -11 -8 -10 -9 -10 -9 -11 -9 -11 -10 -11 -9 -11 -10 -10 -11 -10 -11 -11 -11 -11 -11 -11 -10 -11 -11 -11 -11 -11 -11 -11 -10 -11 -10 -10 -10 -11 -10 -11 -10 -10 -10 -9 -10 -10 -10 -9 0 0 0 0 0 0 0 0 0 0 ],1687784616.668319
CSI_DATA,STA,08:3A:F2:A8:E0:C1,-39,11,1,5,1,1,1,1,0,0,0,-95,1,1,1,25939808,0,110,0,0,26.1285,384,[110 96 6 0 0 0 0 0 0 0 0 0 -5 -26 -4 -26 -4 -23 -3 -25 -2 -22 -1 -23 0 -21 0 -20 1 -20 0 -18 1 -18 1 -18 0 -16 0 -16 0 -15 0 -14 -1 -14 -1 -13 -2 -13 -2 -12 -2 -11 -3 -11 -3 -10 -4 -11 -4 -11 -5 -10 0 0 -6 -10 -7 -9 -8 -9 -8 -8 -9 -10 -8 -10 -9 -10 -9 -9 -9 -9 -9 -9 -10 -9 -10 -9 -10 -9 -10 -9 -10 -9 -10 -9 -10 -9 -10 -9 -10 -9 -10 -9 -9 -9 -10 -9 -9 -8 -10 -8 -9 -8 -9 -8 0 0 0 0 0 0 0 0 0 0 ],1687784616.678245
CSI_DATA,STA,08:3A:F2:A8:E0:C1,-38,11,1,4,1,1,1,1,0,0,0,-95,1,1,1,25951322,0,110,0,0,26.1401,384,[110 96 6 0 0 0 0 0 0 0 0 0 0 22 -1 22 0 21 -1 21 -2 20 -3 18 -4 18 -4 17 -4 17 -4 15 -4 16 -4 15 -3 14 -3 13 -3 13 -3 13 -3 11 -2 11 -1 10 -1 10 -1 10 0 9 0 9 1 9 2 9 2 8 0 0 3 9 4 8 4 8 5 8 5 9 5 9 5 9 6 9 6 9 6 8 7 8 7 9 7 9 7 9 7 9 7 9 7 9 7 8 7 8 6 8 6 8 6 9 6 8 7 7 6 8 6 7 0 0 0 0 0 0 0 0 0 0 ],1687784616.68867
CSI_DATA,STA,08:3A:F2:A8:E0:C1,-38,11,1,4,1,1,1,1,0,0,0,-95,1,1,1,25961186,0,110,0,0,26.1499,384,[110 96 6 0 0 0 0 0 0 0 0 0 -26 3 -25 2 -25 2 -25 0 -23 -1 -22 -1 -21 -2 -20 -2 -20 -3 -19 -3 -19 -2 -18 -2 -17 -2 -16 -2 -15 -3 -15 -1 -14 -1 -13 -1 -13 -1 -12 0 -12 0 -11 0 -11 1 -11 2 -11 3 -11 4 0 0 -11 4 -10 5 -10 6 -10 6 -10 6 -10 7 -11 7 -10 7 -10 8 -10 8 -10 9 -10 9 -10 9 -10 9 -10 8 -10 9 -10 9 -9 9 -10 8 -9 8 -10 8 -10 8 -9 8 -9 8 -9 7 -8 8 0 0 0 0 0 0 0 0 0 0 ],1687784616.699358
CSI_DATA,STA,08:3A:F2:A8:E0:C1,-38,11,1,4,1,1,1,1,0,0,0,-95,1,1,1,25969719,0,110,0,0,26.1584,384,[110 96 6 0 0 0 0 0 0 0 0 0 21 -9 20 -8 21 -8 21 -6 20 -6 18 -5 18 -4 17 -3 17 -3 16 -3 16 -3 15 -4 14 -3 14 -3 13 -2 13 -3 11 -3 11 -3 10 -3 10 -3 9 -3 9 -4 8 -5 8 -5 8 -6 7 -7 0 0 7 -8 7 -8 6 -8 6 -9 6 -8 6 -10 6 -9 6 -10 6 -10 5 -10 5 -11 5 -10 6 -11 5 -11 6 -11 5 -11 6 -12 4 -11 5 -10 4 -10 5 -10 5 -10 5 -10 4 -10 4 -10 4 -9 0 0 0 0 0 0 0 0 0 0 ],1687784616.707482
CSI_DATA,STA,08:3A:F2:A8:E0:C1,-38,11,1,4,1,1,1,1,0,0,0,-95,1,1,1,25981518,0,110,0,0,26.1703,384,[110 96 6 0 0 0 0 0 0 0 0 0 22 2 22 3 21 3 22 5 19 4 18 5 17 5 16 5 16 5 15 5 15 4 14 4 14 5 14 4 13 4 12 3 11 3 10 2 11 2 10 2 10 1 10 0 9 0 9 -1 9 -1 9 -2 0 0 9 -3 9 -4 9 -4 8 -5 9 -5 9 -5 10 -5 9 -6 10 -6 8 -6 9 -7 9 -7 9 -7 10 -7 9 -7 9 -7 9 -7 9 -7 9 -7 8 -7 9 -7 8 -6 8 -7 8 -8 8 -6 7 -7 0 0 0 0 0 0 0 0 0 0 ],1687784616.71941
CSI_DATA,STA,08:3A:F2:A8:E0:C1,-38,11,1,4,1,1,1,1,0,0,0,-95,1,1,1,25989781,0,110,0,0,26.1785,384,[110 96 6 0 0 0 0 0 0 0 0 0 -10 21 -10 20 -10 20 -10 19 -11 17 -11 16 -11 15 -11 14 -11 14 -10 13 -11 13 -10 13 -9 12 -9 11 -8 11 -8 11 -7 10 -7 9 -5 9 -5 9 -5 9 -4 9 -4 9 -3 9 -3 9 -2 9 0 0 -1 9 0 10 1 10 1 10 1 10 1 10 1 10 1 10 2 11 2 10 3 11 2 11 3 11 3 11 2 11 3 11 3 11 3 10 3 10 3 10 3 10 2 10 2 10 3 9 2 10 3 9 0 0 0 0 0 0 0 0 0 0 ],1687784616.727422
CSI_DATA,STA,08:3A:F2:A8:E0:C1,-38,11,1,4,1,1,1,1,0,0,0,-95,1,1,1,26001207,0,110,0,0,26.19,384,[110 96 6 0 0 0 0 0 0 0 0 0 -23 7 -22 6 -22 5 -22 4 -21 4 -19 3 -19 2 -18 1 -18 1 -17 0 -17 1 -16 1 -15 0 -15 0 -14 0 -14 1 -13 1 -12 1 -11 1 -11 2 -11 1 -10 2 -10 2 -9 3 -10 4 -9 5 0 0 -9 5 -8 6 -8 6 -8 7 -8 7 -8 8 -8 8 -8 8 -8 8 -7 8 -7 9 -8 8 -8 9 -7 9 -8 9 -7 9 -8 9 -6 9 -6 8 -6 8 -7 8 -7 8 -7 8 -6 8 -7 8 -6 7 0 0 0 0 0 0 0 0 0 0 ],1687784616.739317
CSI_DATA,STA,08:3A:F2:A8:E0:C1,-38,11,1,4,1,1,1,1,0,0,0,-95,1,1,1,26011298,0,110,0,0,26.2,384,[110 96 6 0 0 0 0 0 0 0 0 0 -22 13 -23 11 -22 10 -23 10 -22 8 -21 8 -20 7 -19 6 -19 5 -18 4 -18 5 -18 5 -17 4 -16 4 -15 4 -14 5 -13 4 -12 4 -12 4 -11 4 -11 4 -10 5 -10 5 -9 6 -9 7 -8 8 0 0 -8 8 -7 8 -7 9 -6 9 -7 10 -6 10 -7 11 -6 11 -6 11 -5 11 -5 12 -6 12 -6 12 -6 12 -6 11 -5 12 -5 12 -5 12 -5 11 -5 11 -5 11 -5 11 -5 10 -4 11 -5 10 -5 10 0 0 0 0 0 0 0 0 0 0 ],1687784616.7494268
CSI_DATA,STA,08:3A:F2:A8:E0:C1,-38,11,1,4,1,1,1,1,0,0,0,-95,1,1,1,26020820,0,110,0,0,26.2102,384,[110 96 6 0 0 0 0 0 0 0 0 0 -1 -23 0 -22 0 -22 1 -22 1 -20 2 -19 3 -19 3 -17 3 -17 3 -16 3 -16 3 -16 3 -15 2 -14 2 -13 2 -13 2 -12 1 -11 0 -11 0 -11 0 -10 -1 -10 -1 -10 -2 -10 -2 -10 -3 -10 0 0 -4 -9 -5 -9 -5 -9 -6 -9 -6 -9 -6 -9 -6 -10 -7 -9 -7 -9 -7 -9 -8 -9 -7 -10 -8 -10 -8 -9 -8 -9 -8 -9 -8 -10 -8 -9 -8 -9 -8 -8 -7 -9 -7 -9 -7 -9 -8 -8 -7 -8 -7 -8 0 0 0 0 0 0 0 0 0 0 ],1687784616.759493
